1 
100
30 0.25 15.25 
1.110e+03 	  0 	   0 	   0 	  0 	   0 	   0 	  0 	   0 	   0 	  0 	   0 	   0 	  0 	   0 	   0 	  0 	   0 	   0 	  0 	   0 	   0 	  0 	   0 	   0 	  0 	   0 	   0 	  0 	   0 	   0 	  0 	   0 	   0 	  0 	   0 	   0 	  0 	   0 	   0 	  0 	   0 	   0 	  0 	   0 	   0 	  0 	   0 	   0 	  0 	   0 	   0 	  0 	   0 	   0 	  0 	   0 	   0 	  0 	   0 	   0 	  0 	   0 	   0 	  0 	   0 	   0 	  0 	   0 	   0 	  0 	   0 	   0 	  0 	   0 	   0 	  0 	   0 	   0 	  0 	   0 	   0 	  0 	   0 	   0 	  0 	   0 	   0 	  0 	   0 	   0 	
1.330e+03 	  0 	   0 	   0 	  0 	   0 	   0 	  0 	   0 	   0 	  0 	   0 	   0 	  0 	   0 	   0 	  0 	   0 	   0 	  0 	   0 	   0 	  0 	   0 	   0 	  0 	   0 	   0 	  0 	   0 	   0 	  0 	   0 	   0 	  0 	   0 	   0 	  0 	   0 	   0 	  0 	   0 	   0 	  0 	   0 	   0 	  0 	   0 	   0 	  0 	   0 	   0 	  0 	   0 	   0 	  0 	   0 	   0 	  0 	   0 	   0 	  0 	   0 	   0 	  0 	   0 	   0 	  0 	   0 	   0 	  0 	   0 	   0 	  0 	   0 	   0 	  0 	   0 	   0 	  0 	   0 	   0 	  0 	   0 	   0 	  0 	   0 	   0 	  0 	   0 	   0 	
1.550e+03 	1.513e-32 	   0 	   0 	8.5551e-20 	   0 	   0 	  0 	   0 	   0 	  0 	   0 	   0 	  0 	   0 	   0 	  0 	   0 	   0 	  0 	   0 	   0 	  0 	   0 	   0 	  0 	   0 	   0 	  0 	   0 	   0 	  0 	   0 	   0 	  0 	   0 	   0 	  0 	   0 	   0 	  0 	   0 	   0 	  0 	   0 	   0 	  0 	   0 	   0 	  0 	   0 	   0 	  0 	   0 	   0 	  0 	   0 	   0 	  0 	   0 	   0 	  0 	   0 	   0 	  0 	   0 	   0 	  0 	   0 	   0 	  0 	   0 	   0 	  0 	   0 	   0 	  0 	   0 	   0 	  0 	   0 	   0 	  0 	   0 	   0 	  0 	   0 	   0 	  0 	   0 	   0 	
1.770e+03 	1.9518e-17 	   0 	   0 	2.0244e-55 	   0 	   0 	  0 	   0 	   0 	  0 	   0 	   0 	  0 	   0 	   0 	  0 	   0 	   0 	  0 	   0 	   0 	  0 	   0 	   0 	  0 	   0 	   0 	  0 	   0 	   0 	  0 	   0 	   0 	  0 	   0 	   0 	  0 	   0 	   0 	  0 	   0 	   0 	  0 	   0 	   0 	  0 	   0 	   0 	  0 	   0 	   0 	  0 	   0 	   0 	  0 	   0 	   0 	  0 	   0 	   0 	  0 	   0 	   0 	  0 	   0 	   0 	  0 	   0 	   0 	  0 	   0 	   0 	  0 	   0 	   0 	  0 	   0 	   0 	  0 	   0 	   0 	  0 	   0 	   0 	  0 	   0 	   0 	  0 	   0 	   0 	
1.990e+03 	1.2693e-16 	   0 	   0 	  0 	   0 	   0 	2.0898e-81 	   0 	   0 	  0 	   0 	   0 	  0 	   0 	   0 	  0 	   0 	   0 	  0 	   0 	   0 	  0 	   0 	   0 	  0 	   0 	   0 	  0 	   0 	   0 	  0 	   0 	   0 	  0 	   0 	   0 	  0 	   0 	   0 	  0 	   0 	   0 	  0 	   0 	   0 	  0 	   0 	   0 	  0 	   0 	   0 	  0 	   0 	   0 	  0 	   0 	   0 	  0 	   0 	   0 	  0 	   0 	   0 	  0 	   0 	   0 	  0 	   0 	   0 	  0 	   0 	   0 	  0 	   0 	   0 	  0 	   0 	   0 	  0 	   0 	   0 	  0 	   0 	   0 	  0 	   0 	   0 	  0 	   0 	   0 	
2.210e+03 	2.7185e-17 	   0 	   0 	9.2221e-18 	   0 	   0 	  0 	   0 	   0 	  0 	   0 	   0 	  0 	   0 	   0 	  0 	   0 	   0 	  0 	   0 	   0 	  0 	   0 	   0 	  0 	   0 	   0 	  0 	   0 	   0 	  0 	   0 	   0 	  0 	   0 	   0 	  0 	   0 	   0 	  0 	   0 	   0 	  0 	   0 	   0 	  0 	   0 	   0 	  0 	   0 	   0 	  0 	   0 	   0 	  0 	   0 	   0 	  0 	   0 	   0 	  0 	   0 	   0 	  0 	   0 	   0 	  0 	   0 	   0 	  0 	   0 	   0 	  0 	   0 	   0 	  0 	   0 	   0 	  0 	   0 	   0 	  0 	   0 	   0 	  0 	   0 	   0 	  0 	   0 	   0 	
2.430e+03 	4.0435e-18 	   0 	   0 	  0 	   0 	   0 	1.65e-15 	   0 	   0 	  0 	   0 	   0 	  0 	   0 	   0 	  0 	   0 	   0 	  0 	   0 	   0 	  0 	   0 	   0 	  0 	   0 	   0 	  0 	   0 	   0 	  0 	   0 	   0 	  0 	   0 	   0 	  0 	   0 	   0 	  0 	   0 	   0 	  0 	   0 	   0 	  0 	   0 	   0 	  0 	   0 	   0 	  0 	   0 	   0 	  0 	   0 	   0 	  0 	   0 	   0 	  0 	   0 	   0 	  0 	   0 	   0 	  0 	   0 	   0 	  0 	   0 	   0 	  0 	   0 	   0 	  0 	   0 	   0 	  0 	   0 	   0 	  0 	   0 	   0 	  0 	   0 	   0 	  0 	   0 	   0 	
2.650e+03 	1.8912e-17 	   0 	   0 	1.5382e-13 	   0 	   0 	  0 	   0 	   0 	  0 	   0 	   0 	1.7477e-14 	   0 	   0 	6.8628e-18 	   0 	   0 	3.101e-14 	   0 	   0 	2.1212e-77 	   0 	   0 	  0 	   0 	   0 	  0 	   0 	   0 	  0 	   0 	   0 	  0 	   0 	   0 	  0 	   0 	   0 	  0 	   0 	   0 	  0 	   0 	   0 	  0 	   0 	   0 	  0 	   0 	   0 	  0 	   0 	   0 	  0 	   0 	   0 	  0 	   0 	   0 	  0 	   0 	   0 	  0 	   0 	   0 	  0 	   0 	   0 	  0 	   0 	   0 	  0 	   0 	   0 	  0 	   0 	   0 	  0 	   0 	   0 	  0 	   0 	   0 	  0 	   0 	   0 	  0 	   0 	   0 	
2.870e+03 	1.496e-14 	   0 	   0 	2.5795e-17 	   0 	   0 	3.5104e-17 	   0 	   0 	8.9346e-19 	   0 	   0 	  0 	   0 	   0 	  0 	   0 	   0 	  0 	   0 	   0 	  0 	   0 	   0 	  0 	   0 	   0 	  0 	   0 	   0 	  0 	   0 	   0 	2.083e-14 	   0 	   0 	  0 	   0 	   0 	  0 	   0 	   0 	  0 	   0 	   0 	  0 	   0 	   0 	  0 	   0 	   0 	  0 	   0 	   0 	  0 	   0 	   0 	  0 	   0 	   0 	  0 	   0 	   0 	  0 	   0 	   0 	  0 	   0 	   0 	  0 	   0 	   0 	  0 	   0 	   0 	  0 	   0 	   0 	  0 	   0 	   0 	  0 	   0 	   0 	  0 	   0 	   0 	  0 	   0 	   0 	
3.090e+03 	7.552e-17 	   0 	   0 	1.0941e-14 	   0 	   0 	1.4581e-14 	   0 	   0 	9.3322e-14 	   0 	   0 	  0 	   0 	   0 	  0 	   0 	   0 	4.2517e-14 	   0 	   0 	  0 	   0 	   0 	  0 	   0 	   0 	2.6524e-18 	   0 	   0 	  0 	   0 	   0 	  0 	   0 	   0 	  0 	   0 	   0 	2.8173e-100 	   0 	   0 	  0 	   0 	   0 	  0 	   0 	   0 	  0 	   0 	   0 	  0 	   0 	   0 	1.0705e-14 	   0 	   0 	  0 	   0 	   0 	1.0161e-14 	   0 	   0 	  0 	   0 	   0 	  0 	   0 	   0 	  0 	   0 	   0 	  0 	   0 	   0 	  0 	   0 	   0 	  0 	   0 	   0 	  0 	   0 	   0 	  0 	   0 	   0 	  0 	   0 	   0 	
3.310e+03 	1.2209e-14 	   0 	   0 	2.1641e-17 	   0 	   0 	8.0309e-18 	   0 	   0 	7.9082e-14 	   0 	   0 	6.9761e-18 	   0 	   0 	3.094e-16 	   0 	   0 	2.1643e-15 	   0 	   0 	  0 	   0 	   0 	  0 	   0 	   0 	  0 	   0 	   0 	4.0259e-29 	   0 	   0 	  0 	   0 	   0 	  0 	   0 	   0 	  0 	   0 	   0 	  0 	   0 	   0 	  0 	   0 	   0 	  0 	   0 	   0 	  0 	   0 	   0 	  0 	   0 	   0 	  0 	   0 	   0 	  0 	   0 	   0 	  0 	   0 	   0 	  0 	   0 	   0 	  0 	   0 	   0 	  0 	   0 	   0 	  0 	   0 	   0 	  0 	   0 	   0 	  0 	   0 	   0 	  0 	   0 	   0 	  0 	   0 	   0 	
3.530e+03 	9.9568e-17 	   0 	   0 	5.8403e-18 	   0 	   0 	9.0434e-14 	   0 	   0 	6.4831e-18 	   0 	   0 	5.6612e-14 	   0 	   0 	4.8005e-14 	   0 	   0 	3.3323e-19 	   0 	   0 	2.8367e-18 	   0 	   0 	  0 	   0 	   0 	5.6967e-122 	   0 	   0 	3.7886e-19 	   0 	   0 	  0 	   0 	   0 	5.866e-19 	   0 	   0 	1.6423e-92 	   0 	   0 	  0 	   0 	   0 	  0 	   0 	   0 	  0 	   0 	   0 	  0 	   0 	   0 	  0 	   0 	   0 	  0 	   0 	   0 	  0 	   0 	   0 	  0 	   0 	   0 	  0 	   0 	   0 	  0 	   0 	   0 	  0 	   0 	   0 	  0 	   0 	   0 	  0 	   0 	   0 	  0 	   0 	   0 	  0 	   0 	   0 	  0 	   0 	   0 	
3.750e+03 	1.6134e-13 	   0 	   0 	1.7189e-15 	   0 	   0 	9.5183e-14 	   0 	   0 	3.3989e-16 	   0 	   0 	3.4088e-18 	   0 	   0 	3.4062e-14 	   0 	   0 	1.9344e-16 	   0 	   0 	2.9298e-151 	   0 	   0 	6.2917e-130 	   0 	   0 	  0 	   0 	   0 	6.2833e-90 	   0 	   0 	  0 	   0 	   0 	1.7925e-14 	   0 	   0 	6.4468e-19 	   0 	   0 	  0 	   0 	   0 	  0 	   0 	   0 	  0 	   0 	   0 	  0 	   0 	   0 	  0 	   0 	   0 	  0 	   0 	   0 	  0 	   0 	   0 	  0 	   0 	   0 	  0 	   0 	   0 	  0 	   0 	   0 	  0 	   0 	   0 	  0 	   0 	   0 	  0 	   0 	   0 	  0 	   0 	   0 	  0 	   0 	   0 	  0 	   0 	   0 	
3.970e+03 	1.9449e-17 	   0 	   0 	1.1691e-13 	   0 	   0 	1.0972e-13 	   0 	   0 	6.8148e-18 	   0 	   0 	2.0661e-18 	   0 	   0 	3.2915e-15 	   0 	   0 	1.2198e-18 	   0 	   0 	3.2882e-14 	   0 	   0 	  0 	   0 	   0 	7.3748e-19 	   0 	   0 	2.3037e-14 	   0 	   0 	  0 	   0 	   0 	1.8249e-69 	   0 	   0 	  0 	   0 	   0 	  0 	   0 	   0 	6.2561e-19 	   0 	   0 	2.0316e-19 	   0 	   0 	  0 	   0 	   0 	  0 	   0 	   0 	  0 	   0 	   0 	  0 	   0 	   0 	  0 	   0 	   0 	  0 	   0 	   0 	  0 	   0 	   0 	  0 	   0 	   0 	  0 	   0 	   0 	  0 	   0 	   0 	  0 	   0 	   0 	  0 	   0 	   0 	  0 	   0 	   0 	
4.190e+03 	1.7305e-17 	   0 	   0 	1.3264e-17 	   0 	   0 	2.8329e-18 	   0 	   0 	6.5406e-15 	   0 	   0 	6.4512e-18 	   0 	   0 	1.6506e-14 	   0 	   0 	8.0574e-14 	   0 	   0 	2.1504e-100 	   0 	   0 	2.9531e-96 	   0 	   0 	1.2806e-18 	   0 	   0 	1.6708e-14 	   0 	   0 	1.9479e-14 	   0 	   0 	  0 	   0 	   0 	  0 	   0 	   0 	  0 	   0 	   0 	  0 	   0 	   0 	  0 	   0 	   0 	  0 	   0 	   0 	  0 	   0 	   0 	  0 	   0 	   0 	  0 	   0 	   0 	  0 	   0 	   0 	  0 	   0 	   0 	  0 	   0 	   0 	  0 	   0 	   0 	  0 	   0 	   0 	  0 	   0 	   0 	  0 	   0 	   0 	  0 	   0 	   0 	  0 	   0 	   0 	
4.410e+03 	1.9362e-17 	   0 	   0 	7.0622e-14 	   0 	   0 	5.1811e-17 	   0 	   0 	6.6927e-14 	   0 	   0 	7.3702e-15 	   0 	   0 	5.274e-14 	   0 	   0 	4.106e-14 	   0 	   0 	4.0024e-18 	   0 	   0 	  0 	   0 	   0 	1.5562e-18 	   0 	   0 	4.4483e-19 	   0 	   0 	  0 	   0 	   0 	1.8938e-14 	   0 	   0 	  0 	   0 	   0 	  0 	   0 	   0 	  0 	   0 	   0 	  0 	   0 	   0 	  0 	   0 	   0 	  0 	   0 	   0 	2.6613e-15 	   0 	   0 	  0 	   0 	   0 	  0 	   0 	   0 	4.2784e-30 	   0 	   0 	  0 	   0 	   0 	  0 	   0 	   0 	  0 	   0 	   0 	  0 	   0 	   0 	  0 	   0 	   0 	  0 	   0 	   0 	  0 	   0 	   0 	
4.630e+03 	3.1534e-17 	   0 	   0 	9.5563e-18 	   0 	   0 	1.0739e-13 	   0 	   0 	9.4372e-14 	   0 	   0 	8.9394e-24 	   0 	   0 	5.2594e-18 	   0 	   0 	1.471e-17 	   0 	   0 	1.4756e-14 	   0 	   0 	2.8171e-14 	   0 	   0 	1.331e-18 	   0 	   0 	7.7417e-15 	   0 	   0 	  0 	   0 	   0 	8.8267e-19 	   0 	   0 	1.0456e-14 	   0 	   0 	  0 	   0 	   0 	  0 	   0 	   0 	  0 	   0 	   0 	4.1882e-36 	   0 	   0 	  0 	   0 	   0 	  0 	   0 	   0 	  0 	   0 	   0 	  0 	   0 	   0 	  0 	   0 	   0 	  0 	   0 	   0 	  0 	   0 	   0 	  0 	   0 	   0 	  0 	   0 	   0 	  0 	   0 	   0 	  0 	   0 	   0 	  0 	   0 	   0 	
4.850e+03 	1.1701e-17 	   0 	   0 	6.0441e-19 	   0 	   0 	1.337e-22 	   0 	   0 	4.1901e-21 	   0 	   0 	4.8414e-14 	   0 	   0 	7.2345e-14 	   0 	   0 	5.407e-18 	   0 	   0 	5.6798e-70 	   0 	   0 	6.3072e-14 	   0 	   0 	1.159e-15 	   0 	   0 	1.8545e-14 	   0 	   0 	2.2191e-14 	   0 	   0 	2.8164e-14 	   0 	   0 	  0 	   0 	   0 	  0 	   0 	   0 	4.0966e-15 	   0 	   0 	1.3957e-48 	   0 	   0 	  0 	   0 	   0 	  0 	   0 	   0 	4.9763e-27 	   0 	   0 	  0 	   0 	   0 	  0 	   0 	   0 	  0 	   0 	   0 	  0 	   0 	   0 	  0 	   0 	   0 	4.2268e-15 	   0 	   0 	  0 	   0 	   0 	  0 	   0 	   0 	  0 	   0 	   0 	5.9926e-23 	   0 	   0 	
5.070e+03 	6.3061e-29 	   0 	   0 	6.9131e-57 	   0 	   0 	1.1121e-17 	   0 	   0 	6.0484e-18 	   0 	   0 	1.9658e-18 	   0 	   0 	7.6325e-16 	   0 	   0 	8.0169e-18 	   0 	   0 	8.179e-15 	   0 	   0 	6.7732e-14 	   0 	   0 	3.0092e-47 	   0 	   0 	6.5038e-43 	   0 	   0 	5.6289e-19 	   0 	   0 	1.575e-33 	   0 	   0 	  0 	   0 	   0 	1.8262e-14 	   0 	   0 	  0 	   0 	   0 	  0 	   0 	   0 	8.5048e-15 	   0 	   0 	  0 	   0 	   0 	  0 	   0 	   0 	  0 	   0 	   0 	  0 	   0 	   0 	  0 	   0 	   0 	  0 	   0 	   0 	  0 	   0 	   0 	1.2239e-21 	   0 	   0 	  0 	   0 	   0 	  0 	   0 	   0 	  0 	   0 	   0 	  0 	   0 	   0 	
5.290e+03 	  0 	   0 	   0 	1.596e-17 	   0 	   0 	5.0176e-17 	   0 	   0 	2.237e-103 	   0 	   0 	7.4698e-18 	   0 	   0 	2.7371e-19 	   0 	   0 	9.5958e-20 	   0 	   0 	3.7159e-45 	   0 	   0 	2.9807e-15 	   0 	   0 	5.4665e-16 	   0 	   0 	8.808e-15 	   0 	   0 	2.323e-14 	   0 	   0 	8.7578e-19 	   0 	   0 	4.6981e-15 	   0 	   0 	1.7223e-14 	   0 	   0 	1.6228e-16 	   0 	   0 	3.7825e-18 	   0 	   0 	  0 	   0 	   0 	1.298e-14 	   0 	   0 	  0 	   0 	   0 	  0 	   0 	   0 	  0 	   0 	   0 	  0 	   0 	   0 	1.6426e-17 	   0 	   0 	  0 	   0 	   0 	  0 	   0 	   0 	  0 	   0 	   0 	  0 	   0 	   0 	  0 	   0 	   0 	  0 	   0 	   0 	
5.510e+03 	1.7455e-17 	   0 	   0 	4.1849e-14 	   0 	   0 	3.7165e-44 	   0 	   0 	1.0176e-13 	   0 	   0 	6.116e-14 	   0 	   0 	2.9759e-18 	   0 	   0 	4.6128e-14 	   0 	   0 	1.674e-14 	   0 	   0 	2.0279e-18 	   0 	   0 	1.2776e-18 	   0 	   0 	1.9758e-18 	   0 	   0 	3.77e-31 	   0 	   0 	2.2025e-50 	   0 	   0 	1.1415e-26 	   0 	   0 	2.4567e-26 	   0 	   0 	1.4244e-25 	   0 	   0 	1.5168e-14 	   0 	   0 	1.3022e-14 	   0 	   0 	  0 	   0 	   0 	  0 	   0 	   0 	5.6164e-15 	   0 	   0 	  0 	   0 	   0 	4.4628e-21 	   0 	   0 	2.7697e-15 	   0 	   0 	  0 	   0 	   0 	  0 	   0 	   0 	  0 	   0 	   0 	  0 	   0 	   0 	  0 	   0 	   0 	  0 	   0 	   0 	
5.730e+03 	5.4653e-22 	   0 	   0 	  0 	   0 	   0 	9.6102e-18 	   0 	   0 	8.306e-15 	   0 	   0 	5.7092e-14 	   0 	   0 	4.6298e-44 	   0 	   0 	4.1288e-43 	   0 	   0 	3.8221e-15 	   0 	   0 	2.8932e-14 	   0 	   0 	3.0238e-14 	   0 	   0 	  0 	   0 	   0 	7.3823e-15 	   0 	   0 	1.1404e-18 	   0 	   0 	1.0964e-19 	   0 	   0 	1.5988e-19 	   0 	   0 	9.3804e-15 	   0 	   0 	  0 	   0 	   0 	1.911e-19 	   0 	   0 	6.3523e-15 	   0 	   0 	1.0731e-14 	   0 	   0 	  0 	   0 	   0 	  0 	   0 	   0 	  0 	   0 	   0 	  0 	   0 	   0 	  0 	   0 	   0 	  0 	   0 	   0 	  0 	   0 	   0 	  0 	   0 	   0 	  0 	   0 	   0 	  0 	   0 	   0 	
5.950e+03 	  0 	   0 	   0 	3.3265e-17 	   0 	   0 	8.0714e-18 	   0 	   0 	9.5091e-18 	   0 	   0 	2.6947e-18 	   0 	   0 	6.5775e-14 	   0 	   0 	1.3094e-16 	   0 	   0 	3.4318e-14 	   0 	   0 	1.379e-14 	   0 	   0 	2.6828e-14 	   0 	   0 	5.7139e-14 	   0 	   0 	1.3025e-21 	   0 	   0 	3.2569e-23 	   0 	   0 	1.2056e-23 	   0 	   0 	2.7934e-15 	   0 	   0 	1.499e-14 	   0 	   0 	4.389e-14 	   0 	   0 	5.345e-20 	   0 	   0 	  0 	   0 	   0 	8.0476e-15 	   0 	   0 	  0 	   0 	   0 	  0 	   0 	   0 	  0 	   0 	   0 	  0 	   0 	   0 	  0 	   0 	   0 	  0 	   0 	   0 	  0 	   0 	   0 	  0 	   0 	   0 	  0 	   0 	   0 	  0 	   0 	   0 	
6.170e+03 	1.5612e-24 	   0 	   0 	4.0615e-25 	   0 	   0 	2.7101e-14 	   0 	   0 	4.1449e-17 	   0 	   0 	5.6128e-15 	   0 	   0 	3.9207e-14 	   0 	   0 	2.7413e-16 	   0 	   0 	8.1177e-16 	   0 	   0 	4.1199e-19 	   0 	   0 	1.8393e-14 	   0 	   0 	1.7949e-25 	   0 	   0 	3.3671e-18 	   0 	   0 	1.9061e-14 	   0 	   0 	8.2474e-16 	   0 	   0 	  0 	   0 	   0 	  0 	   0 	   0 	1.1778e-14 	   0 	   0 	1.4177e-14 	   0 	   0 	2.5302e-19 	   0 	   0 	4.7251e-16 	   0 	   0 	3.4104e-19 	   0 	   0 	7.5861e-20 	   0 	   0 	  0 	   0 	   0 	9.3441e-15 	   0 	   0 	2.0291e-15 	   0 	   0 	  0 	   0 	   0 	3.818e-15 	   0 	   0 	2.2902e-19 	   0 	   0 	  0 	   0 	   0 	  0 	   0 	   0 	
6.390e+03 	  0 	   0 	   0 	7.6134e-18 	   0 	   0 	  0 	   0 	   0 	2.3834e-14 	   0 	   0 	1.9497e-18 	   0 	   0 	1.5093e-15 	   0 	   0 	6.6782e-21 	   0 	   0 	6.9997e-14 	   0 	   0 	4.471e-15 	   0 	   0 	1.4145e-18 	   0 	   0 	2.1142e-19 	   0 	   0 	1.4716e-22 	   0 	   0 	4.5299e-14 	   0 	   0 	1.0192e-14 	   0 	   0 	  0 	   0 	   0 	  0 	   0 	   0 	1.589e-15 	   0 	   0 	  0 	   0 	   0 	1.1387e-14 	   0 	   0 	  0 	   0 	   0 	1.1934e-14 	   0 	   0 	  0 	   0 	   0 	1.0717e-14 	   0 	   0 	  0 	   0 	   0 	  0 	   0 	   0 	  0 	   0 	   0 	  0 	   0 	   0 	  0 	   0 	   0 	  0 	   0 	   0 	  0 	   0 	   0 	
6.610e+03 	1.1469e-17 	   0 	   0 	4.2768e-16 	   0 	   0 	1.1696e-13 	   0 	   0 	4.4563e-18 	   0 	   0 	1.3394e-14 	   0 	   0 	  0 	   0 	   0 	1.9513e-18 	   0 	   0 	1.8529e-16 	   0 	   0 	1.8872e-14 	   0 	   0 	1.1515e-17 	   0 	   0 	8.5266e-16 	   0 	   0 	2.4457e-20 	   0 	   0 	3.8087e-14 	   0 	   0 	3.666e-19 	   0 	   0 	1.8478e-14 	   0 	   0 	1.4582e-14 	   0 	   0 	  0 	   0 	   0 	  0 	   0 	   0 	  0 	   0 	   0 	2.3246e-14 	   0 	   0 	  0 	   0 	   0 	  0 	   0 	   0 	1.0584e-14 	   0 	   0 	  0 	   0 	   0 	1.7354e-19 	   0 	   0 	  0 	   0 	   0 	  0 	   0 	   0 	  0 	   0 	   0 	  0 	   0 	   0 	  0 	   0 	   0 	
6.830e+03 	9.461e-21 	   0 	   0 	  0 	   0 	   0 	7.4091e-40 	   0 	   0 	5.4657e-22 	   0 	   0 	4.077e-18 	   0 	   0 	2.2205e-16 	   0 	   0 	1.2277e-15 	   0 	   0 	7.6254e-19 	   0 	   0 	3.74e-18 	   0 	   0 	3.7534e-14 	   0 	   0 	1.1941e-18 	   0 	   0 	2.0963e-41 	   0 	   0 	2.9255e-15 	   0 	   0 	7.0395e-21 	   0 	   0 	1.8976e-14 	   0 	   0 	9.4683e-16 	   0 	   0 	  0 	   0 	   0 	1.5491e-19 	   0 	   0 	2.8221e-16 	   0 	   0 	5.2093e-19 	   0 	   0 	  0 	   0 	   0 	  0 	   0 	   0 	  0 	   0 	   0 	1.577e-15 	   0 	   0 	2.0628e-19 	   0 	   0 	4.5017e-15 	   0 	   0 	6.2124e-21 	   0 	   0 	3.4327e-19 	   0 	   0 	5.0373e-20 	   0 	   0 	  0 	   0 	   0 	
7.050e+03 	3.5965e-13 	   0 	   0 	6.7149e-20 	   0 	   0 	7.7099e-103 	   0 	   0 	6.0946e-18 	   0 	   0 	1.7782e-18 	   0 	   0 	1.7665e-16 	   0 	   0 	4.5043e-14 	   0 	   0 	4.1745e-15 	   0 	   0 	1.6779e-15 	   0 	   0 	1.0438e-14 	   0 	   0 	2.7244e-14 	   0 	   0 	3.7582e-14 	   0 	   0 	2.245e-14 	   0 	   0 	6.0029e-19 	   0 	   0 	2.2527e-15 	   0 	   0 	  0 	   0 	   0 	  0 	   0 	   0 	7.3466e-21 	   0 	   0 	1.6809e-14 	   0 	   0 	2.2471e-14 	   0 	   0 	1.0292e-14 	   0 	   0 	  0 	   0 	   0 	1.1568e-19 	   0 	   0 	5.5416e-19 	   0 	   0 	  0 	   0 	   0 	  0 	   0 	   0 	  0 	   0 	   0 	3.9136e-19 	   0 	   0 	  0 	   0 	   0 	  0 	   0 	   0 	
7.270e+03 	  0 	   0 	   0 	1.4347e-18 	   0 	   0 	6.4654e-18 	   0 	   0 	1.4116e-14 	   0 	   0 	4.0497e-18 	   0 	   0 	  0 	   0 	   0 	9.0675e-14 	   0 	   0 	9.2287e-15 	   0 	   0 	4.8629e-15 	   0 	   0 	  0 	   0 	   0 	1.4147e-22 	   0 	   0 	2.3183e-14 	   0 	   0 	9.9687e-15 	   0 	   0 	3.1177e-14 	   0 	   0 	1.1076e-14 	   0 	   0 	5.4514e-15 	   0 	   0 	1.3391e-14 	   0 	   0 	1.3056e-14 	   0 	   0 	1.3967e-14 	   0 	   0 	4.7964e-19 	   0 	   0 	  0 	   0 	   0 	  0 	   0 	   0 	  0 	   0 	   0 	  0 	   0 	   0 	3.2108e-15 	   0 	   0 	5.9948e-15 	   0 	   0 	1.6139e-18 	   0 	   0 	  0 	   0 	   0 	  0 	   0 	   0 	  0 	   0 	   0 	
7.490e+03 	  0 	   0 	   0 	6.4137e-317 	   0 	   0 	8.106e-18 	   0 	   0 	2.7956e-25 	   0 	   0 	7.3152e-14 	   0 	   0 	3.0216e-15 	   0 	   0 	8.1921e-15 	   0 	   0 	2.7076e-19 	   0 	   0 	2.8828e-15 	   0 	   0 	3.0562e-14 	   0 	   0 	2.5945e-17 	   0 	   0 	2.4611e-14 	   0 	   0 	2.1711e-20 	   0 	   0 	3.2719e-19 	   0 	   0 	1.5086e-14 	   0 	   0 	5.1391e-19 	   0 	   0 	9.3422e-15 	   0 	   0 	  0 	   0 	   0 	1.8158e-14 	   0 	   0 	1.2404e-14 	   0 	   0 	1.2407e-14 	   0 	   0 	5.7879e-19 	   0 	   0 	  0 	   0 	   0 	  0 	   0 	   0 	9.8725e-15 	   0 	   0 	  0 	   0 	   0 	  0 	   0 	   0 	  0 	   0 	   0 	  0 	   0 	   0 	6.2533e-17 	   0 	   0 	
7.710e+03 	  0 	   0 	   0 	2.4808e-17 	   0 	   0 	5.5538e-20 	   0 	   0 	3.132e-15 	   0 	   0 	4.2485e-23 	   0 	   0 	3.0588e-18 	   0 	   0 	3.7261e-14 	   0 	   0 	  0 	   0 	   0 	3.8474e-14 	   0 	   0 	7.4165e-15 	   0 	   0 	7.5847e-17 	   0 	   0 	  0 	   0 	   0 	1.6686e-14 	   0 	   0 	1.0173e-18 	   0 	   0 	8.7248e-19 	   0 	   0 	1.6429e-14 	   0 	   0 	  0 	   0 	   0 	2.1829e-14 	   0 	   0 	1.206e-14 	   0 	   0 	7.5354e-20 	   0 	   0 	  0 	   0 	   0 	1.1049e-19 	   0 	   0 	  0 	   0 	   0 	  0 	   0 	   0 	  0 	   0 	   0 	9.3322e-15 	   0 	   0 	2.5944e-16 	   0 	   0 	2.2325e-17 	   0 	   0 	1.4354e-17 	   0 	   0 	  0 	   0 	   0 	
7.930e+03 	  0 	   0 	   0 	4.9035e-31 	   0 	   0 	  0 	   0 	   0 	6.1805e-17 	   0 	   0 	2.4712e-21 	   0 	   0 	  0 	   0 	   0 	1.8516e-14 	   0 	   0 	  0 	   0 	   0 	1.1161e-14 	   0 	   0 	4.173e-15 	   0 	   0 	2.8579e-14 	   0 	   0 	2.0073e-18 	   0 	   0 	4.599e-15 	   0 	   0 	2.195e-14 	   0 	   0 	  0 	   0 	   0 	  0 	   0 	   0 	1.1039e-19 	   0 	   0 	7.6012e-19 	   0 	   0 	  0 	   0 	   0 	  0 	   0 	   0 	  0 	   0 	   0 	1.2868e-19 	   0 	   0 	7.4924e-17 	   0 	   0 	8.4607e-15 	   0 	   0 	  0 	   0 	   0 	9.9237e-15 	   0 	   0 	4.6602e-19 	   0 	   0 	6.3603e-15 	   0 	   0 	2.5883e-19 	   0 	   0 	  0 	   0 	   0 	
8.150e+03 	  0 	   0 	   0 	1.4483e-126 	   0 	   0 	  0 	   0 	   0 	3.8343e-17 	   0 	   0 	3.5025e-18 	   0 	   0 	1.3775e-20 	   0 	   0 	4.4147e-18 	   0 	   0 	7.6229e-15 	   0 	   0 	9.3037e-15 	   0 	   0 	1.8026e-15 	   0 	   0 	2.3405e-14 	   0 	   0 	3.3384e-14 	   0 	   0 	2.2391e-14 	   0 	   0 	1.6661e-15 	   0 	   0 	  0 	   0 	   0 	1.6645e-14 	   0 	   0 	5.9801e-19 	   0 	   0 	2.2481e-19 	   0 	   0 	  0 	   0 	   0 	  0 	   0 	   0 	  0 	   0 	   0 	  0 	   0 	   0 	4.8828e-19 	   0 	   0 	4.1088e-19 	   0 	   0 	4.4259e-15 	   0 	   0 	5.6187e-15 	   0 	   0 	2.4269e-19 	   0 	   0 	  0 	   0 	   0 	  0 	   0 	   0 	  0 	   0 	   0 	
8.370e+03 	  0 	   0 	   0 	1.7354e-14 	   0 	   0 	  0 	   0 	   0 	9.4625e-18 	   0 	   0 	4.6088e-28 	   0 	   0 	2.8751e-14 	   0 	   0 	2.0936e-18 	   0 	   0 	5.8681e-19 	   0 	   0 	1.2737e-36 	   0 	   0 	7.8246e-15 	   0 	   0 	8.7839e-19 	   0 	   0 	  0 	   0 	   0 	  0 	   0 	   0 	9.666e-15 	   0 	   0 	  0 	   0 	   0 	8.799e-15 	   0 	   0 	3.1113e-17 	   0 	   0 	  0 	   0 	   0 	2.4535e-15 	   0 	   0 	1.1426e-14 	   0 	   0 	  0 	   0 	   0 	2.1844e-14 	   0 	   0 	  0 	   0 	   0 	  0 	   0 	   0 	  0 	   0 	   0 	9.6194e-15 	   0 	   0 	  0 	   0 	   0 	6.7432e-15 	   0 	   0 	  0 	   0 	   0 	3.8403e-19 	   0 	   0 	
8.590e+03 	  0 	   0 	   0 	1.0702e-191 	   0 	   0 	2.8424e-17 	   0 	   0 	5.3549e-18 	   0 	   0 	2.4487e-20 	   0 	   0 	  0 	   0 	   0 	8.5314e-19 	   0 	   0 	  0 	   0 	   0 	1.7113e-18 	   0 	   0 	  0 	   0 	   0 	4.2767e-18 	   0 	   0 	2.1996e-17 	   0 	   0 	8.1498e-20 	   0 	   0 	1.3477e-18 	   0 	   0 	3.6721e-14 	   0 	   0 	2.7703e-17 	   0 	   0 	  0 	   0 	   0 	5.7133e-17 	   0 	   0 	  0 	   0 	   0 	  0 	   0 	   0 	  0 	   0 	   0 	9.3838e-15 	   0 	   0 	  0 	   0 	   0 	  0 	   0 	   0 	1.5776e-16 	   0 	   0 	3.098e-21 	   0 	   0 	  0 	   0 	   0 	  0 	   0 	   0 	5.8403e-15 	   0 	   0 	1.5633e-18 	   0 	   0 	
8.810e+03 	  0 	   0 	   0 	  0 	   0 	   0 	  0 	   0 	   0 	  0 	   0 	   0 	1.2795e-16 	   0 	   0 	3.6911e-19 	   0 	   0 	  0 	   0 	   0 	3.3845e-14 	   0 	   0 	4.8662e-20 	   0 	   0 	  0 	   0 	   0 	4.9973e-16 	   0 	   0 	  0 	   0 	   0 	8.8592e-15 	   0 	   0 	  0 	   0 	   0 	2.4447e-15 	   0 	   0 	2.054e-14 	   0 	   0 	3.4953e-14 	   0 	   0 	3.5342e-14 	   0 	   0 	4.5525e-24 	   0 	   0 	  0 	   0 	   0 	2.7532e-15 	   0 	   0 	9.6448e-17 	   0 	   0 	  0 	   0 	   0 	3.6193e-16 	   0 	   0 	2.0046e-16 	   0 	   0 	  0 	   0 	   0 	  0 	   0 	   0 	6.573e-16 	   0 	   0 	2.5914e-19 	   0 	   0 	3.2921e-18 	   0 	   0 	
9.030e+03 	  0 	   0 	   0 	  0 	   0 	   0 	  0 	   0 	   0 	  0 	   0 	   0 	  0 	   0 	   0 	  0 	   0 	   0 	2.3999e-18 	   0 	   0 	  0 	   0 	   0 	2.925e-18 	   0 	   0 	9.8902e-19 	   0 	   0 	3.0063e-14 	   0 	   0 	3.5451e-14 	   0 	   0 	1.4197e-19 	   0 	   0 	2.2258e-14 	   0 	   0 	  0 	   0 	   0 	  0 	   0 	   0 	3.1102e-19 	   0 	   0 	9.5399e-23 	   0 	   0 	6.9644e-19 	   0 	   0 	  0 	   0 	   0 	2.3296e-14 	   0 	   0 	  0 	   0 	   0 	  0 	   0 	   0 	  0 	   0 	   0 	  0 	   0 	   0 	  0 	   0 	   0 	9.315e-15 	   0 	   0 	  0 	   0 	   0 	1.9555e-15 	   0 	   0 	2.5699e-20 	   0 	   0 	
9.250e+03 	  0 	   0 	   0 	  0 	   0 	   0 	1.0017e-13 	   0 	   0 	7.2853e-21 	   0 	   0 	  0 	   0 	   0 	4.3245e-14 	   0 	   0 	2.4035e-18 	   0 	   0 	  0 	   0 	   0 	  0 	   0 	   0 	7.344e-32 	   0 	   0 	  0 	   0 	   0 	8.0482e-15 	   0 	   0 	  0 	   0 	   0 	4.0416e-19 	   0 	   0 	1.5757e-14 	   0 	   0 	  0 	   0 	   0 	  0 	   0 	   0 	  0 	   0 	   0 	3.6758e-15 	   0 	   0 	3.1597e-17 	   0 	   0 	1.1822e-15 	   0 	   0 	1.0388e-15 	   0 	   0 	4.1163e-19 	   0 	   0 	9.8959e-15 	   0 	   0 	  0 	   0 	   0 	  0 	   0 	   0 	8.8997e-15 	   0 	   0 	  0 	   0 	   0 	  0 	   0 	   0 	  0 	   0 	   0 	
9.470e+03 	  0 	   0 	   0 	  0 	   0 	   0 	1.7108e-58 	   0 	   0 	  0 	   0 	   0 	  0 	   0 	   0 	  0 	   0 	   0 	  0 	   0 	   0 	  0 	   0 	   0 	2.6767e-14 	   0 	   0 	  0 	   0 	   0 	1.9287e-18 	   0 	   0 	  0 	   0 	   0 	  0 	   0 	   0 	  0 	   0 	   0 	2.5697e-14 	   0 	   0 	  0 	   0 	   0 	  0 	   0 	   0 	1.219e-22 	   0 	   0 	1.2128e-21 	   0 	   0 	4.6071e-19 	   0 	   0 	1.9738e-17 	   0 	   0 	  0 	   0 	   0 	  0 	   0 	   0 	9.9342e-15 	   0 	   0 	  0 	   0 	   0 	  0 	   0 	   0 	  0 	   0 	   0 	  0 	   0 	   0 	  0 	   0 	   0 	  0 	   0 	   0 	
9.690e+03 	  0 	   0 	   0 	  0 	   0 	   0 	  0 	   0 	   0 	7.9361e-14 	   0 	   0 	  0 	   0 	   0 	  0 	   0 	   0 	3.4037e-14 	   0 	   0 	  0 	   0 	   0 	  0 	   0 	   0 	1.7232e-18 	   0 	   0 	7.1227e-15 	   0 	   0 	  0 	   0 	   0 	1.4037e-14 	   0 	   0 	  0 	   0 	   0 	4.4764e-15 	   0 	   0 	1.8954e-14 	   0 	   0 	  0 	   0 	   0 	  0 	   0 	   0 	  0 	   0 	   0 	  0 	   0 	   0 	  0 	   0 	   0 	1.331e-14 	   0 	   0 	  0 	   0 	   0 	  0 	   0 	   0 	  0 	   0 	   0 	  0 	   0 	   0 	  0 	   0 	   0 	  0 	   0 	   0 	  0 	   0 	   0 	  0 	   0 	   0 	
9.910e+03 	  0 	   0 	   0 	  0 	   0 	   0 	  0 	   0 	   0 	2.5951e-18 	   0 	   0 	  0 	   0 	   0 	4.1065e-14 	   0 	   0 	5.5909e-14 	   0 	   0 	  0 	   0 	   0 	  0 	   0 	   0 	  0 	   0 	   0 	5.6489e-15 	   0 	   0 	2.8917e-14 	   0 	   0 	3.673e-15 	   0 	   0 	  0 	   0 	   0 	1.9414e-23 	   0 	   0 	  0 	   0 	   0 	1.4263e-14 	   0 	   0 	5.5308e-15 	   0 	   0 	1.0073e-15 	   0 	   0 	  0 	   0 	   0 	  0 	   0 	   0 	8.9783e-15 	   0 	   0 	2.8993e-15 	   0 	   0 	  0 	   0 	   0 	  0 	   0 	   0 	  0 	   0 	   0 	  0 	   0 	   0 	  0 	   0 	   0 	  0 	   0 	   0 	  0 	   0 	   0 	
1.013e+04 	  0 	   0 	   0 	  0 	   0 	   0 	  0 	   0 	   0 	  0 	   0 	   0 	2.1314e-14 	   0 	   0 	3.2157e-15 	   0 	   0 	  0 	   0 	   0 	1.9975e-14 	   0 	   0 	1.2911e-14 	   0 	   0 	2.9791e-16 	   0 	   0 	7.9221e-16 	   0 	   0 	  0 	   0 	   0 	2.2747e-14 	   0 	   0 	2.0602e-14 	   0 	   0 	9.7367e-19 	   0 	   0 	3.4234e-14 	   0 	   0 	1.6432e-14 	   0 	   0 	1.7911e-19 	   0 	   0 	2.7193e-15 	   0 	   0 	  0 	   0 	   0 	1.66e-17 	   0 	   0 	1.9085e-14 	   0 	   0 	  0 	   0 	   0 	  0 	   0 	   0 	4.1864e-15 	   0 	   0 	  0 	   0 	   0 	7.7594e-15 	   0 	   0 	  0 	   0 	   0 	2.9215e-15 	   0 	   0 	  0 	   0 	   0 	
1.035e+04 	  0 	   0 	   0 	  0 	   0 	   0 	1.3687e-17 	   0 	   0 	5.8211e-18 	   0 	   0 	  0 	   0 	   0 	5.9076e-16 	   0 	   0 	  0 	   0 	   0 	  0 	   0 	   0 	  0 	   0 	   0 	9.7553e-17 	   0 	   0 	  0 	   0 	   0 	2.2771e-18 	   0 	   0 	9.4078e-18 	   0 	   0 	  0 	   0 	   0 	4.9418e-14 	   0 	   0 	1.7614e-14 	   0 	   0 	  0 	   0 	   0 	  0 	   0 	   0 	1.7532e-15 	   0 	   0 	2.0431e-14 	   0 	   0 	  0 	   0 	   0 	  0 	   0 	   0 	6.2484e-20 	   0 	   0 	9.8286e-15 	   0 	   0 	7.4625e-15 	   0 	   0 	9.4387e-15 	   0 	   0 	  0 	   0 	   0 	  0 	   0 	   0 	3.4422e-23 	   0 	   0 	  0 	   0 	   0 	
1.057e+04 	  0 	   0 	   0 	  0 	   0 	   0 	  0 	   0 	   0 	  0 	   0 	   0 	  0 	   0 	   0 	1.6893e-14 	   0 	   0 	  0 	   0 	   0 	5.6106e-19 	   0 	   0 	  0 	   0 	   0 	1.0586e-14 	   0 	   0 	2.7203e-14 	   0 	   0 	6.0581e-15 	   0 	   0 	1.5393e-18 	   0 	   0 	2.1884e-14 	   0 	   0 	7.942e-19 	   0 	   0 	9.7614e-18 	   0 	   0 	2.5243e-15 	   0 	   0 	  0 	   0 	   0 	  0 	   0 	   0 	  0 	   0 	   0 	  0 	   0 	   0 	  0 	   0 	   0 	6.46e-15 	   0 	   0 	2.1859e-16 	   0 	   0 	  0 	   0 	   0 	  0 	   0 	   0 	  0 	   0 	   0 	  0 	   0 	   0 	  0 	   0 	   0 	  0 	   0 	   0 	
1.079e+04 	  0 	   0 	   0 	  0 	   0 	   0 	  0 	   0 	   0 	  0 	   0 	   0 	1.2331e-17 	   0 	   0 	1.8806e-36 	   0 	   0 	1.7809e-18 	   0 	   0 	  0 	   0 	   0 	8.0113e-16 	   0 	   0 	6.6184e-19 	   0 	   0 	  0 	   0 	   0 	1.1145e-14 	   0 	   0 	  0 	   0 	   0 	  0 	   0 	   0 	  0 	   0 	   0 	6.5133e-15 	   0 	   0 	  0 	   0 	   0 	  0 	   0 	   0 	  0 	   0 	   0 	2.2426e-19 	   0 	   0 	  0 	   0 	   0 	  0 	   0 	   0 	  0 	   0 	   0 	  0 	   0 	   0 	  0 	   0 	   0 	2.9319e-15 	   0 	   0 	1.5996e-16 	   0 	   0 	9.3004e-15 	   0 	   0 	8.1726e-15 	   0 	   0 	  0 	   0 	   0 	
1.101e+04 	  0 	   0 	   0 	  0 	   0 	   0 	  0 	   0 	   0 	  0 	   0 	   0 	7.9118e-19 	   0 	   0 	  0 	   0 	   0 	7.7068e-20 	   0 	   0 	  0 	   0 	   0 	  0 	   0 	   0 	3.3786e-14 	   0 	   0 	  0 	   0 	   0 	2.5898e-18 	   0 	   0 	  0 	   0 	   0 	  0 	   0 	   0 	4.8907e-14 	   0 	   0 	  0 	   0 	   0 	  0 	   0 	   0 	  0 	   0 	   0 	1.2054e-14 	   0 	   0 	  0 	   0 	   0 	  0 	   0 	   0 	  0 	   0 	   0 	  0 	   0 	   0 	2.9179e-15 	   0 	   0 	3.7965e-19 	   0 	   0 	1.4601e-19 	   0 	   0 	2.9933e-19 	   0 	   0 	  0 	   0 	   0 	  0 	   0 	   0 	  0 	   0 	   0 	
1.123e+04 	  0 	   0 	   0 	  0 	   0 	   0 	  0 	   0 	   0 	  0 	   0 	   0 	  0 	   0 	   0 	  0 	   0 	   0 	  0 	   0 	   0 	  0 	   0 	   0 	  0 	   0 	   0 	1.175e-15 	   0 	   0 	1.8807e-14 	   0 	   0 	7.0013e-15 	   0 	   0 	1.8561e-16 	   0 	   0 	  0 	   0 	   0 	1.4398e-14 	   0 	   0 	2.3699e-17 	   0 	   0 	5.4381e-17 	   0 	   0 	  0 	   0 	   0 	1.5101e-14 	   0 	   0 	  0 	   0 	   0 	  0 	   0 	   0 	1.2193e-14 	   0 	   0 	  0 	   0 	   0 	1.0762e-14 	   0 	   0 	6.2854e-15 	   0 	   0 	  0 	   0 	   0 	2.9468e-16 	   0 	   0 	  0 	   0 	   0 	  0 	   0 	   0 	3.7191e-16 	   0 	   0 	
1.145e+04 	  0 	   0 	   0 	  0 	   0 	   0 	  0 	   0 	   0 	  0 	   0 	   0 	2.2086e-14 	   0 	   0 	  0 	   0 	   0 	2.0158e-18 	   0 	   0 	  0 	   0 	   0 	  0 	   0 	   0 	2.1288e-14 	   0 	   0 	2.8861e-15 	   0 	   0 	4.4687e-25 	   0 	   0 	1.8968e-14 	   0 	   0 	  0 	   0 	   0 	1.9678e-14 	   0 	   0 	  0 	   0 	   0 	9.9286e-21 	   0 	   0 	  0 	   0 	   0 	  0 	   0 	   0 	  0 	   0 	   0 	1.3462e-14 	   0 	   0 	  0 	   0 	   0 	  0 	   0 	   0 	  0 	   0 	   0 	  0 	   0 	   0 	2.6812e-16 	   0 	   0 	4.833e-15 	   0 	   0 	  0 	   0 	   0 	5.3842e-15 	   0 	   0 	  0 	   0 	   0 	
1.167e+04 	  0 	   0 	   0 	  0 	   0 	   0 	2.5927e-18 	   0 	   0 	  0 	   0 	   0 	  0 	   0 	   0 	  0 	   0 	   0 	  0 	   0 	   0 	  0 	   0 	   0 	  0 	   0 	   0 	2.4052e-14 	   0 	   0 	  0 	   0 	   0 	2.4731e-14 	   0 	   0 	9.4078e-18 	   0 	   0 	  0 	   0 	   0 	  0 	   0 	   0 	  0 	   0 	   0 	1.0942e-16 	   0 	   0 	3.1741e-21 	   0 	   0 	  0 	   0 	   0 	1.2152e-14 	   0 	   0 	3.1161e-17 	   0 	   0 	2.8711e-15 	   0 	   0 	  0 	   0 	   0 	2.1481e-16 	   0 	   0 	9.4587e-20 	   0 	   0 	  0 	   0 	   0 	  0 	   0 	   0 	8.3711e-15 	   0 	   0 	  0 	   0 	   0 	  0 	   0 	   0 	
1.189e+04 	  0 	   0 	   0 	  0 	   0 	   0 	  0 	   0 	   0 	  0 	   0 	   0 	  0 	   0 	   0 	2.3835e-22 	   0 	   0 	6.5215e-19 	   0 	   0 	  0 	   0 	   0 	3.8479e-14 	   0 	   0 	  0 	   0 	   0 	5.3049e-19 	   0 	   0 	3.6056e-14 	   0 	   0 	  0 	   0 	   0 	9.8173e-19 	   0 	   0 	1.6417e-15 	   0 	   0 	2.3983e-15 	   0 	   0 	  0 	   0 	   0 	2.6282e-15 	   0 	   0 	1.3579e-14 	   0 	   0 	  0 	   0 	   0 	1.3797e-16 	   0 	   0 	1.2437e-14 	   0 	   0 	9.9197e-15 	   0 	   0 	1.0116e-14 	   0 	   0 	  0 	   0 	   0 	9.215e-15 	   0 	   0 	9.2119e-17 	   0 	   0 	  0 	   0 	   0 	5.7333e-16 	   0 	   0 	  0 	   0 	   0 	
1.211e+04 	  0 	   0 	   0 	  0 	   0 	   0 	  0 	   0 	   0 	  0 	   0 	   0 	6.538e-21 	   0 	   0 	  0 	   0 	   0 	1.1668e-20 	   0 	   0 	3.4806e-14 	   0 	   0 	2.6225e-18 	   0 	   0 	  0 	   0 	   0 	1.9534e-18 	   0 	   0 	4.7816e-25 	   0 	   0 	2.2346e-14 	   0 	   0 	1.0646e-14 	   0 	   0 	  0 	   0 	   0 	4.7445e-20 	   0 	   0 	  0 	   0 	   0 	  0 	   0 	   0 	  0 	   0 	   0 	8.0695e-15 	   0 	   0 	2.2599e-20 	   0 	   0 	  0 	   0 	   0 	  0 	   0 	   0 	  0 	   0 	   0 	9.1231e-15 	   0 	   0 	2.6822e-16 	   0 	   0 	  0 	   0 	   0 	  0 	   0 	   0 	  0 	   0 	   0 	  0 	   0 	   0 	
1.233e+04 	  0 	   0 	   0 	6.1792e-20 	   0 	   0 	  0 	   0 	   0 	  0 	   0 	   0 	7.5098e-14 	   0 	   0 	  0 	   0 	   0 	  0 	   0 	   0 	  0 	   0 	   0 	  0 	   0 	   0 	1.869e-14 	   0 	   0 	  0 	   0 	   0 	1.6213e-14 	   0 	   0 	2.4149e-14 	   0 	   0 	1.5523e-23 	   0 	   0 	  0 	   0 	   0 	  0 	   0 	   0 	  0 	   0 	   0 	  0 	   0 	   0 	  0 	   0 	   0 	1.2544e-14 	   0 	   0 	  0 	   0 	   0 	1.0401e-14 	   0 	   0 	  0 	   0 	   0 	9.7289e-20 	   0 	   0 	  0 	   0 	   0 	  0 	   0 	   0 	2.9933e-19 	   0 	   0 	1.3638e-17 	   0 	   0 	3.7965e-15 	   0 	   0 	  0 	   0 	   0 	
1.255e+04 	  0 	   0 	   0 	  0 	   0 	   0 	  0 	   0 	   0 	  0 	   0 	   0 	  0 	   0 	   0 	3.0551e-18 	   0 	   0 	  0 	   0 	   0 	3.4598e-14 	   0 	   0 	  0 	   0 	   0 	  0 	   0 	   0 	3.0215e-14 	   0 	   0 	4.793e-14 	   0 	   0 	  0 	   0 	   0 	1.5523e-23 	   0 	   0 	  0 	   0 	   0 	5.648e-22 	   0 	   0 	1.5029e-14 	   0 	   0 	  0 	   0 	   0 	9.2356e-17 	   0 	   0 	  0 	   0 	   0 	2.2599e-20 	   0 	   0 	1.2612e-14 	   0 	   0 	2.4197e-18 	   0 	   0 	4.4168e-15 	   0 	   0 	  0 	   0 	   0 	6.2958e-15 	   0 	   0 	3.106e-19 	   0 	   0 	  0 	   0 	   0 	5.761e-15 	   0 	   0 	4.5071e-15 	   0 	   0 	
1.277e+04 	  0 	   0 	   0 	  0 	   0 	   0 	  0 	   0 	   0 	  0 	   0 	   0 	  0 	   0 	   0 	  0 	   0 	   0 	2.5261e-18 	   0 	   0 	  0 	   0 	   0 	8.1212e-19 	   0 	   0 	1.0792e-15 	   0 	   0 	2.3766e-14 	   0 	   0 	1.8973e-14 	   0 	   0 	  0 	   0 	   0 	  0 	   0 	   0 	2.2475e-15 	   0 	   0 	1.886e-14 	   0 	   0 	4.4098e-21 	   0 	   0 	1.4367e-14 	   0 	   0 	  0 	   0 	   0 	2.1111e-15 	   0 	   0 	1.2334e-14 	   0 	   0 	1.2466e-14 	   0 	   0 	  0 	   0 	   0 	  0 	   0 	   0 	  0 	   0 	   0 	  0 	   0 	   0 	8.6026e-15 	   0 	   0 	  0 	   0 	   0 	8.7139e-15 	   0 	   0 	  0 	   0 	   0 	
1.299e+04 	  0 	   0 	   0 	  0 	   0 	   0 	  0 	   0 	   0 	  0 	   0 	   0 	7.274e-14 	   0 	   0 	  0 	   0 	   0 	  0 	   0 	   0 	  0 	   0 	   0 	2.676e-14 	   0 	   0 	1.0731e-17 	   0 	   0 	  0 	   0 	   0 	4.7816e-25 	   0 	   0 	1.4182e-14 	   0 	   0 	  0 	   0 	   0 	1.5971e-14 	   0 	   0 	1.3535e-14 	   0 	   0 	  0 	   0 	   0 	  0 	   0 	   0 	2.8773e-15 	   0 	   0 	  0 	   0 	   0 	1.2037e-14 	   0 	   0 	  0 	   0 	   0 	1.8851e-16 	   0 	   0 	5.9816e-16 	   0 	   0 	2.6003e-16 	   0 	   0 	2.9319e-15 	   0 	   0 	  0 	   0 	   0 	1.1632e-14 	   0 	   0 	1.789e-15 	   0 	   0 	3.9651e-18 	   0 	   0 	
1.321e+04 	  0 	   0 	   0 	  0 	   0 	   0 	  0 	   0 	   0 	  0 	   0 	   0 	  0 	   0 	   0 	  0 	   0 	   0 	1.2241e-15 	   0 	   0 	8.7589e-18 	   0 	   0 	  0 	   0 	   0 	2.7355e-14 	   0 	   0 	  0 	   0 	   0 	  0 	   0 	   0 	  0 	   0 	   0 	1.7575e-17 	   0 	   0 	  0 	   0 	   0 	  0 	   0 	   0 	1.3536e-14 	   0 	   0 	1.6926e-16 	   0 	   0 	  0 	   0 	   0 	  0 	   0 	   0 	3.0725e-19 	   0 	   0 	  0 	   0 	   0 	  0 	   0 	   0 	2.9195e-15 	   0 	   0 	  0 	   0 	   0 	  0 	   0 	   0 	6.8229e-21 	   0 	   0 	  0 	   0 	   0 	  0 	   0 	   0 	2.4442e-19 	   0 	   0 	
1.343e+04 	  0 	   0 	   0 	  0 	   0 	   0 	  0 	   0 	   0 	  0 	   0 	   0 	  0 	   0 	   0 	  0 	   0 	   0 	4.6958e-33 	   0 	   0 	  0 	   0 	   0 	1.1639e-14 	   0 	   0 	  0 	   0 	   0 	  0 	   0 	   0 	  0 	   0 	   0 	  0 	   0 	   0 	  0 	   0 	   0 	  0 	   0 	   0 	1.7626e-14 	   0 	   0 	  0 	   0 	   0 	1.9307e-19 	   0 	   0 	4.9607e-15 	   0 	   0 	1.2561e-20 	   0 	   0 	  0 	   0 	   0 	  0 	   0 	   0 	1.1399e-14 	   0 	   0 	1.3996e-14 	   0 	   0 	6.2035e-20 	   0 	   0 	  0 	   0 	   0 	  0 	   0 	   0 	  0 	   0 	   0 	  0 	   0 	   0 	  0 	   0 	   0 	
1.365e+04 	  0 	   0 	   0 	  0 	   0 	   0 	  0 	   0 	   0 	  0 	   0 	   0 	  0 	   0 	   0 	1.005e-36 	   0 	   0 	  0 	   0 	   0 	5.7203e-18 	   0 	   0 	  0 	   0 	   0 	  0 	   0 	   0 	  0 	   0 	   0 	2.8793e-14 	   0 	   0 	  0 	   0 	   0 	1.8403e-23 	   0 	   0 	2.64e-17 	   0 	   0 	  0 	   0 	   0 	  0 	   0 	   0 	  0 	   0 	   0 	2.8691e-14 	   0 	   0 	  0 	   0 	   0 	  0 	   0 	   0 	1.2026e-14 	   0 	   0 	  0 	   0 	   0 	9.6477e-15 	   0 	   0 	2.468e-16 	   0 	   0 	1.2311e-14 	   0 	   0 	2.121e-19 	   0 	   0 	  0 	   0 	   0 	  0 	   0 	   0 	5.4097e-15 	   0 	   0 	
1.387e+04 	  0 	   0 	   0 	  0 	   0 	   0 	  0 	   0 	   0 	3.14e-49 	   0 	   0 	  0 	   0 	   0 	  0 	   0 	   0 	2.6641e-16 	   0 	   0 	1.0112e-30 	   0 	   0 	  0 	   0 	   0 	  0 	   0 	   0 	2.2144e-14 	   0 	   0 	  0 	   0 	   0 	  0 	   0 	   0 	1.425e-14 	   0 	   0 	7.9414e-19 	   0 	   0 	  0 	   0 	   0 	2.5243e-15 	   0 	   0 	  0 	   0 	   0 	1.4779e-14 	   0 	   0 	1.6223e-14 	   0 	   0 	2.2972e-16 	   0 	   0 	3.9169e-19 	   0 	   0 	  0 	   0 	   0 	8.6133e-15 	   0 	   0 	4.0287e-19 	   0 	   0 	3.2002e-15 	   0 	   0 	  0 	   0 	   0 	2.9218e-15 	   0 	   0 	8.1307e-15 	   0 	   0 	  0 	   0 	   0 	
1.409e+04 	  0 	   0 	   0 	  0 	   0 	   0 	  0 	   0 	   0 	  0 	   0 	   0 	  0 	   0 	   0 	  0 	   0 	   0 	  0 	   0 	   0 	  0 	   0 	   0 	  0 	   0 	   0 	2.1051e-14 	   0 	   0 	1.1953e-14 	   0 	   0 	  0 	   0 	   0 	2.1455e-18 	   0 	   0 	  0 	   0 	   0 	1.8437e-14 	   0 	   0 	  0 	   0 	   0 	1.1898e-14 	   0 	   0 	7.2247e-17 	   0 	   0 	1.0499e-19 	   0 	   0 	1.3818e-14 	   0 	   0 	1.3001e-14 	   0 	   0 	1.0034e-14 	   0 	   0 	1.8851e-16 	   0 	   0 	8.5129e-15 	   0 	   0 	  0 	   0 	   0 	2.9319e-15 	   0 	   0 	  0 	   0 	   0 	9.1591e-15 	   0 	   0 	  0 	   0 	   0 	  0 	   0 	   0 	
1.431e+04 	  0 	   0 	   0 	1.4645e-14 	   0 	   0 	8.5731e-18 	   0 	   0 	  0 	   0 	   0 	  0 	   0 	   0 	  0 	   0 	   0 	  0 	   0 	   0 	6.4631e-19 	   0 	   0 	  0 	   0 	   0 	  0 	   0 	   0 	5.0211e-26 	   0 	   0 	3.5105e-19 	   0 	   0 	2.0144e-14 	   0 	   0 	8.1991e-15 	   0 	   0 	1.813e-21 	   0 	   0 	1.1747e-20 	   0 	   0 	5.8598e-15 	   0 	   0 	7.2247e-17 	   0 	   0 	2.7124e-15 	   0 	   0 	  0 	   0 	   0 	  0 	   0 	   0 	  0 	   0 	   0 	1.0411e-14 	   0 	   0 	  0 	   0 	   0 	  0 	   0 	   0 	  0 	   0 	   0 	  0 	   0 	   0 	  0 	   0 	   0 	  0 	   0 	   0 	  0 	   0 	   0 	
1.453e+04 	  0 	   0 	   0 	  0 	   0 	   0 	  0 	   0 	   0 	  0 	   0 	   0 	  0 	   0 	   0 	  0 	   0 	   0 	  0 	   0 	   0 	  0 	   0 	   0 	1.5922e-18 	   0 	   0 	1.3672e-18 	   0 	   0 	1.8616e-14 	   0 	   0 	2.7059e-14 	   0 	   0 	  0 	   0 	   0 	  0 	   0 	   0 	  0 	   0 	   0 	1.8257e-14 	   0 	   0 	2.7453e-14 	   0 	   0 	1.5404e-14 	   0 	   0 	1.4827e-14 	   0 	   0 	1.4263e-14 	   0 	   0 	  0 	   0 	   0 	3.6345e-19 	   0 	   0 	3.6102e-18 	   0 	   0 	  0 	   0 	   0 	8.5254e-15 	   0 	   0 	  0 	   0 	   0 	2.9297e-15 	   0 	   0 	1.3916e-15 	   0 	   0 	2.7048e-15 	   0 	   0 	  0 	   0 	   0 	
1.475e+04 	  0 	   0 	   0 	  0 	   0 	   0 	  0 	   0 	   0 	  0 	   0 	   0 	  0 	   0 	   0 	  0 	   0 	   0 	  0 	   0 	   0 	  0 	   0 	   0 	  0 	   0 	   0 	  0 	   0 	   0 	2.6023e-14 	   0 	   0 	  0 	   0 	   0 	1.9777e-14 	   0 	   0 	1.9064e-14 	   0 	   0 	1.8706e-14 	   0 	   0 	3.9033e-17 	   0 	   0 	2.353e-18 	   0 	   0 	5.1776e-20 	   0 	   0 	6.2193e-15 	   0 	   0 	1.0959e-15 	   0 	   0 	2.2599e-20 	   0 	   0 	2.4442e-14 	   0 	   0 	1.8558e-15 	   0 	   0 	2.1481e-16 	   0 	   0 	  0 	   0 	   0 	3.7252e-19 	   0 	   0 	  0 	   0 	   0 	  0 	   0 	   0 	4.3647e-16 	   0 	   0 	  0 	   0 	   0 	
1.497e+04 	  0 	   0 	   0 	  0 	   0 	   0 	  0 	   0 	   0 	  0 	   0 	   0 	  0 	   0 	   0 	  0 	   0 	   0 	  0 	   0 	   0 	  0 	   0 	   0 	  0 	   0 	   0 	  0 	   0 	   0 	  0 	   0 	   0 	1.2763e-18 	   0 	   0 	  0 	   0 	   0 	2.1696e-14 	   0 	   0 	  0 	   0 	   0 	1.8218e-14 	   0 	   0 	  0 	   0 	   0 	  0 	   0 	   0 	9.2356e-17 	   0 	   0 	1.3268e-14 	   0 	   0 	1.203e-14 	   0 	   0 	  0 	   0 	   0 	3.8486e-20 	   0 	   0 	  0 	   0 	   0 	2.7634e-16 	   0 	   0 	  0 	   0 	   0 	2.121e-19 	   0 	   0 	4.3357e-15 	   0 	   0 	6.0689e-15 	   0 	   0 	  0 	   0 	   0 	
1.519e+04 	  0 	   0 	   0 	  0 	   0 	   0 	4.0495e-16 	   0 	   0 	  0 	   0 	   0 	  0 	   0 	   0 	  0 	   0 	   0 	  0 	   0 	   0 	  0 	   0 	   0 	1.0568e-16 	   0 	   0 	  0 	   0 	   0 	1.1056e-18 	   0 	   0 	8.6033e-15 	   0 	   0 	  0 	   0 	   0 	  0 	   0 	   0 	8.3631e-19 	   0 	   0 	  0 	   0 	   0 	  0 	   0 	   0 	3.1183e-14 	   0 	   0 	2.7124e-15 	   0 	   0 	8.2638e-15 	   0 	   0 	5.4125e-15 	   0 	   0 	1.7998e-16 	   0 	   0 	  0 	   0 	   0 	1.0831e-14 	   0 	   0 	  0 	   0 	   0 	1.6425e-16 	   0 	   0 	9.1515e-18 	   0 	   0 	8.903e-15 	   0 	   0 	  0 	   0 	   0 	  0 	   0 	   0 	
1.541e+04 	  0 	   0 	   0 	1.5526e-14 	   0 	   0 	  0 	   0 	   0 	  0 	   0 	   0 	  0 	   0 	   0 	  0 	   0 	   0 	  0 	   0 	   0 	3.8157e-14 	   0 	   0 	7.8636e-16 	   0 	   0 	1.604e-14 	   0 	   0 	  0 	   0 	   0 	  0 	   0 	   0 	  0 	   0 	   0 	  0 	   0 	   0 	  0 	   0 	   0 	1.7226e-14 	   0 	   0 	5.4476e-17 	   0 	   0 	  0 	   0 	   0 	9.2356e-17 	   0 	   0 	3.4886e-19 	   0 	   0 	  0 	   0 	   0 	1.1443e-14 	   0 	   0 	  0 	   0 	   0 	1.024e-14 	   0 	   0 	3.3351e-15 	   0 	   0 	  0 	   0 	   0 	  0 	   0 	   0 	3.2134e-16 	   0 	   0 	1.2964e-15 	   0 	   0 	  0 	   0 	   0 	
1.563e+04 	  0 	   0 	   0 	  0 	   0 	   0 	  0 	   0 	   0 	  0 	   0 	   0 	  0 	   0 	   0 	3.0551e-18 	   0 	   0 	  0 	   0 	   0 	  0 	   0 	   0 	  0 	   0 	   0 	  0 	   0 	   0 	2.4731e-14 	   0 	   0 	7.7424e-20 	   0 	   0 	7.183e-15 	   0 	   0 	  0 	   0 	   0 	2.2475e-15 	   0 	   0 	2.2438e-18 	   0 	   0 	1.6297e-14 	   0 	   0 	1.4366e-14 	   0 	   0 	2.7145e-14 	   0 	   0 	2.7795e-15 	   0 	   0 	  0 	   0 	   0 	1.6335e-16 	   0 	   0 	  0 	   0 	   0 	  0 	   0 	   0 	1.0476e-14 	   0 	   0 	1.3513e-19 	   0 	   0 	  0 	   0 	   0 	4.4997e-16 	   0 	   0 	3.4695e-16 	   0 	   0 	  0 	   0 	   0 	
1.585e+04 	  0 	   0 	   0 	  0 	   0 	   0 	  0 	   0 	   0 	  0 	   0 	   0 	  0 	   0 	   0 	  0 	   0 	   0 	  0 	   0 	   0 	  0 	   0 	   0 	3.4169e-14 	   0 	   0 	  0 	   0 	   0 	2.2456e-14 	   0 	   0 	  0 	   0 	   0 	2.4567e-14 	   0 	   0 	  0 	   0 	   0 	2.0472e-14 	   0 	   0 	1.8902e-14 	   0 	   0 	2.5272e-15 	   0 	   0 	2.7175e-16 	   0 	   0 	2.9929e-16 	   0 	   0 	1.2275e-17 	   0 	   0 	1.2561e-20 	   0 	   0 	1.1821e-14 	   0 	   0 	  0 	   0 	   0 	  0 	   0 	   0 	1.8986e-14 	   0 	   0 	2.121e-19 	   0 	   0 	3.346e-18 	   0 	   0 	7.3788e-15 	   0 	   0 	  0 	   0 	   0 	  0 	   0 	   0 	
1.607e+04 	  0 	   0 	   0 	  0 	   0 	   0 	  0 	   0 	   0 	  0 	   0 	   0 	6.9877e-18 	   0 	   0 	5.3133e-14 	   0 	   0 	  0 	   0 	   0 	  0 	   0 	   0 	  0 	   0 	   0 	  0 	   0 	   0 	3.001e-14 	   0 	   0 	3.1449e-24 	   0 	   0 	  0 	   0 	   0 	  0 	   0 	   0 	1.372e-16 	   0 	   0 	  0 	   0 	   0 	  0 	   0 	   0 	  0 	   0 	   0 	  0 	   0 	   0 	  0 	   0 	   0 	  0 	   0 	   0 	6.4495e-15 	   0 	   0 	1.3071e-14 	   0 	   0 	  0 	   0 	   0 	  0 	   0 	   0 	9.4454e-15 	   0 	   0 	9.2936e-15 	   0 	   0 	8.0187e-15 	   0 	   0 	1.5874e-15 	   0 	   0 	  0 	   0 	   0 	
1.629e+04 	  0 	   0 	   0 	  0 	   0 	   0 	  0 	   0 	   0 	  0 	   0 	   0 	  0 	   0 	   0 	  0 	   0 	   0 	  0 	   0 	   0 	  0 	   0 	   0 	  0 	   0 	   0 	1.6584e-14 	   0 	   0 	  0 	   0 	   0 	  0 	   0 	   0 	7.2442e-16 	   0 	   0 	  0 	   0 	   0 	  0 	   0 	   0 	1.4363e-14 	   0 	   0 	  0 	   0 	   0 	7.2247e-17 	   0 	   0 	7.0241e-19 	   0 	   0 	  0 	   0 	   0 	1.3797e-16 	   0 	   0 	1.4138e-14 	   0 	   0 	1.0315e-14 	   0 	   0 	  0 	   0 	   0 	  0 	   0 	   0 	1.0128e-14 	   0 	   0 	1.1737e-14 	   0 	   0 	2.9218e-15 	   0 	   0 	  0 	   0 	   0 	  0 	   0 	   0 	
1.651e+04 	  0 	   0 	   0 	  0 	   0 	   0 	  0 	   0 	   0 	  0 	   0 	   0 	  0 	   0 	   0 	  0 	   0 	   0 	  0 	   0 	   0 	  0 	   0 	   0 	  0 	   0 	   0 	  0 	   0 	   0 	  0 	   0 	   0 	  0 	   0 	   0 	  0 	   0 	   0 	  0 	   0 	   0 	  0 	   0 	   0 	  0 	   0 	   0 	  0 	   0 	   0 	  0 	   0 	   0 	1.3575e-14 	   0 	   0 	  0 	   0 	   0 	1.0923e-14 	   0 	   0 	9.414e-15 	   0 	   0 	  0 	   0 	   0 	1.0736e-14 	   0 	   0 	  0 	   0 	   0 	  0 	   0 	   0 	  0 	   0 	   0 	1.4705e-14 	   0 	   0 	1.7184e-15 	   0 	   0 	3.2943e-17 	   0 	   0 	
1.673e+04 	  0 	   0 	   0 	  0 	   0 	   0 	  0 	   0 	   0 	  0 	   0 	   0 	  0 	   0 	   0 	  0 	   0 	   0 	  0 	   0 	   0 	  0 	   0 	   0 	1.1627e-14 	   0 	   0 	  0 	   0 	   0 	2.4752e-14 	   0 	   0 	  0 	   0 	   0 	2.6335e-24 	   0 	   0 	1.6987e-14 	   0 	   0 	9.0698e-19 	   0 	   0 	  0 	   0 	   0 	  0 	   0 	   0 	3.2354e-15 	   0 	   0 	  0 	   0 	   0 	  0 	   0 	   0 	  0 	   0 	   0 	1.3668e-14 	   0 	   0 	  0 	   0 	   0 	3.4384e-17 	   0 	   0 	  0 	   0 	   0 	  0 	   0 	   0 	  0 	   0 	   0 	  0 	   0 	   0 	7.0427e-15 	   0 	   0 	3.7191e-16 	   0 	   0 	
1.695e+04 	  0 	   0 	   0 	  0 	   0 	   0 	  0 	   0 	   0 	3.14e-49 	   0 	   0 	  0 	   0 	   0 	  0 	   0 	   0 	  0 	   0 	   0 	  0 	   0 	   0 	2.686e-14 	   0 	   0 	3.3452e-14 	   0 	   0 	  0 	   0 	   0 	1.6267e-15 	   0 	   0 	1.9483e-14 	   0 	   0 	  0 	   0 	   0 	  0 	   0 	   0 	  0 	   0 	   0 	  0 	   0 	   0 	5.2563e-15 	   0 	   0 	  0 	   0 	   0 	3.5033e-15 	   0 	   0 	  0 	   0 	   0 	1.6279e-16 	   0 	   0 	1.0825e-14 	   0 	   0 	2.0107e-14 	   0 	   0 	  0 	   0 	   0 	9.7092e-15 	   0 	   0 	8.9895e-15 	   0 	   0 	  0 	   0 	   0 	1.1389e-15 	   0 	   0 	  0 	   0 	   0 	
1.717e+04 	  0 	   0 	   0 	  0 	   0 	   0 	  0 	   0 	   0 	  0 	   0 	   0 	  0 	   0 	   0 	  0 	   0 	   0 	  0 	   0 	   0 	1.1305e-21 	   0 	   0 	  0 	   0 	   0 	  0 	   0 	   0 	  0 	   0 	   0 	  0 	   0 	   0 	9.4078e-18 	   0 	   0 	2.0695e-15 	   0 	   0 	8.7746e-17 	   0 	   0 	3.9033e-17 	   0 	   0 	  0 	   0 	   0 	2.6751e-14 	   0 	   0 	  0 	   0 	   0 	1.6168e-14 	   0 	   0 	9.6388e-18 	   0 	   0 	1.1407e-14 	   0 	   0 	3.8137e-16 	   0 	   0 	1.0194e-14 	   0 	   0 	  0 	   0 	   0 	5.9116e-16 	   0 	   0 	  0 	   0 	   0 	6.1646e-15 	   0 	   0 	5.6046e-15 	   0 	   0 	  0 	   0 	   0 	
1.739e+04 	  0 	   0 	   0 	  0 	   0 	   0 	  0 	   0 	   0 	  0 	   0 	   0 	  0 	   0 	   0 	  0 	   0 	   0 	  0 	   0 	   0 	  0 	   0 	   0 	2.0899e-15 	   0 	   0 	  0 	   0 	   0 	  0 	   0 	   0 	  0 	   0 	   0 	  0 	   0 	   0 	  0 	   0 	   0 	  0 	   0 	   0 	  0 	   0 	   0 	2.5243e-15 	   0 	   0 	1.3837e-14 	   0 	   0 	9.7263e-21 	   0 	   0 	  0 	   0 	   0 	  0 	   0 	   0 	2.542e-17 	   0 	   0 	  0 	   0 	   0 	1.5181e-15 	   0 	   0 	  0 	   0 	   0 	2.9319e-15 	   0 	   0 	  0 	   0 	   0 	1.5698e-14 	   0 	   0 	  0 	   0 	   0 	  0 	   0 	   0 	
1.761e+04 	  0 	   0 	   0 	  0 	   0 	   0 	  0 	   0 	   0 	  0 	   0 	   0 	  0 	   0 	   0 	  0 	   0 	   0 	  0 	   0 	   0 	5.7203e-18 	   0 	   0 	9.6499e-19 	   0 	   0 	  0 	   0 	   0 	  0 	   0 	   0 	  0 	   0 	   0 	9.4078e-18 	   0 	   0 	  0 	   0 	   0 	  0 	   0 	   0 	  0 	   0 	   0 	1.6371e-14 	   0 	   0 	2.1966e-16 	   0 	   0 	8.3013e-16 	   0 	   0 	  0 	   0 	   0 	  0 	   0 	   0 	  0 	   0 	   0 	1.5907e-15 	   0 	   0 	  0 	   0 	   0 	1.6919e-14 	   0 	   0 	2.9319e-15 	   0 	   0 	  0 	   0 	   0 	1.6221e-15 	   0 	   0 	  0 	   0 	   0 	7.3096e-15 	   0 	   0 	
1.783e+04 	  0 	   0 	   0 	  0 	   0 	   0 	  0 	   0 	   0 	2.0294e-14 	   0 	   0 	  0 	   0 	   0 	  0 	   0 	   0 	  0 	   0 	   0 	  0 	   0 	   0 	6.7679e-15 	   0 	   0 	  0 	   0 	   0 	  0 	   0 	   0 	  0 	   0 	   0 	1.877e-14 	   0 	   0 	3.2911e-14 	   0 	   0 	2.2475e-15 	   0 	   0 	6.796e-16 	   0 	   0 	  0 	   0 	   0 	1.6092e-14 	   0 	   0 	2.7124e-15 	   0 	   0 	1.006e-14 	   0 	   0 	1.126e-15 	   0 	   0 	2.0642e-19 	   0 	   0 	3.0882e-15 	   0 	   0 	9.7261e-15 	   0 	   0 	  0 	   0 	   0 	  0 	   0 	   0 	3.3641e-17 	   0 	   0 	  0 	   0 	   0 	  0 	   0 	   0 	6.1076e-19 	   0 	   0 	
1.805e+04 	  0 	   0 	   0 	  0 	   0 	   0 	  0 	   0 	   0 	  0 	   0 	   0 	  0 	   0 	   0 	8.5771e-24 	   0 	   0 	1.5298e-18 	   0 	   0 	4.1025e-14 	   0 	   0 	  0 	   0 	   0 	  0 	   0 	   0 	  0 	   0 	   0 	2.5392e-14 	   0 	   0 	  0 	   0 	   0 	6.4419e-22 	   0 	   0 	  0 	   0 	   0 	1.5172e-14 	   0 	   0 	1.7464e-14 	   0 	   0 	6.757e-19 	   0 	   0 	  0 	   0 	   0 	  0 	   0 	   0 	1.3797e-16 	   0 	   0 	  0 	   0 	   0 	2.8993e-15 	   0 	   0 	  0 	   0 	   0 	1.5366e-19 	   0 	   0 	  0 	   0 	   0 	  0 	   0 	   0 	  0 	   0 	   0 	8.281e-15 	   0 	   0 	  0 	   0 	   0 	
1.827e+04 	  0 	   0 	   0 	  0 	   0 	   0 	  0 	   0 	   0 	  0 	   0 	   0 	  0 	   0 	   0 	  0 	   0 	   0 	  0 	   0 	   0 	  0 	   0 	   0 	  0 	   0 	   0 	2.4879e-14 	   0 	   0 	  0 	   0 	   0 	  0 	   0 	   0 	  0 	   0 	   0 	1.7006e-14 	   0 	   0 	  0 	   0 	   0 	  0 	   0 	   0 	1.0876e-16 	   0 	   0 	  0 	   0 	   0 	3.8366e-17 	   0 	   0 	  0 	   0 	   0 	1.217e-14 	   0 	   0 	2.7318e-17 	   0 	   0 	2.2325e-15 	   0 	   0 	8.5127e-15 	   0 	   0 	1.0714e-14 	   0 	   0 	1.1488e-16 	   0 	   0 	  0 	   0 	   0 	  0 	   0 	   0 	  0 	   0 	   0 	  0 	   0 	   0 	
1.849e+04 	  0 	   0 	   0 	  0 	   0 	   0 	  0 	   0 	   0 	  0 	   0 	   0 	  0 	   0 	   0 	  0 	   0 	   0 	4.7097e-14 	   0 	   0 	  0 	   0 	   0 	9.8354e-15 	   0 	   0 	  0 	   0 	   0 	4.8174e-16 	   0 	   0 	  0 	   0 	   0 	1.5523e-23 	   0 	   0 	  0 	   0 	   0 	1.6464e-14 	   0 	   0 	1.7651e-14 	   0 	   0 	3.771e-18 	   0 	   0 	1.1139e-14 	   0 	   0 	1.9772e-14 	   0 	   0 	  0 	   0 	   0 	7.8902e-15 	   0 	   0 	1.1938e-14 	   0 	   0 	  0 	   0 	   0 	  0 	   0 	   0 	  0 	   0 	   0 	2.9536e-15 	   0 	   0 	1.31e-18 	   0 	   0 	4.1165e-19 	   0 	   0 	3.4671e-16 	   0 	   0 	  0 	   0 	   0 	
1.871e+04 	  0 	   0 	   0 	  0 	   0 	   0 	1.0364e-20 	   0 	   0 	  0 	   0 	   0 	  0 	   0 	   0 	9.9473e-20 	   0 	   0 	  0 	   0 	   0 	  0 	   0 	   0 	8.3313e-19 	   0 	   0 	  0 	   0 	   0 	2.7054e-14 	   0 	   0 	  0 	   0 	   0 	  0 	   0 	   0 	  0 	   0 	   0 	  0 	   0 	   0 	  0 	   0 	   0 	7.7405e-15 	   0 	   0 	  0 	   0 	   0 	1.3309e-14 	   0 	   0 	  0 	   0 	   0 	  0 	   0 	   0 	  0 	   0 	   0 	  0 	   0 	   0 	1.2644e-14 	   0 	   0 	  0 	   0 	   0 	9.773e-15 	   0 	   0 	  0 	   0 	   0 	9.402e-15 	   0 	   0 	  0 	   0 	   0 	  0 	   0 	   0 	
1.893e+04 	  0 	   0 	   0 	  0 	   0 	   0 	  0 	   0 	   0 	  0 	   0 	   0 	  0 	   0 	   0 	6.5327e-15 	   0 	   0 	  0 	   0 	   0 	  0 	   0 	   0 	  0 	   0 	   0 	  0 	   0 	   0 	  0 	   0 	   0 	5.1783e-19 	   0 	   0 	  0 	   0 	   0 	1.7207e-14 	   0 	   0 	1.527e-14 	   0 	   0 	  0 	   0 	   0 	1.6429e-14 	   0 	   0 	  0 	   0 	   0 	1.3262e-14 	   0 	   0 	  0 	   0 	   0 	1.3106e-19 	   0 	   0 	3.5719e-19 	   0 	   0 	  0 	   0 	   0 	9.8555e-15 	   0 	   0 	  0 	   0 	   0 	2.6845e-16 	   0 	   0 	9.9568e-15 	   0 	   0 	9.0619e-15 	   0 	   0 	  0 	   0 	   0 	  0 	   0 	   0 	
1.915e+04 	  0 	   0 	   0 	  0 	   0 	   0 	  0 	   0 	   0 	  0 	   0 	   0 	  0 	   0 	   0 	  0 	   0 	   0 	  0 	   0 	   0 	  0 	   0 	   0 	  0 	   0 	   0 	  0 	   0 	   0 	  0 	   0 	   0 	3.6564e-19 	   0 	   0 	  0 	   0 	   0 	  0 	   0 	   0 	5.5267e-16 	   0 	   0 	  0 	   0 	   0 	  0 	   0 	   0 	  0 	   0 	   0 	1.3286e-14 	   0 	   0 	  0 	   0 	   0 	5.1876e-19 	   0 	   0 	1.8452e-16 	   0 	   0 	1.1524e-14 	   0 	   0 	4.2067e-20 	   0 	   0 	  0 	   0 	   0 	5.5403e-16 	   0 	   0 	  0 	   0 	   0 	  0 	   0 	   0 	3.5015e-15 	   0 	   0 	3.8068e-19 	   0 	   0 	
1.937e+04 	  0 	   0 	   0 	  0 	   0 	   0 	  0 	   0 	   0 	  0 	   0 	   0 	  0 	   0 	   0 	  0 	   0 	   0 	  0 	   0 	   0 	  0 	   0 	   0 	  0 	   0 	   0 	  0 	   0 	   0 	  0 	   0 	   0 	  0 	   0 	   0 	2.199e-14 	   0 	   0 	1.7336e-19 	   0 	   0 	1.7123e-14 	   0 	   0 	3.9033e-17 	   0 	   0 	  0 	   0 	   0 	  0 	   0 	   0 	  0 	   0 	   0 	2.3161e-16 	   0 	   0 	  0 	   0 	   0 	  0 	   0 	   0 	  0 	   0 	   0 	1.1653e-14 	   0 	   0 	  0 	   0 	   0 	5.8638e-15 	   0 	   0 	8.9584e-15 	   0 	   0 	  0 	   0 	   0 	8.173e-15 	   0 	   0 	  0 	   0 	   0 	
1.959e+04 	  0 	   0 	   0 	  0 	   0 	   0 	  0 	   0 	   0 	  0 	   0 	   0 	  0 	   0 	   0 	  0 	   0 	   0 	  0 	   0 	   0 	  0 	   0 	   0 	  0 	   0 	   0 	  0 	   0 	   0 	  0 	   0 	   0 	7.3767e-20 	   0 	   0 	  0 	   0 	   0 	  0 	   0 	   0 	  0 	   0 	   0 	  0 	   0 	   0 	1.2813e-14 	   0 	   0 	3.2117e-15 	   0 	   0 	3.1741e-21 	   0 	   0 	  0 	   0 	   0 	6.2183e-17 	   0 	   0 	2.8386e-15 	   0 	   0 	  0 	   0 	   0 	2.1481e-16 	   0 	   0 	1.0316e-14 	   0 	   0 	9.32e-15 	   0 	   0 	  0 	   0 	   0 	2.6543e-15 	   0 	   0 	4.019e-19 	   0 	   0 	  0 	   0 	   0 	
1.981e+04 	  0 	   0 	   0 	  0 	   0 	   0 	4.0235e-14 	   0 	   0 	  0 	   0 	   0 	  0 	   0 	   0 	  0 	   0 	   0 	  0 	   0 	   0 	  0 	   0 	   0 	  0 	   0 	   0 	  0 	   0 	   0 	2.4903e-14 	   0 	   0 	  0 	   0 	   0 	9.4078e-18 	   0 	   0 	1.4579e-14 	   0 	   0 	  0 	   0 	   0 	  0 	   0 	   0 	  0 	   0 	   0 	  0 	   0 	   0 	  0 	   0 	   0 	  0 	   0 	   0 	2.8867e-15 	   0 	   0 	  0 	   0 	   0 	  0 	   0 	   0 	  0 	   0 	   0 	3.8595e-15 	   0 	   0 	9.362e-15 	   0 	   0 	  0 	   0 	   0 	  0 	   0 	   0 	2.8469e-15 	   0 	   0 	3.7191e-16 	   0 	   0 	
2.003e+04 	  0 	   0 	   0 	  0 	   0 	   0 	  0 	   0 	   0 	  0 	   0 	   0 	  0 	   0 	   0 	  0 	   0 	   0 	  0 	   0 	   0 	  0 	   0 	   0 	  0 	   0 	   0 	  0 	   0 	   0 	7.8109e-18 	   0 	   0 	  0 	   0 	   0 	9.0537e-15 	   0 	   0 	  0 	   0 	   0 	  0 	   0 	   0 	2.2072e-14 	   0 	   0 	2.4803e-19 	   0 	   0 	  0 	   0 	   0 	1.8619e-15 	   0 	   0 	  0 	   0 	   0 	1.3275e-14 	   0 	   0 	8.2591e-15 	   0 	   0 	  0 	   0 	   0 	  0 	   0 	   0 	  0 	   0 	   0 	3.4827e-19 	   0 	   0 	1.4633e-16 	   0 	   0 	  0 	   0 	   0 	9.5571e-15 	   0 	   0 	3.7191e-16 	   0 	   0 	
2.025e+04 	  0 	   0 	   0 	  0 	   0 	   0 	  0 	   0 	   0 	  0 	   0 	   0 	  0 	   0 	   0 	  0 	   0 	   0 	5.2002e-14 	   0 	   0 	  0 	   0 	   0 	1.0744e-28 	   0 	   0 	3.2623e-14 	   0 	   0 	  0 	   0 	   0 	  0 	   0 	   0 	  0 	   0 	   0 	1.6554e-17 	   0 	   0 	  0 	   0 	   0 	1.0879e-14 	   0 	   0 	1.0517e-14 	   0 	   0 	  0 	   0 	   0 	1.5096e-14 	   0 	   0 	  0 	   0 	   0 	  0 	   0 	   0 	  0 	   0 	   0 	1.4704e-14 	   0 	   0 	  0 	   0 	   0 	2.4143e-16 	   0 	   0 	  0 	   0 	   0 	9.8162e-17 	   0 	   0 	1.0342e-15 	   0 	   0 	  0 	   0 	   0 	  0 	   0 	   0 	
2.047e+04 	  0 	   0 	   0 	  0 	   0 	   0 	  0 	   0 	   0 	6.0685e-15 	   0 	   0 	  0 	   0 	   0 	  0 	   0 	   0 	  0 	   0 	   0 	  0 	   0 	   0 	  0 	   0 	   0 	  0 	   0 	   0 	  0 	   0 	   0 	  0 	   0 	   0 	  0 	   0 	   0 	3.3884e-22 	   0 	   0 	4.9532e-15 	   0 	   0 	1.7679e-14 	   0 	   0 	1.0876e-16 	   0 	   0 	  0 	   0 	   0 	  0 	   0 	   0 	1.1491e-16 	   0 	   0 	  0 	   0 	   0 	  0 	   0 	   0 	7.9148e-15 	   0 	   0 	2.9179e-15 	   0 	   0 	  0 	   0 	   0 	2.6812e-16 	   0 	   0 	1.3992e-19 	   0 	   0 	  0 	   0 	   0 	  0 	   0 	   0 	3.4422e-23 	   0 	   0 	
2.069e+04 	  0 	   0 	   0 	  0 	   0 	   0 	  0 	   0 	   0 	  0 	   0 	   0 	  0 	   0 	   0 	  0 	   0 	   0 	  0 	   0 	   0 	  0 	   0 	   0 	5.4426e-19 	   0 	   0 	  0 	   0 	   0 	  0 	   0 	   0 	  0 	   0 	   0 	2.1964e-14 	   0 	   0 	  0 	   0 	   0 	  0 	   0 	   0 	  0 	   0 	   0 	1.905e-14 	   0 	   0 	  0 	   0 	   0 	  0 	   0 	   0 	1.6562e-14 	   0 	   0 	1.3797e-16 	   0 	   0 	  0 	   0 	   0 	1.8345e-17 	   0 	   0 	2.1098e-14 	   0 	   0 	  0 	   0 	   0 	  0 	   0 	   0 	4.7392e-15 	   0 	   0 	3.0268e-19 	   0 	   0 	  0 	   0 	   0 	  0 	   0 	   0 	
2.091e+04 	  0 	   0 	   0 	  0 	   0 	   0 	  0 	   0 	   0 	  0 	   0 	   0 	  0 	   0 	   0 	  0 	   0 	   0 	  0 	   0 	   0 	  0 	   0 	   0 	  0 	   0 	   0 	  0 	   0 	   0 	  0 	   0 	   0 	  0 	   0 	   0 	  0 	   0 	   0 	2.0657e-14 	   0 	   0 	  0 	   0 	   0 	4.3634e-18 	   0 	   0 	  0 	   0 	   0 	  0 	   0 	   0 	  0 	   0 	   0 	1.4077e-14 	   0 	   0 	  0 	   0 	   0 	9.8315e-15 	   0 	   0 	1.8851e-16 	   0 	   0 	  0 	   0 	   0 	1.0586e-14 	   0 	   0 	1.1558e-14 	   0 	   0 	6.5404e-17 	   0 	   0 	  0 	   0 	   0 	  0 	   0 	   0 	3.252e-15 	   0 	   0 	
2.113e+04 	  0 	   0 	   0 	  0 	   0 	   0 	  0 	   0 	   0 	  0 	   0 	   0 	  0 	   0 	   0 	  0 	   0 	   0 	1.4063e-30 	   0 	   0 	  0 	   0 	   0 	  0 	   0 	   0 	  0 	   0 	   0 	  0 	   0 	   0 	1.0004e-18 	   0 	   0 	4.6679e-17 	   0 	   0 	  0 	   0 	   0 	2.2475e-15 	   0 	   0 	2.2963e-16 	   0 	   0 	1.4096e-21 	   0 	   0 	4.6907e-20 	   0 	   0 	  0 	   0 	   0 	2.1593e-14 	   0 	   0 	  0 	   0 	   0 	1.2352e-17 	   0 	   0 	1.0303e-14 	   0 	   0 	6.1172e-19 	   0 	   0 	2.9284e-15 	   0 	   0 	  0 	   0 	   0 	6.1656e-17 	   0 	   0 	  0 	   0 	   0 	  0 	   0 	   0 	  0 	   0 	   0 	
2.135e+04 	  0 	   0 	   0 	  0 	   0 	   0 	  0 	   0 	   0 	  0 	   0 	   0 	  0 	   0 	   0 	  0 	   0 	   0 	  0 	   0 	   0 	  0 	   0 	   0 	  0 	   0 	   0 	2.2554e-14 	   0 	   0 	  0 	   0 	   0 	1.6792e-14 	   0 	   0 	  0 	   0 	   0 	  0 	   0 	   0 	7.3115e-19 	   0 	   0 	2.3983e-15 	   0 	   0 	  0 	   0 	   0 	  0 	   0 	   0 	1.7686e-14 	   0 	   0 	  0 	   0 	   0 	9.6607e-15 	   0 	   0 	1.366e-14 	   0 	   0 	  0 	   0 	   0 	  0 	   0 	   0 	  0 	   0 	   0 	  0 	   0 	   0 	8.9163e-15 	   0 	   0 	5.0933e-15 	   0 	   0 	  0 	   0 	   0 	  0 	   0 	   0 	
2.157e+04 	  0 	   0 	   0 	  0 	   0 	   0 	  0 	   0 	   0 	  0 	   0 	   0 	  0 	   0 	   0 	  0 	   0 	   0 	  0 	   0 	   0 	  0 	   0 	   0 	  0 	   0 	   0 	  0 	   0 	   0 	  0 	   0 	   0 	5.326e-18 	   0 	   0 	  0 	   0 	   0 	4.0245e-14 	   0 	   0 	1.9974e-14 	   0 	   0 	  0 	   0 	   0 	  0 	   0 	   0 	  0 	   0 	   0 	  0 	   0 	   0 	  0 	   0 	   0 	  0 	   0 	   0 	  0 	   0 	   0 	  0 	   0 	   0 	  0 	   0 	   0 	3.1701e-15 	   0 	   0 	  0 	   0 	   0 	2.9048e-19 	   0 	   0 	3.2093e-16 	   0 	   0 	  0 	   0 	   0 	  0 	   0 	   0 	
2.179e+04 	  0 	   0 	   0 	  0 	   0 	   0 	  0 	   0 	   0 	  0 	   0 	   0 	  0 	   0 	   0 	  0 	   0 	   0 	5.3358e-14 	   0 	   0 	  0 	   0 	   0 	  0 	   0 	   0 	  0 	   0 	   0 	  0 	   0 	   0 	  0 	   0 	   0 	  0 	   0 	   0 	9.3805e-19 	   0 	   0 	  0 	   0 	   0 	2.3983e-15 	   0 	   0 	  0 	   0 	   0 	1.5992e-14 	   0 	   0 	1.3544e-15 	   0 	   0 	  0 	   0 	   0 	1.3439e-14 	   0 	   0 	2.123e-14 	   0 	   0 	2.3684e-20 	   0 	   0 	8.9753e-15 	   0 	   0 	  0 	   0 	   0 	  0 	   0 	   0 	7.1615e-15 	   0 	   0 	8.0433e-15 	   0 	   0 	  0 	   0 	   0 	  0 	   0 	   0 	
2.201e+04 	  0 	   0 	   0 	  0 	   0 	   0 	  0 	   0 	   0 	  0 	   0 	   0 	  0 	   0 	   0 	  0 	   0 	   0 	  0 	   0 	   0 	  0 	   0 	   0 	  0 	   0 	   0 	  0 	   0 	   0 	  0 	   0 	   0 	3.7853e-18 	   0 	   0 	  0 	   0 	   0 	  0 	   0 	   0 	6.4419e-22 	   0 	   0 	6.5093e-19 	   0 	   0 	  0 	   0 	   0 	  0 	   0 	   0 	7.0186e-15 	   0 	   0 	  0 	   0 	   0 	  0 	   0 	   0 	  0 	   0 	   0 	1.1671e-14 	   0 	   0 	  0 	   0 	   0 	2.9285e-15 	   0 	   0 	  0 	   0 	   0 	9.0947e-15 	   0 	   0 	  0 	   0 	   0 	  0 	   0 	   0 	3.8909e-19 	   0 	   0 	
2.223e+04 	  0 	   0 	   0 	  0 	   0 	   0 	2.6142e-19 	   0 	   0 	  0 	   0 	   0 	  0 	   0 	   0 	  0 	   0 	   0 	  0 	   0 	   0 	  0 	   0 	   0 	1.5991e-14 	   0 	   0 	  0 	   0 	   0 	  0 	   0 	   0 	  0 	   0 	   0 	  0 	   0 	   0 	  0 	   0 	   0 	  0 	   0 	   0 	  0 	   0 	   0 	  0 	   0 	   0 	  0 	   0 	   0 	  0 	   0 	   0 	  0 	   0 	   0 	2.8318e-15 	   0 	   0 	  0 	   0 	   0 	2.1159e-14 	   0 	   0 	  0 	   0 	   0 	9.6572e-15 	   0 	   0 	  0 	   0 	   0 	  0 	   0 	   0 	  0 	   0 	   0 	7.9811e-16 	   0 	   0 	  0 	   0 	   0 	
2.245e+04 	  0 	   0 	   0 	  0 	   0 	   0 	  0 	   0 	   0 	  0 	   0 	   0 	  0 	   0 	   0 	  0 	   0 	   0 	  0 	   0 	   0 	  0 	   0 	   0 	1.6328e-20 	   0 	   0 	  0 	   0 	   0 	  0 	   0 	   0 	2.2558e-14 	   0 	   0 	  0 	   0 	   0 	2.2315e-14 	   0 	   0 	7.9414e-19 	   0 	   0 	  0 	   0 	   0 	  0 	   0 	   0 	  0 	   0 	   0 	  0 	   0 	   0 	  0 	   0 	   0 	  0 	   0 	   0 	  0 	   0 	   0 	  0 	   0 	   0 	1.4127e-14 	   0 	   0 	9.7289e-20 	   0 	   0 	  0 	   0 	   0 	3.4925e-15 	   0 	   0 	8.6678e-15 	   0 	   0 	8.4389e-15 	   0 	   0 	  0 	   0 	   0 	
2.267e+04 	  0 	   0 	   0 	  0 	   0 	   0 	  0 	   0 	   0 	  0 	   0 	   0 	  0 	   0 	   0 	  0 	   0 	   0 	  0 	   0 	   0 	  0 	   0 	   0 	  0 	   0 	   0 	1.0792e-15 	   0 	   0 	  0 	   0 	   0 	  0 	   0 	   0 	1.8627e-15 	   0 	   0 	  0 	   0 	   0 	  0 	   0 	   0 	  0 	   0 	   0 	  0 	   0 	   0 	  0 	   0 	   0 	  0 	   0 	   0 	  0 	   0 	   0 	  0 	   0 	   0 	1.2411e-14 	   0 	   0 	  0 	   0 	   0 	4.5495e-19 	   0 	   0 	  0 	   0 	   0 	  0 	   0 	   0 	  0 	   0 	   0 	  0 	   0 	   0 	  0 	   0 	   0 	  0 	   0 	   0 	
2.289e+04 	  0 	   0 	   0 	  0 	   0 	   0 	  0 	   0 	   0 	  0 	   0 	   0 	  0 	   0 	   0 	  0 	   0 	   0 	  0 	   0 	   0 	  0 	   0 	   0 	  0 	   0 	   0 	2.4092e-14 	   0 	   0 	  0 	   0 	   0 	  0 	   0 	   0 	  0 	   0 	   0 	  0 	   0 	   0 	2.754e-18 	   0 	   0 	  0 	   0 	   0 	3.4514e-16 	   0 	   0 	  0 	   0 	   0 	9.7668e-15 	   0 	   0 	  0 	   0 	   0 	2.3202e-14 	   0 	   0 	1.6279e-16 	   0 	   0 	4.3774e-15 	   0 	   0 	  0 	   0 	   0 	  0 	   0 	   0 	4.9827e-17 	   0 	   0 	8.6677e-19 	   0 	   0 	  0 	   0 	   0 	  0 	   0 	   0 	  0 	   0 	   0 	
