2 
50
30 0.25 15.25 
1.220e+03 	9.0394e-14 	   0 	   0 	1.0811e-14 	   0 	   0 	3.5841e-20 	   0 	   0 	  0 	   0 	   0 	  0 	   0 	   0 	  0 	   0 	   0 	  0 	   0 	   0 	  0 	   0 	   0 	  0 	   0 	   0 	  0 	   0 	   0 	  0 	   0 	   0 	  0 	   0 	   0 	  0 	   0 	   0 	  0 	   0 	   0 	  0 	   0 	   0 	  0 	   0 	   0 	  0 	   0 	   0 	  0 	   0 	   0 	  0 	   0 	   0 	  0 	   0 	   0 	  0 	   0 	   0 	  0 	   0 	   0 	  0 	   0 	   0 	  0 	   0 	   0 	  0 	   0 	   0 	  0 	   0 	   0 	  0 	   0 	   0 	  0 	   0 	   0 	  0 	   0 	   0 	  0 	   0 	   0 	
1.660e+03 	1.5496e-13 	 -4.0856e-19 	 1.6961e-19 	2.7838e-17 	   0 	   0 	8.4259e-16 	   0 	   0 	5.8681e-20 	   0 	   0 	  0 	   0 	   0 	  0 	   0 	   0 	  0 	   0 	   0 	  0 	   0 	   0 	  0 	   0 	   0 	  0 	   0 	   0 	  0 	   0 	   0 	  0 	   0 	   0 	  0 	   0 	   0 	  0 	   0 	   0 	  0 	   0 	   0 	  0 	   0 	   0 	  0 	   0 	   0 	  0 	   0 	   0 	  0 	   0 	   0 	  0 	   0 	   0 	  0 	   0 	   0 	  0 	   0 	   0 	  0 	   0 	   0 	  0 	   0 	   0 	  0 	   0 	   0 	  0 	   0 	   0 	  0 	   0 	   0 	  0 	   0 	   0 	  0 	   0 	   0 	  0 	   0 	   0 	
2.100e+03 	2.5611e-13 	 2.9297e-18 	 -3.9794e-18 	1.3847e-15 	 2.0134e-17 	 -2.4353e-17 	7.2734e-15 	   0 	   0 	1.3039e-15 	   0 	   0 	1.475e-16 	   0 	   0 	2.9955e-19 	   0 	   0 	  0 	   0 	   0 	7.3267e-21 	   0 	   0 	4.1936e-16 	   0 	   0 	  0 	   0 	   0 	  0 	   0 	   0 	  0 	   0 	   0 	  0 	   0 	   0 	  0 	   0 	   0 	  0 	   0 	   0 	  0 	   0 	   0 	  0 	   0 	   0 	  0 	   0 	   0 	  0 	   0 	   0 	  0 	   0 	   0 	  0 	   0 	   0 	  0 	   0 	   0 	  0 	   0 	   0 	  0 	   0 	   0 	  0 	   0 	   0 	  0 	   0 	   0 	  0 	   0 	   0 	  0 	   0 	   0 	  0 	   0 	   0 	  0 	   0 	   0 	
2.540e+03 	2.3732e-13 	 -4.2533e-18 	 6.431e-18 	1.5255e-14 	 -2.2496e-19 	 -5.9205e-19 	2.8816e-14 	   0 	   0 	8.7838e-15 	   0 	   0 	7.2934e-15 	   0 	   0 	4.9909e-16 	   0 	   0 	4.2858e-16 	   0 	   0 	2.455e-15 	   0 	   0 	3.3396e-38 	   0 	   0 	7.8622e-20 	   0 	   0 	1.428e-28 	   0 	   0 	  0 	   0 	   0 	  0 	   0 	   0 	  0 	   0 	   0 	  0 	   0 	   0 	  0 	   0 	   0 	  0 	   0 	   0 	  0 	   0 	   0 	  0 	   0 	   0 	  0 	   0 	   0 	  0 	   0 	   0 	  0 	   0 	   0 	  0 	   0 	   0 	  0 	   0 	   0 	  0 	   0 	   0 	  0 	   0 	   0 	  0 	   0 	   0 	  0 	   0 	   0 	  0 	   0 	   0 	  0 	   0 	   0 	
2.980e+03 	2.2754e-13 	 -2.9705e-16 	 -2.8038e-16 	8.0105e-14 	 -2.4294e-16 	 8.922e-17 	2.3505e-14 	 3.0294e-19 	 6.958e-19 	3.9216e-14 	 2.1006e-20 	 9.096e-20 	9.9338e-15 	   0 	   0 	7.9776e-15 	   0 	   0 	4.595e-15 	   0 	   0 	4.4469e-15 	   0 	   0 	2.2031e-15 	   0 	   0 	1.7512e-17 	   0 	   0 	2.0433e-15 	   0 	   0 	1.3733e-15 	   0 	   0 	3.2211e-16 	   0 	   0 	1.061e-15 	   0 	   0 	7.3935e-113 	   0 	   0 	  0 	   0 	   0 	1.1287e-16 	   0 	   0 	8.7537e-81 	   0 	   0 	  0 	   0 	   0 	  0 	   0 	   0 	  0 	   0 	   0 	  0 	   0 	   0 	  0 	   0 	   0 	  0 	   0 	   0 	  0 	   0 	   0 	  0 	   0 	   0 	  0 	   0 	   0 	  0 	   0 	   0 	  0 	   0 	   0 	  0 	   0 	   0 	
3.420e+03 	3.6612e-13 	 -2.9062e-16 	 -1.1731e-16 	1.2433e-13 	 -1.1627e-18 	 4.2769e-20 	4.4744e-14 	   0 	   0 	5.8228e-14 	 -1.3811e-21 	 1.9642e-20 	2.902e-14 	   0 	   0 	1.4263e-14 	   0 	   0 	1.3523e-14 	   0 	   0 	1.3596e-14 	   0 	   0 	7.5708e-15 	   0 	   0 	6.096e-16 	   0 	   0 	1.6785e-15 	   0 	   0 	2.4454e-15 	   0 	   0 	2.2005e-15 	   0 	   0 	2.6289e-19 	   0 	   0 	7.6951e-16 	   0 	   0 	1.0894e-15 	   0 	   0 	9.6912e-22 	   0 	   0 	1.008e-15 	   0 	   0 	2.885e-69 	   0 	   0 	2.6299e-52 	   0 	   0 	  0 	   0 	   0 	1.0319e-53 	   0 	   0 	  0 	   0 	   0 	  0 	   0 	   0 	3.7139e-42 	   0 	   0 	  0 	   0 	   0 	  0 	   0 	   0 	  0 	   0 	   0 	  0 	   0 	   0 	  0 	   0 	   0 	
3.860e+03 	3.1949e-13 	 -3.6055e-15 	 5.4002e-15 	1.8908e-13 	 1.3583e-18 	 4.0058e-19 	8.9689e-14 	 -2.6072e-18 	 -4.1213e-17 	6.5213e-14 	   0 	   0 	5.3644e-14 	 2.0259e-17 	 4.9022e-17 	3.6697e-14 	   0 	   0 	3.1278e-14 	   0 	   0 	2.7656e-14 	   0 	   0 	2.1842e-14 	   0 	   0 	1.4743e-14 	   0 	   0 	7.9957e-15 	   0 	   0 	1.0117e-14 	   0 	   0 	2.5283e-15 	   0 	   0 	1.4315e-15 	   0 	   0 	1.101e-17 	   0 	   0 	2.3314e-15 	   0 	   0 	2.4641e-15 	   0 	   0 	1.0807e-15 	   0 	   0 	1.2841e-15 	   0 	   0 	7.4877e-16 	   0 	   0 	6.6152e-21 	   0 	   0 	5.4577e-16 	   0 	   0 	5.7881e-16 	   0 	   0 	3.3484e-16 	   0 	   0 	2.4912e-21 	   0 	   0 	9.2112e-16 	   0 	   0 	1.0408e-15 	   0 	   0 	6.8832e-21 	   0 	   0 	  0 	   0 	   0 	  0 	   0 	   0 	
4.300e+03 	4.9723e-13 	 2.9844e-15 	 1.1955e-15 	2.4319e-13 	 2.8195e-17 	 7.5629e-18 	1.6662e-13 	 2.5462e-19 	 -5.5954e-20 	1.5429e-13 	 1.7149e-20 	 -1.1586e-19 	8.234e-14 	   0 	   0 	5.7161e-14 	   0 	   0 	4.8813e-14 	   0 	   0 	4.2513e-14 	   0 	   0 	2.1506e-14 	   0 	   0 	1.246e-14 	   0 	   0 	1.1448e-14 	   0 	   0 	2.1554e-14 	   0 	   0 	1.3453e-14 	   0 	   0 	6.8867e-15 	   0 	   0 	6.8332e-15 	   0 	   0 	4.634e-16 	   0 	   0 	5.6706e-16 	   0 	   0 	3.1436e-15 	   0 	   0 	9.1759e-17 	   0 	   0 	2.1314e-15 	   0 	   0 	1.5227e-20 	   0 	   0 	6.1098e-16 	   0 	   0 	6.4028e-16 	   0 	   0 	5.4695e-16 	   0 	   0 	5.5827e-16 	   0 	   0 	5.5767e-16 	   0 	   0 	5.0887e-16 	   0 	   0 	2.1721e-17 	   0 	   0 	4.358e-16 	   0 	   0 	  0 	   0 	   0 	
4.740e+03 	5.7599e-13 	 1.9465e-15 	 4.3291e-15 	2.4945e-13 	 -1.768e-15 	 1.5368e-15 	2.5398e-13 	 -4.6291e-18 	 -2.7724e-18 	2.0444e-13 	 2.8954e-20 	 4.1643e-19 	1.3846e-13 	   0 	   0 	1.2106e-13 	   0 	   0 	8.0276e-14 	 1.1838e-18 	 2.9908e-18 	5.1093e-14 	 -1.8832e-20 	 -3.6534e-20 	5.4052e-14 	   0 	   0 	4.3264e-14 	 1.2909e-17 	 1.0215e-17 	2.6067e-14 	   0 	   0 	3.1668e-14 	   0 	   0 	1.4386e-14 	   0 	   0 	1.6341e-14 	   0 	   0 	1.1311e-14 	   0 	   0 	7.4329e-15 	   0 	   0 	9.2645e-15 	   0 	   0 	7.2673e-15 	   0 	   0 	1.6006e-15 	   0 	   0 	4.2279e-15 	   0 	   0 	1.2733e-15 	 2.8981e-19 	 1.0465e-18 	1.8126e-15 	   0 	   0 	1.2513e-15 	   0 	   0 	1.1612e-15 	   0 	   0 	1.014e-15 	   0 	   0 	6.9487e-16 	   0 	   0 	2.0871e-20 	   0 	   0 	9.5061e-16 	   0 	   0 	9.1924e-18 	   0 	   0 	5.4318e-16 	   0 	   0 	
5.180e+03 	6.1218e-13 	 -2.6631e-14 	 2.184e-14 	3.3938e-13 	 -8.9279e-18 	 3.0937e-16 	2.7051e-13 	 -1.4408e-16 	 1.1876e-16 	2.2805e-13 	 1.4241e-18 	 5.2184e-18 	1.4424e-13 	 2.1344e-16 	 1.4078e-15 	1.4326e-13 	 2.8074e-19 	 -3.1492e-18 	8.8889e-14 	 -9.4175e-22 	 4.666e-21 	8.3591e-14 	   0 	   0 	4.9472e-14 	 5.9941e-20 	 -2.7172e-20 	4.6023e-14 	   0 	   0 	3.7033e-14 	   0 	   0 	2.9502e-14 	   0 	   0 	1.9708e-14 	   0 	   0 	2.134e-14 	   0 	   0 	1.6862e-14 	   0 	   0 	1.4124e-14 	   0 	   0 	6.5707e-15 	   0 	   0 	8.4723e-15 	   0 	   0 	4.2877e-15 	   0 	   0 	7.0524e-15 	   0 	   0 	5.1639e-15 	   0 	   0 	3.17e-15 	   0 	   0 	2.0033e-15 	   0 	   0 	2.4843e-15 	   0 	   0 	1.4218e-15 	   0 	   0 	8.2427e-16 	   0 	   0 	1.4879e-15 	   0 	   0 	4.7816e-17 	   0 	   0 	1.3892e-15 	   0 	   0 	1.9085e-20 	   0 	   0 	
5.620e+03 	5.8974e-13 	 -7.4168e-15 	 -4.8122e-15 	3.7877e-13 	 -2.0033e-15 	 6.0351e-16 	3.1399e-13 	 7.9534e-18 	 -3.1829e-17 	2.8247e-13 	 5.0748e-16 	 -3.098e-16 	1.8632e-13 	 4.2993e-21 	 5.8292e-20 	1.7333e-13 	 4.5701e-21 	 1.5374e-20 	9.3917e-14 	 2.711e-18 	 5.3137e-19 	8.8552e-14 	   0 	   0 	6.2957e-14 	 -6.6134e-19 	 6.9516e-20 	4.2773e-14 	 -3.4659e-21 	 -9.6398e-21 	3.7371e-14 	   0 	   0 	3.3707e-14 	   0 	   0 	3.0156e-14 	   0 	   0 	2.7761e-14 	   0 	   0 	2.6328e-14 	   0 	   0 	1.4993e-14 	   0 	   0 	1.2971e-14 	   0 	   0 	9.2322e-15 	   0 	   0 	6.3256e-15 	   0 	   0 	6.0153e-15 	   0 	   0 	5.6026e-15 	   0 	   0 	3.1103e-15 	   0 	   0 	4.5854e-15 	   0 	   0 	4.6353e-15 	 -1.2547e-17 	 -2.0412e-17 	1.5321e-15 	   0 	   0 	2.8918e-15 	   0 	   0 	2.6688e-15 	   0 	   0 	1.0822e-15 	   0 	   0 	1.4637e-15 	   0 	   0 	7.9111e-16 	   0 	   0 	
6.060e+03 	9.1631e-13 	 -2.6629e-14 	 -6.1286e-15 	4.4385e-13 	 -4.8547e-16 	 -2.8692e-15 	3.5386e-13 	 8.1155e-16 	 -6.2448e-15 	2.5664e-13 	 3.3774e-16 	 4.0679e-15 	1.9754e-13 	 1.2707e-18 	 1.2404e-18 	1.5086e-13 	 -4.7927e-16 	 -1.9718e-16 	1.1773e-13 	 6.3586e-20 	 4.9873e-20 	8.9343e-14 	 7.9619e-21 	 2.9104e-21 	7.4224e-14 	 -3.6112e-21 	 1.3903e-21 	6.024e-14 	 2.793e-22 	 1.867e-22 	5.6635e-14 	   0 	   0 	4.6398e-14 	   0 	   0 	3.2962e-14 	   0 	   0 	3.4259e-14 	   0 	   0 	2.7123e-14 	   0 	   0 	2.2405e-14 	 -1.4233e-22 	 9.9735e-23 	1.2861e-14 	 7.1221e-24 	 -3.0523e-23 	1.7806e-14 	   0 	   0 	1.1986e-14 	   0 	   0 	1.1699e-14 	   0 	   0 	1.1838e-14 	   0 	   0 	7.3319e-15 	   0 	   0 	6.6061e-15 	   0 	   0 	3.7582e-15 	   0 	   0 	3.0369e-15 	   0 	   0 	3.6249e-15 	   0 	   0 	2.8047e-15 	   0 	   0 	1.9756e-15 	   0 	   0 	1.7064e-15 	   0 	   0 	1.2826e-15 	   0 	   0 	
6.500e+03 	8.1373e-13 	 1.0576e-14 	 -3.8644e-14 	4.7666e-13 	 1.1342e-14 	 -1.1089e-15 	4.0322e-13 	 -1.945e-15 	 6.7816e-15 	2.3669e-13 	 1.2096e-15 	 3.0596e-15 	1.9931e-13 	 4.7317e-17 	 4.4661e-17 	1.5282e-13 	 -2.2394e-16 	 5.7893e-16 	1.2315e-13 	 -1.5016e-16 	 -3.36e-17 	9.4764e-14 	   0 	   0 	1.0831e-13 	   0 	   0 	5.7509e-14 	 -2.208e-20 	 2.7901e-20 	7.5702e-14 	   0 	   0 	5.082e-14 	   0 	   0 	4.4894e-14 	   0 	   0 	4.1033e-14 	 2.9559e-18 	 -2.0197e-19 	1.9453e-14 	   0 	   0 	2.6954e-14 	   0 	   0 	2.0019e-14 	   0 	   0 	2.2039e-14 	   0 	   0 	9.2035e-15 	 -3.8743e-22 	 -2.8935e-22 	8.0384e-15 	   0 	   0 	8.7906e-15 	   0 	   0 	7.2283e-15 	   0 	   0 	3.8628e-15 	   0 	   0 	7.2606e-15 	   0 	   0 	7.0369e-15 	   0 	   0 	5.6826e-15 	   0 	   0 	3.3088e-15 	   0 	   0 	1.6397e-15 	   0 	   0 	3.8116e-15 	   0 	   0 	6.4928e-16 	   0 	   0 	
6.940e+03 	5.4724e-13 	 -1.8767e-14 	 -8.9512e-14 	3.5241e-13 	 2.3147e-15 	 -5.9294e-16 	3.757e-13 	 -2.4546e-15 	 7.8048e-15 	2.861e-13 	 -4.2765e-15 	 3.7238e-15 	1.5176e-13 	 -3.2222e-16 	 1.9866e-16 	1.7905e-13 	 5.6612e-17 	 7.0818e-17 	1.2228e-13 	 4.5523e-20 	 -2.7524e-21 	9.2569e-14 	 -1.4082e-17 	 -1.3394e-17 	7.2155e-14 	 8.1148e-18 	 -5.8883e-18 	5.6e-14 	   0 	   0 	6.291e-14 	 9.8423e-17 	 5.5696e-16 	5.2802e-14 	 3.5121e-21 	 -5.2315e-21 	4.2919e-14 	 -7.9702e-18 	 5.9448e-18 	4.2888e-14 	   0 	   0 	3.2602e-14 	   0 	   0 	1.9145e-14 	 -1.1025e-22 	 -2.1278e-22 	2.2856e-14 	   0 	   0 	1.6021e-14 	 -1.8531e-20 	 9.5048e-21 	1.3427e-14 	   0 	   0 	1.3897e-14 	   0 	   0 	8.9445e-15 	   0 	   0 	9.3852e-15 	   0 	   0 	1.1282e-14 	 3.1392e-21 	 -4.5569e-21 	7.4073e-15 	   0 	   0 	3.7368e-15 	   0 	   0 	4.3833e-15 	   0 	   0 	3.762e-15 	   0 	   0 	4.2691e-15 	 7.4028e-21 	 -4.2091e-21 	3.6902e-15 	   0 	   0 	1.6708e-15 	   0 	   0 	
7.380e+03 	2.5824e-13 	 -6.6965e-18 	 1.4852e-16 	4.645e-13 	 -1.0813e-14 	 -7.2413e-15 	2.5512e-13 	 9.8512e-15 	 8.9463e-15 	2.5763e-13 	 2.81e-16 	 3.2676e-16 	1.6232e-13 	 6.2605e-16 	 -1.1779e-15 	1.5664e-13 	 -7.8385e-20 	 6.7397e-21 	9.548e-14 	 1.5035e-17 	 1.6987e-16 	9.7044e-14 	 -2.6815e-17 	 -8.5084e-17 	8.218e-14 	   0 	   0 	5.2785e-14 	 2.877e-18 	 6.718e-19 	6.5399e-14 	 -3.456e-16 	 -1.2962e-15 	5.4588e-14 	   0 	   0 	5.0329e-14 	   0 	   0 	3.3062e-14 	 -6.0767e-19 	 1.953e-18 	3.1276e-14 	 -4.4651e-21 	 -6.3746e-22 	2.591e-14 	 2.0152e-22 	 -3.1937e-22 	2.2826e-14 	   0 	   0 	2.8377e-14 	   0 	   0 	1.4035e-14 	   0 	   0 	1.6612e-14 	   0 	   0 	1.0701e-14 	   0 	   0 	8.8192e-15 	   0 	   0 	7.8101e-15 	   0 	   0 	4.2522e-15 	   0 	   0 	4.513e-15 	   0 	   0 	6.7368e-15 	   0 	   0 	5.6433e-15 	   0 	   0 	5.8173e-15 	   0 	   0 	2.093e-15 	   0 	   0 	3.38e-15 	   0 	   0 	
7.820e+03 	4.4545e-13 	 -6.3181e-14 	 2.7553e-14 	2.8232e-13 	 2.4166e-14 	 -2.889e-16 	1.9447e-13 	 -1.1638e-15 	 8.4299e-16 	1.5599e-13 	 -1.0592e-15 	 8.3873e-16 	1.8345e-13 	 -9.7853e-16 	 -1.1972e-15 	1.4237e-13 	 2.3829e-16 	 1.9441e-16 	9.2931e-14 	 -4.7749e-16 	 3.256e-16 	8.9205e-14 	 -1.474e-17 	 6.1569e-17 	7.3767e-14 	   0 	   0 	5.4238e-14 	 1.5438e-22 	 -4.1311e-22 	6.9448e-14 	 5.1546e-18 	 6.2366e-18 	4.1857e-14 	 -1.2062e-18 	 -7.1769e-18 	4.8174e-14 	 -2.3279e-21 	 6.2433e-22 	3.1298e-14 	   0 	   0 	2.1386e-14 	 -2.7005e-21 	 -2.1561e-21 	1.6978e-14 	 8.403e-22 	 -2.2145e-21 	2.1873e-14 	   0 	   0 	1.2449e-14 	   0 	   0 	1.7638e-14 	   0 	   0 	1.5827e-14 	   0 	   0 	1.353e-14 	   0 	   0 	1.3652e-14 	   0 	   0 	9.7392e-15 	   0 	   0 	9.1356e-15 	   0 	   0 	6.5664e-15 	 5.2863e-17 	 -3.8608e-17 	5.5272e-15 	   0 	   0 	8.9876e-15 	   0 	   0 	4.6999e-15 	 1.377e-16 	 5.3292e-17 	4.7397e-15 	   0 	   0 	2.6906e-15 	   0 	   0 	
8.260e+03 	2.9096e-13 	 -3.0376e-14 	 -6.4952e-15 	2.5061e-13 	 2.2181e-15 	 4.0816e-16 	2.2554e-13 	 2.2007e-16 	 1.0401e-14 	1.361e-13 	 -3.7205e-16 	 2.6786e-15 	1.2236e-13 	 2.163e-16 	 2.1243e-16 	9.4011e-14 	 2.9816e-16 	 8.8049e-17 	8.624e-14 	 5.9402e-16 	 -1.9869e-16 	6.8686e-14 	 1.2893e-15 	 1.5662e-15 	5.3854e-14 	 -5.0353e-17 	 1.0471e-18 	4.1982e-14 	 4.4683e-17 	 -6.4963e-17 	5.7517e-14 	 1.1082e-17 	 1.1351e-17 	3.136e-14 	   0 	   0 	3.7558e-14 	 -4.8058e-17 	 9.2902e-18 	3.4707e-14 	 1.0947e-16 	 -9.6028e-17 	2.5861e-14 	   0 	   0 	2.1281e-14 	   0 	   0 	2.5092e-14 	   0 	   0 	1.5574e-14 	   0 	   0 	9.0865e-15 	   0 	   0 	1.2324e-14 	   0 	   0 	1.1053e-14 	 -2.1783e-18 	 3.7248e-18 	1.2426e-14 	 -8.4222e-18 	 -1.5367e-17 	5.219e-15 	 -8.9877e-21 	 6.0981e-21 	1.1544e-14 	 -1.4857e-16 	 9.5881e-17 	6.764e-15 	   0 	   0 	5.2663e-15 	 6.7004e-21 	 -1.0152e-20 	2.9921e-15 	   0 	   0 	1.6922e-15 	 1.4898e-20 	 -9.9198e-22 	4.6254e-15 	   0 	   0 	4.053e-15 	   0 	   0 	
8.700e+03 	1.0655e-13 	 5.1117e-14 	 5.0677e-14 	3.2138e-13 	 -1.1405e-14 	 -2.5985e-14 	1.4453e-13 	 3.2653e-16 	 -2.4224e-15 	1.4875e-13 	 -3.7291e-15 	 -3.6465e-19 	6.6844e-14 	 3.0425e-23 	 8.7825e-24 	9.3634e-14 	 1.486e-17 	 2.0882e-16 	6.9749e-14 	 -1.236e-16 	 6.9928e-17 	4.8947e-14 	 2.5244e-16 	 -1.0472e-16 	6.0486e-14 	 -6.3458e-16 	 1.1767e-15 	3.8443e-14 	 2.0672e-17 	 -1.3976e-16 	3.2489e-14 	   0 	   0 	3.4242e-14 	 -2.8775e-16 	 -4.5002e-16 	2.2071e-14 	   0 	   0 	2.4397e-14 	 -5.55e-16 	 -3.8157e-16 	3.1323e-14 	   0 	   0 	1.611e-14 	   0 	   0 	2.0357e-14 	   0 	   0 	1.2459e-14 	 3.132e-19 	 -6.638e-19 	9.6628e-15 	   0 	   0 	9.4286e-15 	 -2.4631e-16 	 8.7167e-17 	1.0411e-14 	   0 	   0 	9.6724e-15 	   0 	   0 	8.6438e-15 	   0 	   0 	9.2764e-15 	   0 	   0 	7.7655e-15 	   0 	   0 	8.3739e-15 	   0 	   0 	6.5204e-15 	   0 	   0 	4.0239e-15 	   0 	   0 	7.8109e-15 	   0 	   0 	3.716e-15 	   0 	   0 	
9.140e+03 	4.1215e-14 	 -2.093e-16 	 -6.2863e-15 	2.3781e-13 	 -2.6195e-14 	 8.7839e-15 	9.5349e-14 	 -4.7149e-20 	 1.9975e-19 	1.0097e-13 	 3.526e-15 	 8.0823e-16 	7.8928e-14 	 -4.7102e-15 	 -2.5476e-16 	4.0611e-14 	 2.9142e-15 	 8.3591e-16 	6.2375e-14 	 -2.0175e-17 	 8.3597e-18 	5.219e-14 	 1.1573e-21 	 3.3774e-22 	5.5256e-14 	 -1.0089e-20 	 -6.7692e-20 	3.7421e-14 	 7.9986e-20 	 -5.9494e-18 	4.2908e-14 	   0 	   0 	3.7012e-14 	 2.2639e-17 	 -2.9502e-16 	1.8595e-14 	 -2.5779e-18 	 -2.6265e-18 	2.6968e-14 	 -4.402e-17 	 9.2924e-17 	1.7773e-14 	 -1.698e-18 	 -3.4651e-18 	2.1207e-14 	   0 	   0 	1.9898e-14 	   0 	   0 	4.2029e-15 	 1.2814e-18 	 3.1638e-18 	1.7671e-14 	 1.873e-17 	 -2.3885e-17 	8.0006e-15 	   0 	   0 	1.4204e-14 	 -3.3779e-20 	 -8.8178e-20 	6.7584e-15 	 -5.6587e-19 	 1.2398e-18 	6.7044e-15 	   0 	   0 	9.8814e-15 	 4.4853e-20 	 2.0099e-19 	4.9606e-15 	   0 	   0 	3.5681e-15 	 -6.313e-20 	 1.9613e-19 	7.274e-15 	   0 	   0 	4.6336e-15 	   0 	   0 	3.5212e-15 	   0 	   0 	4.4878e-15 	   0 	   0 	
9.580e+03 	5.4292e-14 	 3.8178e-14 	 -1.741e-14 	1.0869e-13 	 -3.5335e-15 	 1.4631e-14 	9.4286e-14 	 4.152e-16 	 -1.7645e-15 	5.1883e-14 	 1.5665e-15 	 -1.7128e-16 	8.4673e-14 	 2.3936e-16 	 7.7032e-16 	5.9605e-14 	 1.5254e-16 	 7.9104e-16 	5.4671e-14 	 2.556e-16 	 3.4525e-17 	6.1207e-14 	 -7.5767e-19 	 -1.4979e-18 	4.0357e-14 	 -6.1456e-16 	 1.0482e-15 	2.5441e-14 	 2.4953e-17 	 -7.3096e-16 	3.486e-14 	 2.561e-21 	 8.3032e-21 	3.0586e-14 	 1.0983e-20 	 6.5208e-21 	2.193e-14 	   0 	   0 	1.9881e-14 	   0 	   0 	1.728e-14 	 5.0921e-17 	 5.4879e-18 	2.1617e-14 	 1.892e-17 	 4.2476e-18 	1.3506e-14 	   0 	   0 	9.6749e-15 	 -5.5823e-19 	 5.7839e-19 	1.5946e-14 	 -7.8599e-20 	 -5.1634e-20 	8.7847e-15 	   0 	   0 	1.0803e-14 	   0 	   0 	6.2151e-15 	   0 	   0 	3.8428e-15 	   0 	   0 	4.6087e-15 	   0 	   0 	6.0029e-15 	   0 	   0 	5.525e-15 	   0 	   0 	3.9242e-15 	 -5.8973e-18 	 1.1927e-18 	3.0997e-15 	   0 	   0 	2.4687e-15 	   0 	   0 	3.3918e-15 	   0 	   0 	
1.002e+04 	3.5501e-15 	 7.2298e-16 	 -3.2447e-15 	8.831e-14 	 -2.4599e-15 	 -3.4612e-16 	8.8924e-14 	 7.9423e-15 	 3.1881e-15 	9.7591e-14 	 6.6706e-15 	 2.7658e-16 	4.1794e-14 	 1.0972e-15 	 3.0301e-15 	3.6033e-14 	 4.3033e-17 	 1.731e-16 	3.7017e-14 	 1.2318e-15 	 2.075e-16 	2.6566e-14 	 7.1177e-18 	 9.7926e-18 	3.364e-14 	 -1.2386e-15 	 3.4441e-16 	2.1451e-14 	 9.2527e-17 	 7.967e-17 	2.2207e-14 	   0 	   0 	1.4155e-14 	 -3.462e-16 	 9.4525e-16 	1.4174e-14 	   0 	   0 	1.7891e-14 	 -3.465e-18 	 -1.1372e-16 	1.6662e-14 	   0 	   0 	1.7926e-14 	 -6.0795e-19 	 1.1314e-18 	1.3486e-14 	   0 	   0 	1.1079e-14 	 1.7139e-17 	 5.3462e-18 	8.6953e-15 	   0 	   0 	1.0593e-14 	 -2.5934e-16 	 -1.2389e-16 	7.2802e-15 	 -1.8706e-16 	 6.8223e-17 	9.4984e-15 	   0 	   0 	7.331e-15 	   0 	   0 	4.1418e-15 	   0 	   0 	3.9983e-15 	 -4.995e-18 	 -2.1157e-18 	3.6356e-15 	   0 	   0 	5.5616e-15 	   0 	   0 	2.3993e-15 	   0 	   0 	3.4123e-15 	   0 	   0 	3.844e-15 	   0 	   0 	
1.046e+04 	6.5513e-14 	 1.5497e-14 	 -1.2772e-14 	9.6907e-14 	 -8.8868e-15 	 7.3706e-16 	3.2955e-14 	   0 	   0 	2.44e-14 	   0 	   0 	4.2766e-14 	 8.5788e-16 	 1.6795e-15 	2.7935e-14 	 2.816e-16 	 2.2371e-18 	4.6393e-14 	 1.9615e-16 	 9.6014e-16 	3.4967e-14 	 -6.8933e-16 	 6.203e-16 	1.9023e-14 	 6.0065e-16 	 -7.5874e-16 	2.2863e-14 	   0 	   0 	1.777e-14 	   0 	   0 	2.6281e-14 	 -6.0375e-17 	 -3.1365e-17 	2.3691e-14 	   0 	   0 	1.5612e-14 	 -4.0068e-19 	 1.2871e-18 	1.1964e-14 	 1.5441e-18 	 2.2688e-18 	2.1233e-14 	 3.9138e-16 	 -1.166e-16 	9.2255e-15 	 6.9834e-18 	 9.8831e-19 	1.1981e-14 	 -8.053e-17 	 -6.6884e-17 	1.1079e-14 	   0 	   0 	7.056e-15 	 -1.6834e-17 	 -5.8302e-17 	1.1463e-14 	 -4.6717e-17 	 -4.1904e-17 	8.0051e-15 	   0 	   0 	9.9288e-15 	   0 	   0 	1.089e-14 	 -2.1155e-18 	 -1.3117e-16 	8.5628e-15 	 2.7716e-18 	 1.4769e-17 	5.9424e-15 	   0 	   0 	5.8665e-15 	 1.1757e-16 	 5.6894e-17 	5.2077e-15 	   0 	   0 	4.7741e-15 	   0 	   0 	3.4333e-15 	   0 	   0 	
1.090e+04 	5.0711e-14 	 4.4019e-14 	 -2.4895e-14 	4.6969e-14 	 1.1625e-14 	 -9.7109e-15 	8.2836e-14 	 2.0364e-14 	 -1.0167e-16 	4.0909e-14 	 1.0654e-15 	 -8.3241e-16 	3.215e-14 	   0 	   0 	1.6902e-14 	 1.1648e-15 	 -9.1167e-16 	3.4536e-14 	 -1.9095e-15 	 -1.7582e-16 	3.4764e-14 	 6.8412e-17 	 1.8915e-16 	3.884e-14 	 1.4341e-15 	 2.7786e-15 	1.1432e-14 	 -2.3369e-16 	 -3.9653e-16 	1.3022e-14 	   0 	   0 	1.4735e-14 	 -1.444e-16 	 -1.6211e-16 	1.787e-14 	   0 	   0 	1.2624e-14 	   0 	   0 	1.1959e-14 	   0 	   0 	1.1335e-14 	 5.2626e-18 	 2.3619e-18 	1.2394e-14 	 1.0319e-16 	 -6.0089e-18 	1.5096e-14 	 1.5384e-18 	 -6.7591e-18 	1.1006e-14 	 1.4384e-16 	 -9.6631e-17 	1.3038e-14 	   0 	   0 	1.3172e-14 	   0 	   0 	9.6151e-15 	   0 	   0 	7.5944e-15 	   0 	   0 	4.9667e-15 	   0 	   0 	5.9393e-15 	   0 	   0 	6.881e-15 	   0 	   0 	3.3891e-15 	 -1.6667e-17 	 1.4696e-17 	6.3005e-15 	   0 	   0 	3.3317e-15 	 1.0177e-16 	 1.7599e-16 	2.4466e-15 	   0 	   0 	
1.134e+04 	1.2962e-13 	 3.9915e-14 	 -2.422e-14 	1.9268e-14 	 -1.6815e-15 	 -1.6387e-15 	3.1449e-14 	 4.1408e-15 	 -1.66e-15 	9.7977e-15 	   0 	   0 	2.3083e-14 	 2.6657e-15 	 7.0213e-16 	8.3655e-15 	 1.799e-17 	 -1.4239e-17 	2.8367e-14 	 -4.4901e-21 	 -6.556e-21 	3.3944e-14 	 -3.3059e-16 	 9.8841e-16 	2.1856e-14 	   0 	   0 	2.4837e-14 	 -3.3564e-16 	 4.1938e-16 	1.9567e-14 	 7.015e-18 	 6.7104e-17 	1.7091e-14 	 6.9034e-16 	 6.9949e-16 	1.0578e-14 	   0 	   0 	1.5926e-14 	 -3.5908e-19 	 3.944e-19 	1.6782e-14 	   0 	   0 	1.2108e-14 	 1.3531e-17 	 1.0133e-17 	1.6435e-14 	   0 	   0 	1.0081e-14 	   0 	   0 	1.3674e-14 	   0 	   0 	9.4067e-15 	   0 	   0 	9.8892e-15 	   0 	   0 	1.1541e-14 	   0 	   0 	7.8518e-15 	   0 	   0 	1.0396e-14 	   0 	   0 	8.1807e-15 	   0 	   0 	6.2356e-15 	   0 	   0 	5.4881e-15 	   0 	   0 	8.0161e-15 	   0 	   0 	5.6349e-15 	   0 	   0 	4.546e-15 	   0 	   0 	
1.178e+04 	4.0589e-15 	 2.8753e-15 	 -2.7567e-15 	3.4822e-14 	 1.4505e-15 	 -7.4953e-16 	8.1596e-14 	 7.858e-17 	 2.2123e-16 	2.3245e-14 	 -2.0205e-15 	 -9.2616e-16 	2.4158e-14 	 -6.0806e-16 	 2.0678e-15 	3.2184e-14 	 3.0389e-16 	 -2.5167e-15 	3.7851e-14 	 -4.3905e-16 	 -2.1149e-16 	4.8095e-14 	 7.3805e-16 	 -1.2991e-15 	2.4388e-14 	 2.4461e-16 	 -2.3529e-16 	1.8949e-14 	   0 	   0 	3.6986e-14 	 -8.4605e-17 	 4.6176e-16 	5.1282e-15 	 9.3667e-16 	 5.4477e-16 	1.835e-14 	 -6.1651e-18 	 -2.0924e-17 	1.7662e-14 	 6.2336e-17 	 2.2207e-17 	1.9352e-14 	   0 	   0 	1.6457e-14 	 -2.5976e-17 	 1.4201e-18 	1.4086e-14 	 1.3832e-18 	 -2.2534e-18 	1.0961e-14 	 -5.5753e-19 	 -4.5131e-18 	1.0381e-14 	 -2.1845e-17 	 -1.7724e-17 	1.2742e-14 	   0 	   0 	1.0547e-14 	 -1.7196e-17 	 -1.0274e-17 	6.8977e-15 	 3.7039e-17 	 7.091e-18 	9.2557e-15 	 2.0485e-16 	 2.0644e-16 	8.0663e-15 	   0 	   0 	9.1333e-15 	   0 	   0 	7.2742e-15 	   0 	   0 	9.8581e-15 	 -6.5763e-17 	 -3.9468e-17 	5.4565e-15 	   0 	   0 	3.4833e-15 	   0 	   0 	3.1735e-15 	   0 	   0 	
1.222e+04 	1.4567e-13 	 -4.802e-14 	 -6.385e-14 	1.2138e-15 	 -3.6639e-16 	 -1.132e-15 	1.9171e-14 	 -1.7858e-16 	 -6.1215e-16 	2.8469e-14 	 3.9708e-16 	 1.5686e-15 	1.2624e-14 	 2.4758e-15 	 -1.4914e-15 	3.9886e-14 	 -1.4696e-16 	 -7.9115e-19 	1.6969e-14 	 -2.6321e-16 	 6.7925e-16 	2.4501e-14 	 1.0138e-16 	 -2.6268e-17 	1.6502e-14 	 -1.3755e-16 	 1.6693e-16 	2.132e-14 	 -1.9497e-17 	 2.1742e-17 	2.4147e-14 	 2.424e-16 	 -3.9662e-17 	1.7206e-14 	 -1.5606e-22 	 1.3329e-21 	1.3933e-14 	   0 	   0 	2.5579e-14 	 1.7716e-16 	 -1.3384e-16 	2.2517e-14 	 -3.0712e-16 	 5.6712e-17 	1.4886e-14 	 -4.5766e-16 	 5.3738e-16 	1.3626e-14 	 2.1276e-17 	 2.6785e-17 	1.5525e-14 	 1.1145e-17 	 -7.0234e-17 	1.1506e-14 	 -4.8934e-17 	 -5.4596e-17 	8.5042e-15 	   0 	   0 	1.2693e-14 	   0 	   0 	1.164e-14 	   0 	   0 	1.163e-14 	   0 	   0 	5.8762e-15 	   0 	   0 	1.1087e-14 	   0 	   0 	4.5136e-15 	   0 	   0 	8.1509e-15 	 -9.2434e-19 	 8.2155e-18 	8.7259e-15 	   0 	   0 	5.3158e-15 	   0 	   0 	4.3375e-15 	   0 	   0 	
1.266e+04 	9.1949e-17 	 1.4117e-17 	 -1.5666e-17 	2.5426e-14 	   0 	   0 	3.0841e-14 	   0 	   0 	1.5335e-14 	 1.89e-15 	 -3.8073e-15 	2.4322e-14 	 1.0609e-16 	 1.4331e-15 	1.3367e-14 	 -7.0257e-18 	 1.0428e-16 	2.2277e-14 	 -1.434e-16 	 -1.5095e-15 	1.5639e-14 	 -2.619e-16 	 -8.7268e-16 	1.9552e-14 	   0 	   0 	2.1437e-14 	 -6.9988e-20 	 -7.0226e-20 	2.3225e-14 	 -5.0742e-20 	 1.6547e-18 	2.1827e-14 	 4.353e-16 	 -4.4565e-16 	1.258e-14 	   0 	   0 	1.5855e-14 	 -2.0655e-19 	 3.4389e-19 	1.7379e-14 	 -1.0585e-16 	 -9.8204e-17 	1.4021e-14 	 6.1897e-17 	 4.0964e-17 	8.2515e-15 	   0 	   0 	1.2034e-14 	 -1.3716e-17 	 -3.426e-20 	2.063e-14 	 1.3126e-19 	 -1.1e-18 	1.6411e-14 	 1.2651e-17 	 -1.7697e-17 	7.5082e-15 	 2.0663e-18 	 -2.9649e-18 	1.2676e-14 	   0 	   0 	1.2161e-14 	 3.5803e-17 	 5.8359e-17 	8.6624e-15 	   0 	   0 	1.1066e-14 	   0 	   0 	7.7269e-15 	   0 	   0 	1.1454e-14 	   0 	   0 	8.0099e-15 	   0 	   0 	5.3516e-15 	   0 	   0 	5.1435e-15 	   0 	   0 	
1.310e+04 	2.3611e-17 	 1.3639e-17 	 -1.0102e-17 	4.6637e-14 	   0 	   0 	4.2932e-14 	 -4.9522e-16 	 4.7406e-15 	1.9319e-14 	 -1.2401e-19 	 -6.0262e-20 	2.4525e-14 	   0 	   0 	1.6493e-14 	   0 	   0 	2.0646e-14 	   0 	   0 	2.8285e-14 	 1.9477e-20 	 2.0821e-19 	2.9663e-14 	 1.0493e-15 	 9.616e-18 	2.4412e-14 	 -6.8899e-16 	 1.2837e-16 	1.7555e-14 	   0 	   0 	2.1499e-14 	 5.6988e-18 	 2.1333e-17 	1.9303e-14 	   0 	   0 	1.4475e-14 	   0 	   0 	1.5595e-14 	 1.6231e-18 	 6.1329e-16 	1.4036e-14 	 2.4721e-21 	 -1.5794e-20 	9.4235e-15 	   0 	   0 	1.7065e-14 	 -2.3199e-18 	 1.0626e-18 	8.6664e-15 	   0 	   0 	1.3111e-14 	 -1.1643e-17 	 -3.1691e-16 	1.4629e-14 	   0 	   0 	1.1418e-14 	   0 	   0 	5.514e-15 	   0 	   0 	8.5378e-15 	   0 	   0 	7.5708e-15 	   0 	   0 	8.3031e-15 	 -2.1683e-17 	 -3.7783e-18 	7.5693e-15 	   0 	   0 	6.2777e-15 	   0 	   0 	4.5332e-15 	   0 	   0 	5.0198e-15 	   0 	   0 	
1.354e+04 	1.311e-13 	 -6.7703e-14 	 3.3602e-14 	2.0772e-14 	   0 	   0 	2.0493e-14 	 2.0372e-16 	 8.997e-17 	2.2001e-14 	 -4.2266e-16 	 3.1145e-16 	1.8037e-14 	   0 	   0 	2.2398e-14 	 -1.4263e-17 	 -9.2186e-17 	2.8535e-14 	   0 	   0 	2.7232e-14 	   0 	   0 	1.8566e-14 	 -2.4431e-16 	 2.166e-16 	1.5646e-14 	   0 	   0 	3.7948e-14 	 2.2104e-17 	 1.7331e-18 	2.5232e-14 	   0 	   0 	2.3194e-14 	 1.333e-16 	 -4.4864e-17 	1.5259e-14 	   0 	   0 	1.3615e-14 	 1.1271e-16 	 8.6994e-18 	1.9301e-14 	   0 	   0 	2.0174e-14 	 1.6763e-16 	 -9.3961e-17 	1.3778e-14 	 2.6117e-17 	 -5.8005e-17 	1.0782e-14 	 2.4272e-18 	 4.7882e-18 	1.1721e-14 	   0 	   0 	1.2366e-14 	 4.043e-17 	 -1.5867e-19 	9.8306e-15 	   0 	   0 	9.06e-15 	   0 	   0 	1.3207e-14 	   0 	   0 	1.0225e-14 	   0 	   0 	7.5104e-15 	   0 	   0 	8.0019e-15 	   0 	   0 	8.6919e-15 	   0 	   0 	5.3166e-15 	   0 	   0 	7.0932e-15 	   0 	   0 	
1.398e+04 	2.4668e-14 	 -2.4003e-14 	 -4.1279e-15 	8.2503e-15 	   0 	   0 	4.2136e-14 	   0 	   0 	4.6941e-14 	   0 	   0 	6.005e-15 	 -2.2042e-16 	 6.207e-17 	1.2685e-14 	   0 	   0 	2.5988e-14 	 -1.4e-16 	 5.4368e-16 	1.5423e-14 	   0 	   0 	1.7861e-14 	   0 	   0 	2.6803e-14 	 2.0675e-20 	 -2.2626e-21 	2.2753e-14 	 3.2569e-16 	 -5.6232e-16 	2.0482e-14 	   0 	   0 	2.2679e-14 	 2.1767e-16 	 -6.9655e-16 	1.726e-14 	 -2.2998e-19 	 1.0481e-19 	2.0922e-14 	 2.2021e-17 	 -8.9098e-17 	1.6581e-14 	 2.0837e-17 	 3.7219e-18 	1.1746e-14 	   0 	   0 	1.1968e-14 	 8.4373e-19 	 4.3217e-20 	1.603e-14 	   0 	   0 	1.4584e-14 	 -8.687e-18 	 3.984e-18 	1.3761e-14 	 -8.2815e-19 	 -5.126e-18 	8.1398e-15 	 1.0326e-17 	 9.7989e-18 	9.8094e-15 	   0 	   0 	1.1072e-14 	   0 	   0 	7.7319e-15 	 -6.0661e-19 	 1.5959e-18 	1.0278e-14 	   0 	   0 	5.5414e-15 	   0 	   0 	6.9096e-15 	   0 	   0 	9.5279e-15 	   0 	   0 	3.0683e-15 	   0 	   0 	
1.442e+04 	  0 	   0 	   0 	1.2282e-14 	   0 	   0 	1.8178e-14 	   0 	   0 	2.2736e-14 	 1.3275e-15 	 1.743e-15 	1.4363e-14 	 -3.0709e-19 	 -3.1261e-20 	2.5613e-14 	 1.3221e-16 	 -6.7794e-16 	3.5631e-14 	 7.3657e-16 	 -2.7167e-16 	2.2357e-14 	   0 	   0 	1.1735e-14 	   0 	   0 	1.4037e-14 	 3.6923e-20 	 -1.2245e-20 	1.6668e-14 	 -1.8777e-17 	 -1.1867e-18 	2.2518e-14 	 2.5181e-16 	 -3.8959e-16 	1.3429e-14 	   0 	   0 	1.9798e-14 	   0 	   0 	1.626e-14 	 -1.7909e-18 	 -2.8574e-19 	1.333e-14 	 3.4012e-16 	 4.1663e-17 	1.6506e-14 	   0 	   0 	1.549e-14 	 -3.1149e-17 	 -2.3762e-17 	1.9118e-14 	 8.6218e-17 	 2.269e-18 	8.976e-15 	   0 	   0 	8.427e-15 	   0 	   0 	5.972e-15 	   0 	   0 	9.688e-15 	   0 	   0 	7.1056e-15 	 7.6909e-18 	 -6.8829e-17 	1.0182e-14 	   0 	   0 	6.1879e-15 	   0 	   0 	8.8961e-15 	 -2.8489e-18 	 4.773e-18 	7.5482e-15 	 -6.8083e-17 	 5.714e-17 	8.9808e-15 	   0 	   0 	7.7946e-15 	 -1.6437e-16 	 -3.1009e-17 	
1.486e+04 	  0 	   0 	   0 	  0 	   0 	   0 	7.7383e-15 	 -1.938e-16 	 -3.754e-16 	6.8221e-15 	   0 	   0 	2.2411e-14 	 -7.1186e-16 	 -2.1832e-16 	3.7186e-15 	   0 	   0 	1.08e-14 	 -1.1322e-17 	 -1.0827e-16 	2.0925e-14 	 5.0802e-16 	 -7.4283e-16 	1.2529e-14 	 3.2178e-16 	 3.0508e-16 	1.8377e-14 	 2.257e-16 	 -4.3273e-16 	1.4894e-14 	 4.1703e-16 	 3.636e-16 	2.1751e-14 	 -3.5436e-17 	 4.9167e-17 	1.3043e-14 	 -5.5334e-17 	 -4.3839e-16 	1.3542e-14 	   0 	   0 	2.6094e-14 	 7.5618e-19 	 -4.2008e-18 	1.055e-14 	   0 	   0 	1.5019e-14 	   0 	   0 	1.493e-14 	   0 	   0 	1.2473e-14 	 9.3302e-18 	 3.1302e-17 	1.1137e-14 	   0 	   0 	1.1331e-14 	 1.6344e-19 	 -2.2007e-18 	1.083e-14 	   0 	   0 	1.0458e-14 	 4.6815e-20 	 7.3895e-18 	1.1249e-14 	   0 	   0 	1.0069e-14 	   0 	   0 	1.1864e-14 	   0 	   0 	8.1705e-15 	   0 	   0 	1.3432e-14 	   0 	   0 	7.2726e-15 	   0 	   0 	5.5713e-15 	   0 	   0 	
1.530e+04 	  0 	   0 	   0 	2.1179e-14 	   0 	   0 	1.2502e-14 	 2.6695e-16 	 6.4278e-16 	1.4184e-14 	 5.2224e-16 	 -2.6836e-17 	1.8377e-14 	   0 	   0 	1.6447e-14 	   0 	   0 	2.6323e-14 	 2.3598e-20 	 8.3048e-21 	1.6348e-14 	 -6.7366e-16 	 -7.7298e-16 	9.4117e-15 	   0 	   0 	2.1662e-14 	 9.1137e-20 	 -4.6622e-20 	2.2943e-14 	 -1.1403e-19 	 -3.6965e-19 	1.6238e-14 	   0 	   0 	2.2029e-14 	 3.8832e-17 	 -2.308e-17 	1.3393e-14 	 -1.9464e-17 	 -3.9544e-16 	2.2582e-14 	 8.2345e-17 	 3.3318e-16 	1.4327e-14 	 -4.9881e-16 	 1.3305e-16 	7.051e-15 	   0 	   0 	1.5245e-14 	   0 	   0 	9.4238e-15 	 -1.5693e-16 	 -1.6749e-17 	2.1222e-14 	   0 	   0 	6.0317e-15 	 -3.3058e-18 	 -4.0529e-18 	1.5448e-14 	 -1.8001e-17 	 1.5693e-18 	6.1007e-15 	   0 	   0 	1.1016e-14 	 1.4707e-16 	 2.0243e-16 	1.1375e-14 	 1.3547e-16 	 2.3801e-17 	1.0257e-14 	   0 	   0 	9.6297e-15 	   0 	   0 	8.0442e-15 	   0 	   0 	7.8225e-15 	 -1.4742e-16 	 1.798e-16 	4.1443e-15 	   0 	   0 	
1.574e+04 	1.5624e-14 	 -1.0163e-15 	 -4.7346e-15 	  0 	   0 	   0 	1.2196e-14 	 -1.2248e-15 	 -1.6901e-15 	4.6463e-15 	   0 	   0 	6.5534e-15 	 8.507e-17 	 -7.3741e-16 	1.5631e-14 	   0 	   0 	1.4884e-14 	   0 	   0 	1.0763e-14 	   0 	   0 	1.8817e-14 	   0 	   0 	1.0977e-14 	   0 	   0 	1.8143e-14 	   0 	   0 	1.1248e-14 	   0 	   0 	1.6921e-14 	 9.9801e-17 	 7.798e-17 	1.4328e-14 	   0 	   0 	1.356e-14 	 -1.6028e-16 	 3.6492e-16 	1.2097e-14 	   0 	   0 	1.2153e-14 	 -2.4863e-17 	 6.1095e-17 	1.209e-14 	   0 	   0 	1.6708e-14 	   0 	   0 	8.4142e-15 	   0 	   0 	1.2632e-14 	   0 	   0 	1.342e-14 	   0 	   0 	7.5756e-15 	   0 	   0 	7.8944e-15 	   0 	   0 	9.8244e-15 	   0 	   0 	7.5276e-15 	   0 	   0 	5.6726e-15 	   0 	   0 	7.0932e-15 	   0 	   0 	7.7107e-15 	   0 	   0 	4.9341e-15 	 1.6529e-16 	 1.3855e-16 	
1.618e+04 	  0 	   0 	   0 	9.4536e-16 	   0 	   0 	5.122e-15 	 -1.4102e-16 	 1.2588e-16 	  0 	   0 	   0 	1.437e-14 	 1.8223e-15 	 1.7493e-15 	2.6741e-14 	 4.1911e-16 	 -7.5049e-17 	1.8667e-14 	   0 	   0 	1.5938e-14 	   0 	   0 	1.3713e-14 	   0 	   0 	3.0753e-14 	 3.0622e-18 	 4.2153e-18 	2.1156e-14 	 9.7368e-19 	 2.0023e-17 	1.7157e-14 	 1.2867e-17 	 1.9897e-17 	1.6107e-14 	   0 	   0 	7.9021e-15 	 -1.9024e-17 	 -1.2435e-17 	1.8814e-14 	 7.2421e-19 	 7.5092e-19 	1.444e-14 	   0 	   0 	7.6526e-15 	 9.4404e-19 	 -2.0569e-18 	1.1629e-14 	 -8.5976e-17 	 3.9073e-17 	1.4112e-14 	 2.2527e-18 	 2.7983e-19 	1.3233e-14 	   0 	   0 	1.4137e-14 	   0 	   0 	1.3376e-14 	 -8.1187e-17 	 -7.0256e-17 	1.3809e-14 	   0 	   0 	1.0137e-14 	 -1.1827e-18 	 3.1891e-18 	1.0202e-14 	   0 	   0 	1.1875e-14 	 4.6839e-17 	 -8.4672e-17 	8.4418e-15 	   0 	   0 	8.7544e-15 	 4.7847e-17 	 -3.0377e-17 	8.7176e-15 	   0 	   0 	6.5085e-15 	   0 	   0 	
1.662e+04 	  0 	   0 	   0 	3.3199e-14 	 1.7146e-15 	 -2.409e-14 	1.3859e-14 	 -5.9706e-15 	 -5.1224e-15 	  0 	   0 	   0 	4.1645e-15 	   0 	   0 	6.8779e-15 	   0 	   0 	1.2302e-14 	   0 	   0 	1.3453e-14 	 -9.4836e-18 	 1.5353e-17 	1.2205e-14 	   0 	   0 	2.0496e-14 	   0 	   0 	1.1279e-14 	   0 	   0 	7.5451e-15 	   0 	   0 	1.6843e-14 	   0 	   0 	7.7618e-15 	   0 	   0 	8.4748e-15 	   0 	   0 	1.7183e-14 	 2.9465e-19 	 -2.5153e-19 	8.185e-15 	 5.3999e-17 	 1.4629e-16 	1.1866e-14 	   0 	   0 	7.4348e-15 	   0 	   0 	7.1227e-15 	 1.0064e-18 	 -6.1595e-19 	8.1398e-15 	 1.2479e-16 	 1.977e-16 	5.9448e-15 	   0 	   0 	1.0997e-14 	 -2.7741e-17 	 7.4726e-18 	8.3847e-15 	 3.0559e-17 	 -4.0178e-17 	1.2749e-14 	 8.9583e-17 	 -8.5556e-17 	8.7209e-15 	 5.944e-17 	 4.4677e-17 	1.1698e-14 	   0 	   0 	6.9051e-15 	   0 	   0 	1.2195e-14 	 8.9267e-18 	 7.3967e-18 	5.8454e-15 	   0 	   0 	
1.706e+04 	  0 	   0 	   0 	1.2484e-14 	 -2.6071e-15 	 -8.0663e-16 	6.8419e-15 	   0 	   0 	1.3624e-14 	 -2.334e-20 	 -5.9837e-22 	6.018e-15 	   0 	   0 	8.5291e-15 	   0 	   0 	8.2197e-15 	   0 	   0 	1.7502e-14 	 7.4132e-18 	 5.5008e-18 	1.5942e-14 	 -3.6782e-16 	 -5.8086e-16 	1.2229e-14 	   0 	   0 	1.1779e-14 	   0 	   0 	2.3992e-14 	   0 	   0 	1.5741e-14 	 5.8709e-17 	 -2.4487e-16 	1.4628e-14 	   0 	   0 	1.2435e-14 	 3.3758e-16 	 -5.0845e-16 	1.0298e-14 	 7.0895e-17 	 1.5483e-16 	1.8368e-14 	 2.17e-16 	 1.593e-16 	1.4689e-14 	 -5.4656e-19 	 -1.468e-18 	9.488e-15 	   0 	   0 	1.4931e-14 	   0 	   0 	1.1944e-14 	   0 	   0 	7.772e-15 	   0 	   0 	1.0157e-14 	 2.5927e-17 	 3.769e-17 	7.8945e-15 	 3.0485e-16 	 7.7485e-17 	9.2559e-15 	   0 	   0 	1.1101e-14 	 7.5018e-17 	 -7.7202e-17 	6.667e-15 	 4.6704e-17 	 6.5734e-17 	6.3131e-15 	   0 	   0 	9.4191e-15 	 5.4622e-18 	 -2.7393e-18 	8.2346e-15 	 6.6591e-19 	 -1.3792e-17 	
1.750e+04 	  0 	   0 	   0 	1.0473e-14 	   0 	   0 	1.5457e-14 	 8.9958e-20 	 6.981e-21 	1.0863e-16 	 4.9674e-18 	 8.6544e-17 	9.1452e-15 	   0 	   0 	1.3478e-14 	 6.2805e-16 	 1.7018e-15 	9.9397e-15 	   0 	   0 	2.1065e-14 	 -4.7303e-16 	 -1.1415e-15 	1.5987e-14 	 6.4206e-17 	 5.4399e-16 	2.1946e-14 	 9.3709e-17 	 3.7606e-16 	1.262e-14 	   0 	   0 	1.2727e-14 	   0 	   0 	1.0981e-14 	   0 	   0 	7.6426e-15 	   0 	   0 	1.1073e-14 	   0 	   0 	9.3378e-15 	 -3.188e-16 	 4.136e-16 	1.8051e-14 	 -1.3798e-17 	 -8.95e-17 	1.327e-14 	   0 	   0 	1.558e-14 	   0 	   0 	1.2559e-14 	   0 	   0 	1.2072e-14 	   0 	   0 	1.5913e-14 	 1.022e-17 	 -1.5324e-16 	9.3309e-15 	   0 	   0 	1.0043e-14 	   0 	   0 	6.7908e-15 	   0 	   0 	4.8912e-15 	   0 	   0 	7.1483e-15 	   0 	   0 	8.1988e-15 	   0 	   0 	6.8161e-15 	   0 	   0 	7.1439e-15 	   0 	   0 	
1.794e+04 	  0 	   0 	   0 	1.7364e-14 	   0 	   0 	  0 	   0 	   0 	6.9725e-15 	   0 	   0 	1.9297e-14 	   0 	   0 	1.9851e-14 	 2.1656e-15 	 -4.1921e-16 	8.6138e-15 	   0 	   0 	1.5939e-14 	   0 	   0 	1.0958e-14 	 -2.768e-16 	 9.4643e-17 	1.6138e-14 	 -1.081e-16 	 1.2731e-16 	9.3791e-15 	   0 	   0 	9.6976e-15 	   0 	   0 	1.5773e-14 	   0 	   0 	1.1465e-14 	 -2.7546e-17 	 -8.4547e-18 	1.717e-14 	   0 	   0 	1.0251e-14 	 -2.0647e-16 	 1.3204e-16 	1.7159e-14 	 1.5273e-16 	 1.0874e-16 	1.758e-14 	 2.4282e-16 	 6.9424e-16 	1.0979e-14 	   0 	   0 	1.2162e-14 	   0 	   0 	1.0494e-14 	   0 	   0 	9.0237e-15 	   0 	   0 	1.2112e-14 	   0 	   0 	9.799e-15 	   0 	   0 	8.3411e-15 	 -7.1095e-17 	 -6.98e-17 	9.9421e-15 	   0 	   0 	9.6467e-15 	 -3.4743e-20 	 -7.986e-20 	7.5683e-15 	   0 	   0 	8.6526e-15 	   0 	   0 	4.8119e-15 	   0 	   0 	
1.838e+04 	  0 	   0 	   0 	  0 	   0 	   0 	8.8675e-15 	   0 	   0 	  0 	   0 	   0 	3.1565e-15 	   0 	   0 	9.0609e-15 	   0 	   0 	9.575e-15 	   0 	   0 	4.5232e-15 	 -6.6731e-16 	 -6.7103e-17 	6.4394e-15 	   0 	   0 	6.4991e-15 	   0 	   0 	1.6329e-14 	 2.6895e-16 	 6.2104e-16 	9.7606e-15 	   0 	   0 	7.0784e-15 	 9.5272e-20 	 2.1676e-20 	1.5741e-14 	 -1.7081e-18 	 -2.0854e-17 	1.3535e-14 	 4.0655e-17 	 9.6152e-17 	1.339e-14 	   0 	   0 	7.0229e-15 	   0 	   0 	1.4162e-14 	 6.3233e-19 	 1.5128e-18 	1.0473e-14 	 -3.7096e-16 	 8.8367e-17 	1.1949e-14 	 -5.705e-18 	 -4.8656e-18 	7.8949e-15 	   0 	   0 	1.3148e-14 	   0 	   0 	9.6416e-15 	   0 	   0 	8.9115e-15 	   0 	   0 	7.3508e-15 	   0 	   0 	9.0281e-15 	 -1.0863e-16 	 -3.0855e-17 	6.906e-15 	   0 	   0 	9.8106e-15 	   0 	   0 	5.7787e-15 	   0 	   0 	6.744e-15 	   0 	   0 	
1.882e+04 	  0 	   0 	   0 	  0 	   0 	   0 	3.0012e-14 	 -5.8915e-20 	 -6.9033e-20 	1.0769e-14 	   0 	   0 	1.1192e-14 	   0 	   0 	9.7778e-15 	   0 	   0 	2.1223e-14 	 -4.1222e-18 	 4.581e-18 	1.1296e-14 	   0 	   0 	1.6659e-14 	 4.7672e-16 	 -5.8371e-16 	2.1208e-14 	 5.7753e-17 	 2.755e-16 	1.8848e-14 	 9.7425e-16 	 5.5814e-16 	1.3282e-14 	   0 	   0 	9.8926e-15 	 7.2099e-16 	 2.6192e-16 	1.5385e-14 	   0 	   0 	1.4753e-14 	   0 	   0 	1.7613e-14 	   0 	   0 	9.0973e-15 	   0 	   0 	8.8317e-15 	   0 	   0 	1.3813e-14 	 1.8903e-16 	 8.3226e-17 	1.3633e-14 	 -1.0848e-16 	 -4.1978e-16 	8.0491e-15 	 6.9137e-17 	 8.2542e-17 	8.017e-15 	   0 	   0 	8.3577e-15 	 -2.5337e-17 	 1.7921e-16 	8.8038e-15 	   0 	   0 	1.0921e-14 	 -1.1147e-17 	 1.0622e-17 	5.1288e-15 	   0 	   0 	6.2577e-15 	   0 	   0 	1.0852e-14 	   0 	   0 	7.4966e-15 	   0 	   0 	8.1652e-15 	   0 	   0 	
1.926e+04 	1.0186e-14 	   0 	   0 	8.6439e-15 	   0 	   0 	7.3226e-15 	   0 	   0 	  0 	   0 	   0 	8.0541e-15 	 -5.4519e-16 	 2.5723e-16 	1.0638e-14 	   0 	   0 	1.3289e-14 	   0 	   0 	7.728e-15 	   0 	   0 	2.0611e-14 	 -3.6934e-17 	 -2.3829e-17 	1.3674e-14 	 1.2695e-16 	 -2.1311e-16 	9.906e-15 	 -1.8919e-20 	 6.3879e-21 	1.1627e-14 	 4.5307e-21 	 -7.9083e-22 	7.5281e-15 	 -5.8747e-17 	 -1.7997e-17 	7.0522e-15 	   0 	   0 	1.227e-14 	   0 	   0 	1.1574e-14 	   0 	   0 	1.1976e-14 	 -2.3818e-16 	 -1.273e-16 	1.5921e-14 	 4.2597e-19 	 -1.8632e-19 	1.2076e-14 	 8.5625e-19 	 -1.224e-18 	9.2374e-15 	 -6.7914e-18 	 -3.8263e-18 	1.0727e-14 	   0 	   0 	1.1881e-14 	 5.035e-18 	 -1.5823e-18 	7.2191e-15 	   0 	   0 	9.83e-15 	 -8.302e-19 	 1.1249e-18 	1.3697e-14 	   0 	   0 	5.7034e-15 	 6.3057e-19 	 6.2581e-18 	7.7864e-15 	   0 	   0 	1.2299e-14 	   0 	   0 	6.9501e-15 	 -7.67e-17 	 -1.7155e-17 	7.7303e-15 	   0 	   0 	
1.970e+04 	  0 	   0 	   0 	  0 	   0 	   0 	4.8254e-14 	 -9.7315e-15 	 -3.6894e-15 	2.0754e-14 	   0 	   0 	1.2543e-14 	 -1.4751e-15 	 -2.0278e-15 	7.1398e-15 	 -3.7571e-19 	 -2.6829e-18 	1.2338e-14 	   0 	   0 	8.3828e-15 	 3.9828e-21 	 -1.3265e-21 	9.7392e-15 	   0 	   0 	8.5939e-15 	 2.918e-16 	 9.1415e-17 	1.7385e-14 	 5.8415e-16 	 -4.7049e-17 	7.4883e-15 	 -7.1942e-16 	 -6.5884e-16 	1.5296e-14 	   0 	   0 	1.1588e-14 	 2.5633e-18 	 -1.3699e-17 	1.1551e-14 	   0 	   0 	7.8218e-15 	   0 	   0 	1.5883e-14 	   0 	   0 	1.0782e-14 	   0 	   0 	1.0506e-14 	   0 	   0 	1.4638e-14 	   0 	   0 	1.1615e-14 	   0 	   0 	1.0223e-14 	 2.0738e-16 	 -4.5155e-17 	1.4979e-14 	 -2.5522e-17 	 -6.3684e-17 	1.0571e-14 	 -9.5788e-17 	 -1.376e-16 	1.1021e-14 	   0 	   0 	6.6942e-15 	   0 	   0 	6.3054e-15 	   0 	   0 	8.8828e-15 	 -9.4539e-19 	 -4.7258e-18 	8.9923e-15 	 1.3997e-17 	 -1.0912e-17 	7.959e-15 	   0 	   0 	
2.014e+04 	  0 	   0 	   0 	  0 	   0 	   0 	6.8657e-15 	 4.6923e-15 	 4.4325e-15 	2.7132e-19 	   0 	   0 	1.4816e-14 	 -1.21e-19 	 -2.1132e-19 	3.9491e-15 	 -1.9412e-16 	 2.3887e-16 	7.7586e-15 	   0 	   0 	1.3509e-14 	   0 	   0 	6.7356e-15 	   0 	   0 	1.564e-14 	   0 	   0 	1.1217e-14 	   0 	   0 	2.2342e-14 	   0 	   0 	9.9863e-15 	   0 	   0 	1.2308e-14 	   0 	   0 	1.0589e-14 	 4.0951e-17 	 -4.2002e-17 	9.9642e-15 	   0 	   0 	1.3543e-14 	 -1.1108e-17 	 -4.6228e-17 	9.0606e-15 	   0 	   0 	1.5316e-14 	 1.6887e-17 	 -1.1244e-16 	8.4616e-15 	 4.8715e-19 	 -3.1438e-19 	1.1669e-14 	 1.0569e-18 	 4.0086e-18 	1.0709e-14 	   0 	   0 	1.1829e-14 	   0 	   0 	6.9205e-15 	 -2.907e-18 	 7.8088e-19 	8.8568e-15 	 -2.0116e-16 	 1.653e-16 	5.9464e-15 	   0 	   0 	6.8675e-15 	   0 	   0 	9.1704e-15 	   0 	   0 	4.8431e-15 	 8.3429e-17 	 1.221e-16 	6.8658e-15 	 -6.2272e-18 	 7.4005e-18 	
2.058e+04 	  0 	   0 	   0 	  0 	   0 	   0 	7.1635e-15 	 -6.4577e-16 	 1.6988e-15 	7.5001e-15 	   0 	   0 	2.7686e-17 	   0 	   0 	1.5026e-15 	   0 	   0 	5.2876e-15 	 6.3374e-19 	 -1.6628e-18 	1.056e-14 	 2.8498e-16 	 1.2007e-16 	6.2613e-15 	   0 	   0 	8.7349e-15 	 -8.3523e-19 	 -6.5698e-19 	1.9085e-15 	   0 	   0 	1.9172e-14 	 9.7811e-18 	 -1.6888e-17 	4.5499e-15 	   0 	   0 	1.556e-14 	   0 	   0 	9.5779e-15 	 1.8132e-21 	 7.0144e-20 	1.1671e-14 	 4.9472e-17 	 -6.1607e-18 	1.3824e-14 	   0 	   0 	8.0182e-15 	   0 	   0 	7.1578e-15 	 -1.4051e-18 	 3.5101e-18 	8.4387e-15 	   0 	   0 	1.1901e-14 	   0 	   0 	9.539e-15 	 8.0048e-17 	 9.5324e-17 	9.8891e-15 	 1.5776e-17 	 3.9589e-17 	8.074e-15 	 2.0694e-16 	 -9.8814e-17 	6.6495e-15 	   0 	   0 	9.3897e-15 	 6.6915e-18 	 -2.3694e-19 	8.5222e-15 	 3.8066e-17 	 -6.6086e-17 	9.7808e-15 	   0 	   0 	6.4618e-15 	   0 	   0 	5.1371e-15 	   0 	   0 	
2.102e+04 	  0 	   0 	   0 	1.1857e-14 	   0 	   0 	  0 	   0 	   0 	8.2829e-15 	 2.4263e-15 	 1.5426e-15 	1.8844e-14 	   0 	   0 	1.2108e-14 	   0 	   0 	1.3487e-14 	   0 	   0 	  0 	   0 	   0 	1.5106e-14 	   0 	   0 	7.6582e-15 	   0 	   0 	4.7511e-15 	   0 	   0 	1.0332e-14 	   0 	   0 	7.1415e-15 	   0 	   0 	1.2542e-14 	   0 	   0 	1.2506e-14 	   0 	   0 	9.3482e-15 	 -3.9317e-16 	 -2.4141e-16 	7.2665e-15 	 -1.7922e-16 	 -6.1969e-16 	8.5616e-15 	   0 	   0 	1.2028e-14 	   0 	   0 	1.2619e-14 	 -1.5471e-18 	 4.3995e-20 	1.2749e-14 	   0 	   0 	6.4944e-15 	   0 	   0 	1.0621e-14 	   0 	   0 	1.0387e-14 	   0 	   0 	9.3059e-15 	   0 	   0 	5.7628e-15 	   0 	   0 	7.8996e-15 	 2.2841e-17 	 -3.1232e-16 	8.928e-15 	   0 	   0 	6.702e-15 	   0 	   0 	1.0757e-14 	   0 	   0 	
2.146e+04 	  0 	   0 	   0 	  0 	   0 	   0 	  0 	   0 	   0 	4.3154e-15 	   0 	   0 	9.6981e-15 	   0 	   0 	3.9566e-15 	   0 	   0 	1.4224e-14 	   0 	   0 	1.3511e-14 	   0 	   0 	1.4223e-14 	   0 	   0 	1.6722e-14 	   0 	   0 	6.1082e-15 	   0 	   0 	1.1195e-14 	   0 	   0 	1.8113e-14 	 1.0975e-15 	 -4.0212e-17 	5.209e-15 	 -4.6299e-16 	 -5.5075e-16 	3.9608e-15 	   0 	   0 	8.9142e-15 	   0 	   0 	9.5066e-15 	   0 	   0 	7.5e-15 	 1.7509e-16 	 -6.6361e-17 	8.1794e-15 	   0 	   0 	6.0727e-15 	   0 	   0 	7.4913e-15 	 -3.1063e-17 	 2.8693e-16 	1.2551e-14 	   0 	   0 	9.9326e-15 	   0 	   0 	9.4279e-15 	   0 	   0 	7.8402e-15 	   0 	   0 	6.5702e-15 	 5.3112e-19 	 -6.8264e-19 	9.1528e-15 	 -9.4839e-19 	 -1.5963e-19 	7.1799e-15 	   0 	   0 	4.8034e-15 	   0 	   0 	5.208e-15 	   0 	   0 	
2.190e+04 	  0 	   0 	   0 	  0 	   0 	   0 	4.2357e-15 	   0 	   0 	  0 	   0 	   0 	7.7455e-15 	   0 	   0 	5.1452e-15 	 -2.8494e-16 	 -6.2534e-17 	1.3217e-14 	 5.6137e-16 	 2.8608e-16 	1.5288e-14 	 7.7741e-16 	 -8.5752e-16 	1.3718e-14 	   0 	   0 	1.1961e-14 	 9.4105e-17 	 3.6209e-17 	7.7552e-15 	 2.4059e-16 	 1.1267e-15 	4.2215e-15 	   0 	   0 	7.0818e-15 	   0 	   0 	1.6441e-14 	 -8.9841e-16 	 5.1986e-16 	1.4328e-14 	   0 	   0 	9.3681e-15 	 1.0621e-18 	 -1.0182e-18 	5.9707e-15 	 5.1754e-19 	 1.5796e-18 	8.4544e-15 	 -3.7034e-18 	 1.3165e-16 	8.3896e-15 	   0 	   0 	7.3496e-15 	   0 	   0 	6.5894e-15 	   0 	   0 	6.0507e-15 	   0 	   0 	1.1239e-14 	 -3.2283e-18 	 6.4892e-18 	9.3965e-15 	 -6.4975e-17 	 -5.0929e-17 	6.0583e-15 	 4.4158e-18 	 -2.9387e-17 	6.8584e-15 	   0 	   0 	7.7839e-15 	 -2.5576e-19 	 -2.3699e-19 	9.5534e-15 	   0 	   0 	7.2204e-15 	 4.2593e-19 	 -2.5487e-18 	4.2122e-15 	   0 	   0 	
2.234e+04 	  0 	   0 	   0 	  0 	   0 	   0 	  0 	   0 	   0 	  0 	   0 	   0 	  0 	   0 	   0 	3.5078e-15 	   0 	   0 	6.4755e-15 	   0 	   0 	7.0991e-15 	   0 	   0 	9.9496e-15 	 1.1387e-16 	 -2.005e-17 	1.5551e-14 	   0 	   0 	9.455e-15 	 -5.2895e-18 	 -1.1657e-17 	7.184e-15 	   0 	   0 	6.5267e-15 	   0 	   0 	1.8911e-14 	   0 	   0 	8.3138e-15 	 2.3121e-16 	 4.9635e-16 	8.9035e-15 	 3.7182e-19 	 -1.3686e-18 	9.7328e-15 	   0 	   0 	1.6477e-14 	   0 	   0 	7.408e-15 	   0 	   0 	8.1006e-15 	   0 	   0 	6.1722e-15 	   0 	   0 	7.8776e-15 	   0 	   0 	7.1469e-15 	   0 	   0 	9.4862e-15 	 -3.348e-16 	 4.9191e-17 	7.5106e-15 	   0 	   0 	6.3481e-15 	   0 	   0 	6.192e-15 	   0 	   0 	6.8877e-15 	 -9.2577e-17 	 -1.116e-16 	6.4878e-15 	   0 	   0 	6.2283e-15 	   0 	   0 	
2.278e+04 	  0 	   0 	   0 	  0 	   0 	   0 	9.0019e-15 	 -1.1224e-15 	 7.9795e-16 	1.113e-14 	   0 	   0 	1.208e-14 	 3.1792e-15 	 -1.7243e-15 	1.7417e-16 	   0 	   0 	6.6098e-15 	   0 	   0 	4.3239e-15 	   0 	   0 	6.3197e-15 	   0 	   0 	5.4117e-15 	 -8.3862e-16 	 -7.0248e-16 	2.8186e-15 	   0 	   0 	1.257e-14 	 4.1216e-16 	 -4.2896e-16 	6.3754e-15 	   0 	   0 	2.3571e-15 	   0 	   0 	8.9399e-15 	   0 	   0 	8.1008e-15 	   0 	   0 	6.1561e-15 	 8.5026e-20 	 -1.0513e-19 	8.3545e-15 	   0 	   0 	9.8438e-15 	 1.926e-17 	 5.5032e-17 	8.6415e-15 	 -1.3051e-16 	 -1.3718e-16 	7.1253e-15 	 -5.4204e-17 	 -2.4321e-17 	7.7092e-15 	 5.0809e-17 	 -3.8679e-17 	6.8764e-15 	 1.2168e-17 	 -1.4613e-17 	7.4392e-15 	   0 	   0 	6.4941e-15 	   0 	   0 	9.0755e-15 	   0 	   0 	6.8115e-15 	 -1.7604e-16 	 -1.0208e-16 	5.2865e-15 	   0 	   0 	5.1689e-15 	   0 	   0 	4.2002e-15 	   0 	   0 	
1.220e+03 	1.3247e-14 	   0 	   0 	8.2853e-19 	   0 	   0 	3.5877e-20 	   0 	   0 	  0 	   0 	   0 	  0 	   0 	   0 	  0 	   0 	   0 	  0 	   0 	   0 	  0 	   0 	   0 	  0 	   0 	   0 	  0 	   0 	   0 	  0 	   0 	   0 	  0 	   0 	   0 	  0 	   0 	   0 	  0 	   0 	   0 	  0 	   0 	   0 	  0 	   0 	   0 	  0 	   0 	   0 	  0 	   0 	   0 	  0 	   0 	   0 	  0 	   0 	   0 	  0 	   0 	   0 	  0 	   0 	   0 	  0 	   0 	   0 	  0 	   0 	   0 	  0 	   0 	   0 	  0 	   0 	   0 	  0 	   0 	   0 	  0 	   0 	   0 	  0 	   0 	   0 	  0 	   0 	   0 	
1.660e+03 	6.5746e-15 	 -2.9393e-20 	 -3.5742e-19 	4.0672e-17 	   0 	   0 	1.3277e-16 	   0 	   0 	2.6591e-25 	   0 	   0 	  0 	   0 	   0 	  0 	   0 	   0 	  0 	   0 	   0 	  0 	   0 	   0 	  0 	   0 	   0 	  0 	   0 	   0 	  0 	   0 	   0 	  0 	   0 	   0 	  0 	   0 	   0 	  0 	   0 	   0 	  0 	   0 	   0 	  0 	   0 	   0 	  0 	   0 	   0 	  0 	   0 	   0 	  0 	   0 	   0 	  0 	   0 	   0 	  0 	   0 	   0 	  0 	   0 	   0 	  0 	   0 	   0 	  0 	   0 	   0 	  0 	   0 	   0 	  0 	   0 	   0 	  0 	   0 	   0 	  0 	   0 	   0 	  0 	   0 	   0 	  0 	   0 	   0 	
2.100e+03 	3.9533e-14 	 4.7187e-18 	 -1.0944e-19 	5.0879e-15 	   0 	   0 	1.9125e-15 	   0 	   0 	5.9548e-15 	   0 	   0 	2.0292e-15 	   0 	   0 	1.5132e-19 	   0 	   0 	2.7559e-16 	   0 	   0 	2.5712e-20 	   0 	   0 	1.3901e-16 	   0 	   0 	  0 	   0 	   0 	  0 	   0 	   0 	  0 	   0 	   0 	  0 	   0 	   0 	  0 	   0 	   0 	  0 	   0 	   0 	  0 	   0 	   0 	  0 	   0 	   0 	  0 	   0 	   0 	  0 	   0 	   0 	  0 	   0 	   0 	  0 	   0 	   0 	  0 	   0 	   0 	  0 	   0 	   0 	  0 	   0 	   0 	  0 	   0 	   0 	  0 	   0 	   0 	  0 	   0 	   0 	  0 	   0 	   0 	  0 	   0 	   0 	  0 	   0 	   0 	
2.540e+03 	1.7132e-13 	 -2.3355e-18 	 -2.8152e-19 	6.1426e-15 	 2.1774e-19 	 -3.6087e-19 	1.5211e-14 	 1.3967e-19 	 -1.4404e-19 	1.2939e-15 	   0 	   0 	9.6716e-15 	   0 	   0 	2.6172e-15 	   0 	   0 	1.5236e-15 	   0 	   0 	3.7505e-21 	   0 	   0 	2.3694e-19 	   0 	   0 	7.2669e-20 	   0 	   0 	1.428e-28 	   0 	   0 	  0 	   0 	   0 	  0 	   0 	   0 	6.7878e-16 	   0 	   0 	  0 	   0 	   0 	  0 	   0 	   0 	  0 	   0 	   0 	  0 	   0 	   0 	  0 	   0 	   0 	  0 	   0 	   0 	  0 	   0 	   0 	  0 	   0 	   0 	  0 	   0 	   0 	  0 	   0 	   0 	  0 	   0 	   0 	  0 	   0 	   0 	  0 	   0 	   0 	  0 	   0 	   0 	  0 	   0 	   0 	  0 	   0 	   0 	
2.980e+03 	3.2791e-13 	 -4.6364e-16 	 -3.7726e-16 	7.913e-14 	 8.7574e-19 	 1.4832e-20 	4.1257e-14 	 -1.3994e-19 	 -2.2038e-20 	2.8485e-14 	 -2.702e-21 	 1.6106e-20 	2.9192e-14 	   0 	   0 	6.5297e-15 	   0 	   0 	9.901e-15 	   0 	   0 	6.8355e-15 	   0 	   0 	4.8192e-15 	   0 	   0 	2.035e-15 	   0 	   0 	8.8782e-16 	   0 	   0 	1.4327e-15 	   0 	   0 	6.2379e-16 	   0 	   0 	1.1045e-15 	   0 	   0 	4.3785e-16 	   0 	   0 	6.0656e-16 	   0 	   0 	  0 	   0 	   0 	8.7384e-81 	   0 	   0 	  0 	   0 	   0 	  0 	   0 	   0 	  0 	   0 	   0 	  0 	   0 	   0 	  0 	   0 	   0 	  0 	   0 	   0 	  0 	   0 	   0 	  0 	   0 	   0 	  0 	   0 	   0 	  0 	   0 	   0 	  0 	   0 	   0 	  0 	   0 	   0 	
3.420e+03 	7.1853e-13 	 4.2832e-14 	 4.6349e-14 	7.3004e-14 	 6.6981e-17 	 1.4775e-16 	9.6573e-14 	 -2.4813e-19 	 2.6302e-19 	5.7573e-14 	 -6.9911e-21 	 -1.6296e-20 	2.3173e-14 	   0 	   0 	3.4895e-14 	   0 	   0 	2.3942e-14 	   0 	   0 	1.0576e-14 	   0 	   0 	1.4438e-14 	   0 	   0 	6.0539e-15 	   0 	   0 	7.9634e-15 	   0 	   0 	1.7938e-15 	   0 	   0 	1.8315e-15 	   0 	   0 	1.3333e-15 	   0 	   0 	6.8567e-20 	   0 	   0 	3.5135e-20 	   0 	   0 	3.3372e-25 	   0 	   0 	2.8575e-17 	   0 	   0 	4.9176e-21 	   0 	   0 	  0 	   0 	   0 	  0 	   0 	   0 	1.0319e-53 	   0 	   0 	  0 	   0 	   0 	  0 	   0 	   0 	3.7156e-42 	   0 	   0 	  0 	   0 	   0 	  0 	   0 	   0 	  0 	   0 	   0 	  0 	   0 	   0 	  0 	   0 	   0 	
3.860e+03 	4.908e-13 	 1.794e-14 	 4.7266e-15 	2.1147e-13 	 -3.1609e-17 	 1.2709e-16 	7.4218e-14 	 1.1212e-19 	 2.5173e-18 	5.8783e-14 	 8.9374e-22 	 -1.2459e-21 	5.7392e-14 	   0 	   0 	4.8229e-14 	   0 	   0 	2.9131e-14 	   0 	   0 	2.558e-14 	   0 	   0 	1.0749e-14 	   0 	   0 	1.489e-14 	   0 	   0 	1.5179e-14 	   0 	   0 	1.1056e-14 	   0 	   0 	3.6801e-15 	   0 	   0 	3.3958e-15 	   0 	   0 	1.9443e-15 	   0 	   0 	1.5587e-15 	   0 	   0 	1.8863e-15 	   0 	   0 	1.6872e-15 	   0 	   0 	7.9483e-16 	   0 	   0 	7.4634e-16 	   0 	   0 	7.1168e-16 	   0 	   0 	3.9289e-21 	   0 	   0 	1.2492e-15 	   0 	   0 	3.6834e-16 	   0 	   0 	2.493e-21 	   0 	   0 	4.7811e-16 	   0 	   0 	5.0962e-16 	   0 	   0 	6.8833e-21 	   0 	   0 	  0 	   0 	   0 	  0 	   0 	   0 	
4.300e+03 	4.194e-13 	 9.0933e-16 	 -2.0033e-15 	2.4111e-13 	 1.0742e-15 	 2.5286e-17 	1.5342e-13 	 7.9978e-19 	 -2.9814e-19 	8.7678e-14 	   0 	   0 	7.5423e-14 	 -2.4164e-20 	 1.1673e-19 	4.7443e-14 	   0 	   0 	3.2131e-14 	   0 	   0 	4.8886e-14 	   0 	   0 	2.5311e-14 	   0 	   0 	1.9205e-14 	   0 	   0 	1.7316e-14 	   0 	   0 	1.1223e-14 	   0 	   0 	1.2344e-14 	   0 	   0 	9.8168e-15 	   0 	   0 	3.1274e-15 	   0 	   0 	3.1762e-15 	   0 	   0 	2.4147e-15 	   0 	   0 	4.4226e-15 	   0 	   0 	1.0627e-15 	   0 	   0 	7.4835e-16 	   0 	   0 	7.3058e-16 	   0 	   0 	1.6372e-15 	   0 	   0 	3.2156e-20 	   0 	   0 	5.8384e-16 	   0 	   0 	5.7234e-29 	   0 	   0 	1.0488e-15 	   0 	   0 	7.5972e-19 	   0 	   0 	5.329e-16 	   0 	   0 	4.113e-20 	   0 	   0 	5.5368e-16 	   0 	   0 	
4.740e+03 	5.5308e-13 	 1.2859e-15 	 -5.5582e-15 	3.1796e-13 	 1.1226e-15 	 -7.9506e-16 	2.5273e-13 	 -5.4193e-19 	 -2.0001e-19 	2.2023e-13 	 -3.2185e-20 	 -2.4736e-19 	9.267e-14 	   0 	   0 	1.0608e-13 	 2.3122e-20 	 -6.1509e-21 	6.4475e-14 	 2.4191e-16 	 5.0028e-17 	5.6556e-14 	 -8.9878e-21 	 2.1594e-20 	3.7478e-14 	   0 	   0 	3.2414e-14 	 1.9572e-18 	 6.7077e-17 	2.0036e-14 	   0 	   0 	2.8504e-14 	   0 	   0 	1.6196e-14 	   0 	   0 	1.2864e-14 	   0 	   0 	9.9972e-15 	   0 	   0 	8.3577e-15 	   0 	   0 	4.7703e-15 	   0 	   0 	6.9517e-15 	   0 	   0 	1.9709e-15 	   0 	   0 	2.4666e-15 	   0 	   0 	2.5285e-16 	   0 	   0 	3.4697e-15 	 -1.9555e-20 	 -3.7159e-21 	6.2889e-16 	   0 	   0 	1.8943e-15 	   0 	   0 	1.5394e-15 	   0 	   0 	2.7597e-15 	   0 	   0 	9.8172e-16 	   0 	   0 	2.8583e-21 	   0 	   0 	1.4589e-16 	   0 	   0 	4.1617e-16 	   0 	   0 	
5.180e+03 	7.4517e-13 	 -2.1423e-14 	 -6.4238e-15 	3.7983e-13 	 -3.7345e-17 	 9.2035e-18 	2.1814e-13 	 -1.1739e-15 	 -1.1908e-17 	2.3153e-13 	 -6.4441e-17 	 -8.7756e-19 	1.9809e-13 	 -7.7111e-20 	 -7.9975e-20 	1.3795e-13 	 -3.9332e-19 	 1.2482e-17 	1.2434e-13 	 -6.5271e-21 	 -3.5796e-20 	6.1275e-14 	   0 	   0 	5.5269e-14 	 -4.2914e-19 	 -9.3384e-19 	3.9901e-14 	   0 	   0 	3.2568e-14 	   0 	   0 	3.2763e-14 	   0 	   0 	2.7079e-14 	   0 	   0 	1.967e-14 	   0 	   0 	2.0096e-14 	   0 	   0 	1.0846e-14 	   0 	   0 	9.5537e-15 	   0 	   0 	8.2661e-15 	   0 	   0 	2.1516e-15 	   0 	   0 	6.2578e-15 	   0 	   0 	2.7069e-15 	   0 	   0 	2.4404e-15 	   0 	   0 	2.7842e-15 	   0 	   0 	2.202e-15 	   0 	   0 	1.4032e-15 	   0 	   0 	1.0382e-15 	   0 	   0 	9.5981e-16 	   0 	   0 	1.1105e-15 	   0 	   0 	1.2364e-17 	   0 	   0 	7.1668e-16 	   0 	   0 	
5.620e+03 	7.5682e-13 	 2.7914e-14 	 -8.6127e-14 	4.6938e-13 	 -5.643e-15 	 -1.0505e-15 	3.5861e-13 	 2.6943e-17 	 4.0941e-17 	2.0546e-13 	 -2.6395e-17 	 3.3299e-17 	1.9979e-13 	   0 	   0 	1.5233e-13 	 2.7834e-16 	 2.3185e-16 	1.1699e-13 	 -1.5131e-17 	 -2.2207e-17 	9.4345e-14 	 1.4629e-20 	 -1.1384e-20 	8.3394e-14 	 -3.2293e-18 	 -5.8691e-19 	4.4628e-14 	   0 	   0 	6.084e-14 	   0 	   0 	3.4193e-14 	   0 	   0 	2.3206e-14 	   0 	   0 	1.9984e-14 	   0 	   0 	1.6407e-14 	   0 	   0 	1.9662e-14 	   0 	   0 	1.2029e-14 	   0 	   0 	1.3919e-14 	   0 	   0 	4.8132e-15 	   0 	   0 	1.1593e-14 	   0 	   0 	5.0204e-15 	   0 	   0 	2.6856e-15 	   0 	   0 	3.242e-15 	   0 	   0 	3.7022e-15 	   0 	   0 	1.4844e-15 	   0 	   0 	2.0509e-15 	   0 	   0 	1.674e-15 	   0 	   0 	1.2514e-15 	   0 	   0 	3.1641e-15 	   0 	   0 	6.8175e-16 	   0 	   0 	
6.060e+03 	6.6573e-13 	 5.6449e-15 	 -2.9746e-15 	4.06e-13 	 -9.1179e-15 	 -2.1765e-16 	4.7584e-13 	 -6.3265e-16 	 -2.0393e-15 	3.0332e-13 	 -2.7214e-16 	 1.9416e-15 	1.7179e-13 	 7.8058e-17 	 5.167e-18 	1.791e-13 	 -1.987e-17 	 1.4665e-16 	1.3914e-13 	 2.3429e-16 	 5.2259e-16 	1.1452e-13 	   0 	   0 	8.2904e-14 	   0 	   0 	5.9634e-14 	 3.2472e-21 	 3.4692e-20 	5.7767e-14 	   0 	   0 	4.8436e-14 	   0 	   0 	3.4143e-14 	   0 	   0 	3.927e-14 	   0 	   0 	2.7354e-14 	   0 	   0 	1.7054e-14 	   0 	   0 	1.7757e-14 	 1.4663e-22 	 -1.1743e-23 	1.548e-14 	   0 	   0 	8.6066e-15 	 8.0949e-22 	 1.3966e-21 	6.6042e-15 	   0 	   0 	8.393e-15 	   0 	   0 	3.9139e-15 	   0 	   0 	4.8719e-15 	   0 	   0 	5.6192e-15 	 3.2538e-18 	 2.4656e-17 	4.328e-15 	   0 	   0 	3.062e-15 	   0 	   0 	4.7954e-15 	   0 	   0 	1.602e-15 	   0 	   0 	1.4217e-15 	   0 	   0 	2.1354e-15 	   0 	   0 	
6.500e+03 	3.7932e-13 	 1.1918e-14 	 -4.6397e-14 	3.548e-13 	 -1.4391e-15 	 -1.2664e-15 	3.211e-13 	 -3.8624e-15 	 -3.9441e-15 	2.9742e-13 	 -1.5298e-15 	 6.2558e-16 	2.2637e-13 	 1.8786e-16 	 -7.8385e-17 	1.7125e-13 	 5.5964e-21 	 1.0605e-19 	1.3654e-13 	 -5.7201e-16 	 2.809e-15 	8.6596e-14 	   0 	   0 	6.9973e-14 	 9.0909e-22 	 9.3669e-22 	6.5235e-14 	 6.9958e-21 	 1.0036e-20 	5.0948e-14 	   0 	   0 	5.1402e-14 	   0 	   0 	3.8905e-14 	   0 	   0 	3.5422e-14 	   0 	   0 	2.2128e-14 	   0 	   0 	2.4404e-14 	   0 	   0 	2.081e-14 	   0 	   0 	1.249e-14 	   0 	   0 	1.345e-14 	   0 	   0 	1.6467e-14 	   0 	   0 	6.5684e-15 	   0 	   0 	9.0849e-15 	   0 	   0 	8.3505e-15 	   0 	   0 	3.1961e-15 	   0 	   0 	4.6004e-15 	   0 	   0 	5.4678e-15 	   0 	   0 	1.5011e-15 	   0 	   0 	3.275e-15 	   0 	   0 	4.8476e-15 	   0 	   0 	8.8141e-16 	   0 	   0 	
6.940e+03 	3.012e-13 	 -1.6879e-15 	 1.6454e-14 	4.7094e-13 	 -2.8432e-14 	 3.1118e-15 	3.166e-13 	 -1.2738e-14 	 -4.972e-15 	2.8807e-13 	 1.6982e-15 	 1.805e-15 	1.6024e-13 	 1.7221e-17 	 -2.6349e-17 	1.6666e-13 	 1.1207e-15 	 -3.239e-16 	1.158e-13 	   0 	   0 	8.9367e-14 	 2.6508e-19 	 -6.3e-18 	9.2394e-14 	 1.6407e-17 	 -2.4258e-17 	6.5727e-14 	 -3.2319e-16 	 -6.72e-16 	7.5793e-14 	 3.965e-16 	 2.1674e-17 	5.5738e-14 	   0 	   0 	4.1157e-14 	 5.9181e-18 	 -1.0161e-18 	3.341e-14 	   0 	   0 	3.1251e-14 	 3.3474e-20 	 5.8316e-21 	2.6588e-14 	 5.7804e-23 	 3.8237e-23 	2.2427e-14 	   0 	   0 	2.3539e-14 	 4.2604e-22 	   0 	1.5844e-14 	   0 	   0 	9.1152e-15 	   0 	   0 	1.1855e-14 	   0 	   0 	1.3593e-14 	 2.9532e-21 	 4.8914e-21 	7.5298e-15 	   0 	   0 	9.2714e-15 	   0 	   0 	8.6872e-15 	   0 	   0 	4.2967e-15 	   0 	   0 	5.2382e-15 	 1.3097e-20 	 6.9412e-21 	1.6586e-15 	   0 	   0 	2.4837e-15 	   0 	   0 	1.8044e-15 	   0 	   0 	
7.380e+03 	3.0171e-13 	 -1.1383e-14 	 -9.3098e-17 	3.8469e-13 	 -9.6435e-15 	 -2.3071e-14 	2.578e-13 	 -1.3417e-15 	 3.045e-15 	1.795e-13 	 1.2879e-15 	 2.3158e-15 	1.3205e-13 	 -1.2573e-15 	 -7.8002e-16 	1.6271e-13 	 7.8975e-20 	 9.842e-21 	1.4888e-13 	 -2.2777e-16 	 -7.8584e-16 	7.2512e-14 	 8.244e-16 	 2.5821e-16 	6.4235e-14 	   0 	   0 	5.6383e-14 	   0 	   0 	6.0766e-14 	 8.1385e-16 	 -2.6771e-16 	4.9847e-14 	 1.955e-16 	 3.3578e-16 	3.6125e-14 	   0 	   0 	2.91e-14 	 2.0528e-19 	 -2.0624e-18 	2.8057e-14 	 1.3597e-20 	   0 	2.8188e-14 	 -2.1087e-21 	 7.6657e-22 	2.7215e-14 	   0 	   0 	1.8926e-14 	   0 	   0 	1.3484e-14 	   0 	   0 	1.3781e-14 	   0 	   0 	1.2967e-14 	   0 	   0 	9.5626e-15 	   0 	   0 	9.5647e-15 	   0 	   0 	7.1836e-15 	   0 	   0 	8.2486e-15 	   0 	   0 	5.0553e-15 	   0 	   0 	5.2669e-15 	   0 	   0 	3.9025e-15 	   0 	   0 	1.5455e-15 	   0 	   0 	4.6044e-15 	   0 	   0 	
7.820e+03 	3.9624e-13 	 -2.1553e-14 	 3.1747e-14 	4.5245e-13 	 -2.7806e-14 	 7.7654e-15 	2.3779e-13 	 1.4329e-15 	 -7.8387e-15 	1.5376e-13 	 5.7174e-16 	 -7.8897e-16 	1.328e-13 	 5.6771e-16 	 1.0922e-16 	1.5604e-13 	 -3.3195e-17 	 -3.8571e-17 	7.0901e-14 	 -1.2946e-20 	 1.1304e-20 	8.1974e-14 	 -2.2725e-15 	 6.852e-16 	8.5348e-14 	 8.1393e-16 	   0 	4.9108e-14 	 3.579e-16 	 1.0804e-15 	6.2171e-14 	 -2.5065e-17 	 -5.0474e-17 	3.7005e-14 	   0 	   0 	4.2921e-14 	 -3.2868e-17 	 1.0061e-17 	4.3048e-14 	   0 	   0 	2.8307e-14 	 8.6343e-22 	 -1.3743e-21 	2.181e-14 	 -1.1981e-21 	 3.6352e-21 	1.6714e-14 	   0 	   0 	1.5893e-14 	   0 	   0 	1.804e-14 	   0 	   0 	1.0698e-14 	   0 	   0 	7.5859e-15 	   0 	   0 	9.5528e-15 	   0 	   0 	1.0742e-14 	   0 	   0 	6.018e-15 	   0 	   0 	3.5425e-15 	 -7.5704e-19 	 1.7592e-18 	4.5322e-15 	   0 	   0 	9.7807e-15 	 -3.0302e-16 	 3.4995e-18 	5.1021e-15 	   0 	   0 	4.1648e-15 	   0 	   0 	2.2155e-15 	   0 	   0 	
8.260e+03 	2.8985e-13 	 -1.1734e-14 	 7.3098e-15 	2.1099e-13 	 -1.3683e-14 	 -7.3891e-15 	1.6899e-13 	 -3.5223e-15 	 3.6129e-15 	1.9036e-13 	 -9.7741e-17 	 -2.9121e-16 	1.5828e-13 	 -1.4594e-16 	 -6.2481e-18 	1.2425e-13 	 -1.9258e-16 	 3.8896e-16 	6.9919e-14 	 -9.2404e-16 	 -2.2911e-17 	9.6919e-14 	 4.6689e-17 	 -1.0138e-16 	7.0308e-14 	 -2.5179e-16 	 -6.7258e-16 	3.7439e-14 	 2.8286e-21 	 2.1908e-21 	4.6889e-14 	 -8.7045e-23 	 -2.8463e-22 	3.2235e-14 	   0 	   0 	3.7134e-14 	 1.0255e-16 	 -9.0445e-18 	3.2894e-14 	 5.9685e-16 	 2.052e-17 	2.1119e-14 	   0 	   0 	2.3479e-14 	   0 	   0 	2.3604e-14 	   0 	   0 	1.8967e-14 	   0 	   0 	1.03e-14 	   0 	   0 	9.5409e-15 	   0 	   0 	1.7027e-14 	 4.775e-20 	 6.5732e-20 	9.706e-15 	 2.2143e-21 	 -2.0411e-21 	6.2381e-15 	 -7.1912e-22 	 9.6306e-22 	9.875e-15 	   0 	   0 	5.6961e-15 	 -4.4757e-17 	 4.3084e-17 	7.3288e-15 	 -5.2809e-21 	 1.685e-20 	6.663e-15 	   0 	   0 	5.8769e-15 	 1.6139e-20 	   0 	6.4723e-15 	   0 	   0 	5.0818e-15 	   0 	   0 	
8.700e+03 	4.6149e-14 	 3.3126e-16 	 -5.923e-15 	1.4205e-13 	 -4.1303e-15 	 -9.204e-15 	1.9901e-13 	 1.2367e-15 	 7.9052e-16 	7.3036e-14 	 3.0973e-15 	 2.6298e-15 	1.1798e-13 	 1.6813e-15 	 1.2376e-15 	9.2058e-14 	 -3.6155e-15 	 -1.6019e-15 	7.0807e-14 	 3.3165e-16 	 -2.4028e-17 	4.8223e-14 	 -3.3281e-16 	 1.0881e-15 	5.884e-14 	 5.8904e-17 	 -8.7087e-16 	4.8282e-14 	 -7.8077e-17 	 -1.0977e-16 	4.0269e-14 	 -9.9298e-16 	 3.444e-16 	3.5e-14 	 -1.4074e-16 	 -5.0631e-18 	2.9659e-14 	 -2.9613e-18 	 1.2157e-17 	3.2322e-14 	 1.5974e-16 	 -2.3528e-16 	2.8807e-14 	   0 	   0 	2.1664e-14 	   0 	   0 	2.3323e-14 	   0 	   0 	1.2259e-14 	   0 	   0 	1.2008e-14 	   0 	   0 	9.6044e-15 	 1.1945e-18 	 9.4244e-19 	1.0396e-14 	   0 	   0 	6.7743e-15 	   0 	   0 	1.0122e-14 	   0 	   0 	7.8885e-15 	   0 	   0 	1.0293e-14 	   0 	   0 	4.8476e-15 	   0 	   0 	4.2823e-15 	   0 	   0 	3.4161e-15 	   0 	   0 	3.9458e-15 	   0 	   0 	2.4373e-15 	   0 	   0 	
9.140e+03 	7.239e-14 	 -8.3722e-15 	 1.0735e-14 	1.7202e-13 	 -3.2218e-14 	 1.9161e-14 	1.1759e-13 	 5.2942e-15 	 6.8075e-15 	7.9132e-14 	   0 	   0 	6.0906e-14 	 1.194e-15 	 -6.756e-16 	3.7065e-14 	 -3.5573e-20 	 -2.2766e-20 	6.3264e-14 	 -6.8377e-16 	 1.9015e-15 	5.8639e-14 	 -8.5838e-19 	 -1.6316e-19 	4.8263e-14 	 3.5958e-16 	 -6.1447e-16 	2.7895e-14 	 3.5707e-17 	 5.3228e-17 	4.0396e-14 	 1.7464e-18 	 -2.1359e-18 	3.6256e-14 	 -8.4952e-17 	 -3.0015e-16 	2.3343e-14 	 -1.2314e-19 	 3.1055e-20 	2.3729e-14 	 -5.5343e-19 	 9.8753e-17 	2.1685e-14 	 -2.0571e-17 	 -8.9458e-18 	2.1975e-14 	   0 	   0 	1.5359e-14 	   0 	   0 	8.9901e-15 	 -1.1302e-16 	 -3.7788e-17 	1.9481e-14 	 1.1453e-18 	 -3.4368e-19 	1.5619e-14 	 3.17e-18 	 1.6517e-19 	1.4117e-14 	 -4.5232e-16 	 1.1321e-16 	9.5602e-15 	   0 	   0 	7.884e-15 	 2.7294e-17 	   0 	7.1986e-15 	 5.7432e-18 	   0 	3.7075e-15 	   0 	   0 	5.977e-15 	 1.9506e-18 	   0 	4.448e-15 	   0 	   0 	5.4725e-15 	   0 	   0 	3.1348e-15 	   0 	   0 	3.3982e-15 	   0 	   0 	
9.580e+03 	1.8886e-13 	 -5.9177e-14 	 -2.967e-14 	9.9853e-14 	 1.8982e-15 	 6.1495e-15 	5.2815e-14 	 3.0133e-15 	 1.0564e-16 	7.5172e-14 	 -4.9107e-16 	 -8.6049e-16 	5.595e-14 	 -5.3397e-15 	 5.0738e-16 	5.0619e-14 	 -5.4236e-18 	 -2.2779e-18 	3.5138e-14 	 3.1991e-17 	 2.5835e-16 	3.6375e-14 	 -1.003e-19 	 3.4286e-20 	2.7927e-14 	 -1.9424e-16 	 -1.3163e-16 	3.8134e-14 	 8.0886e-17 	 1.1506e-15 	2.7973e-14 	 7.9446e-17 	 7.7326e-17 	3.1694e-14 	 8.0682e-21 	 -1.0462e-20 	2.778e-14 	   0 	   0 	2.2359e-14 	   0 	   0 	2.0568e-14 	 2.3039e-16 	   0 	1.7079e-14 	 -2.6346e-16 	 -2.2904e-16 	1.4365e-14 	   0 	   0 	6.6828e-15 	 -5.7065e-21 	 5.6443e-19 	1.266e-14 	   0 	   0 	9.3623e-15 	   0 	   0 	1.1139e-14 	   0 	   0 	9.105e-15 	   0 	   0 	7.1219e-15 	   0 	   0 	7.9081e-15 	   0 	   0 	5.9149e-15 	   0 	   0 	5.0641e-15 	   0 	   0 	4.7125e-15 	 1.2612e-17 	 3.6488e-18 	2.0001e-15 	   0 	   0 	3.5756e-15 	   0 	   0 	4.3639e-15 	   0 	   0 	
1.002e+04 	3.6139e-14 	 -1.071e-14 	 1.9217e-14 	4.4335e-14 	 5.7017e-15 	 2.1974e-14 	4.6511e-14 	 -5.7467e-15 	 -1.69e-15 	4.6775e-14 	 1.1779e-18 	 -1.5332e-19 	5.0169e-14 	 -9.5244e-15 	 -6.0254e-16 	3.2003e-14 	 2.1073e-20 	 -7.1928e-20 	4.9349e-14 	 2.1013e-15 	 -1.1977e-15 	4.1898e-14 	 -2.3514e-15 	 -1.8059e-15 	1.9775e-14 	 -1.037e-15 	 3.2762e-16 	3.1206e-14 	   0 	   0 	1.5445e-14 	 6.6125e-17 	 1.8722e-17 	1.9885e-14 	 -3.8452e-16 	 5.7782e-16 	1.7177e-14 	 1.7347e-17 	 -6.7167e-17 	2.0629e-14 	 -1.0268e-16 	 -2.5137e-16 	1.2718e-14 	   0 	   0 	1.8749e-14 	 4.9565e-19 	   0 	1.5555e-14 	   0 	   0 	9.6955e-15 	 -2.3433e-17 	 2.087e-16 	9.6239e-15 	   0 	   0 	7.9635e-15 	 -2.5463e-19 	 -1.0278e-18 	1.2468e-14 	 2.0384e-17 	 2.7845e-17 	8.617e-15 	   0 	   0 	5.269e-15 	   0 	   0 	4.9831e-15 	   0 	   0 	5.611e-15 	 4.3691e-17 	 1.2835e-17 	4.2387e-15 	   0 	   0 	3.8055e-15 	   0 	   0 	5.2589e-15 	   0 	   0 	2.2591e-15 	   0 	   0 	2.7022e-15 	   0 	   0 	
1.046e+04 	1.3849e-15 	 -1.6372e-16 	 8.6185e-17 	1.9199e-14 	   0 	   0 	7.4455e-14 	 1.1171e-15 	 -4.6898e-16 	3.8516e-14 	   0 	   0 	3.7666e-14 	 -8.4958e-16 	 -3.5277e-16 	3.031e-14 	 1.8736e-20 	 2.7497e-20 	4.296e-14 	 2.2497e-16 	 -2.8289e-16 	2.8451e-14 	 -1.8055e-17 	 -1.4264e-18 	2.4701e-14 	 -2.9288e-18 	 4.4479e-17 	1.419e-14 	   0 	   0 	2.4695e-14 	   0 	   0 	1.1718e-14 	   0 	   0 	2.0315e-14 	   0 	   0 	1.4219e-14 	 9.4255e-17 	 -5.5672e-19 	1.114e-14 	 4.3958e-16 	 3.7629e-17 	1.1025e-14 	 4.3671e-18 	 -2.8376e-18 	1.1721e-14 	 -1.6965e-18 	 1.2096e-18 	1.232e-14 	 5.4387e-17 	 1.9331e-16 	8.9431e-15 	 1.8103e-16 	 5.5322e-16 	6.5067e-15 	 -3.6546e-17 	 -3.8098e-16 	8.4733e-15 	 1.5445e-18 	 3.551e-18 	7.466e-15 	 -1.3556e-19 	 2.2417e-18 	1.2012e-14 	   0 	   0 	9.737e-15 	 1.5123e-16 	 9.4485e-17 	7.2495e-15 	   0 	   0 	4.9304e-15 	   0 	   0 	4.5336e-15 	 9.7303e-17 	 -4.2119e-17 	3.3075e-15 	   0 	   0 	6.4759e-15 	   0 	   0 	3.6871e-15 	   0 	   0 	
1.090e+04 	1.7186e-14 	 -1.4531e-14 	 -4.5012e-15 	3.9541e-14 	 -9.2161e-15 	 9.0089e-15 	4.527e-14 	 7.5139e-16 	 -4.175e-15 	2.1322e-14 	 2.2856e-15 	 1.5973e-15 	2.8043e-14 	 -2.5875e-19 	 -2.8231e-20 	2.3508e-14 	 7.5895e-16 	 -4.079e-16 	2.9459e-14 	 -1.131e-16 	 -8.894e-16 	3.0877e-14 	   0 	   0 	3.849e-14 	 -1.1473e-16 	 7.5876e-17 	1.6959e-14 	   0 	   0 	2.562e-14 	   0 	   0 	2.4549e-14 	 -4.081e-16 	 9.7074e-16 	1.3536e-14 	   0 	   0 	1.3829e-14 	   0 	   0 	1.1032e-14 	   0 	   0 	1.4368e-14 	 2.6714e-16 	 -1.912e-16 	1.7197e-14 	 1.432e-16 	 -1.2803e-16 	1.3813e-14 	 2.8073e-18 	 7.0565e-18 	1.0802e-14 	 8.4969e-19 	 -1.5115e-19 	1.0258e-14 	   0 	   0 	8.84e-15 	   0 	   0 	9.2617e-15 	   0 	   0 	6.2153e-15 	   0 	   0 	5.7019e-15 	   0 	   0 	5.8272e-15 	   0 	   0 	3.7055e-15 	   0 	   0 	5.635e-15 	 3.3034e-19 	 2.371e-18 	6.2838e-15 	   0 	   0 	4.7025e-15 	 -8.8418e-17 	 -1.2159e-16 	2.2983e-15 	   0 	   0 	
1.134e+04 	5.6752e-14 	 -2.9054e-15 	 1.5857e-15 	4.55e-14 	 1.023e-15 	 -1.1111e-15 	4.9904e-14 	 1.1302e-16 	 -2.0626e-17 	4.153e-14 	 -1.4497e-15 	 -4.578e-15 	1.8983e-14 	 2.8738e-16 	 -2.2022e-17 	1.9562e-14 	 -2.86e-15 	 -6.005e-16 	3.3143e-14 	 -2.1076e-15 	 -8.1621e-16 	2.93e-14 	 1.3261e-16 	 -2.1203e-16 	2.089e-14 	 3.4449e-16 	 1.8427e-16 	2.339e-14 	 4.8553e-16 	 -2.5235e-17 	3.341e-14 	   0 	   0 	1.8607e-14 	   0 	   0 	1.2065e-14 	 6.8889e-19 	 2.0392e-17 	1.1331e-14 	   0 	   0 	1.7833e-14 	   0 	   0 	9.0713e-15 	 2.0179e-17 	 -3.4702e-17 	1.4199e-14 	   0 	   0 	1.3892e-14 	   0 	   0 	1.4553e-14 	   0 	   0 	8.5488e-15 	   0 	   0 	1.1211e-14 	   0 	   0 	9.7247e-15 	   0 	   0 	7.6211e-15 	   0 	   0 	5.7667e-15 	   0 	   0 	8.3748e-15 	   0 	   0 	5.2779e-15 	   0 	   0 	7.1195e-15 	   0 	   0 	6.468e-15 	   0 	   0 	4.0619e-15 	   0 	   0 	3.6236e-15 	   0 	   0 	
1.178e+04 	1.1296e-14 	 -8.2881e-15 	 6.7035e-15 	6.8476e-15 	 2.4345e-16 	 -2.1833e-16 	1.0242e-13 	 2.5454e-15 	 2.4796e-15 	2.737e-14 	 -8.66e-21 	 2.1976e-23 	6.6682e-15 	 -2.9716e-15 	 3.3082e-15 	3.4252e-14 	 -2.1721e-15 	 1.0854e-16 	2.0708e-14 	 3.358e-17 	 -3.0371e-18 	3.3692e-14 	 -4.4397e-17 	 1.0145e-15 	1.8398e-14 	   0 	   0 	1.1117e-14 	   0 	   0 	2.0872e-14 	 -2.8942e-16 	 -3.408e-16 	1.3631e-14 	 -1.6928e-15 	 -8.7652e-17 	1.464e-14 	 1.0451e-16 	 1.3467e-16 	1.7179e-14 	 1.6552e-16 	   0 	1.8764e-14 	 -6.1357e-16 	 -6.0546e-16 	1.7056e-14 	 1.253e-19 	 6.9231e-20 	1.1543e-14 	 8.155e-18 	 -8.6111e-18 	1.4103e-14 	 7.5192e-17 	 -1.2319e-16 	1.0134e-14 	 -1.2021e-17 	 4.6265e-17 	1.3731e-14 	   0 	   0 	1.0995e-14 	 8.4799e-18 	   0 	5.3118e-15 	 -4.0974e-16 	 -8.2583e-17 	1.0251e-14 	   0 	   0 	9.0518e-15 	   0 	   0 	6.4268e-15 	   0 	   0 	9.697e-15 	   0 	   0 	6.3199e-15 	   0 	   0 	6.0954e-15 	 -1.6849e-19 	 -1.2842e-18 	6.0046e-15 	   0 	   0 	3.9308e-15 	   0 	   0 	
1.222e+04 	9.5171e-14 	 -1.8035e-14 	 7.9851e-14 	2.5242e-14 	 3.0965e-17 	 -1.8802e-16 	3.5905e-14 	 -7.8229e-15 	 -4.0789e-15 	2.5283e-14 	   0 	   0 	2.3467e-14 	 -1.367e-15 	 -3.5375e-16 	2.641e-14 	 1.0409e-15 	 1.4949e-15 	1.6048e-14 	 1.9023e-20 	 9.3039e-21 	2.447e-14 	 -1.617e-16 	 -1.227e-16 	2.6112e-14 	 -1.2489e-15 	 6.7504e-16 	1.3031e-14 	 -2.7825e-16 	 -1.9371e-16 	2.0631e-14 	 1.9755e-16 	   0 	2.6162e-14 	 3.851e-20 	 -2.8133e-20 	1.3592e-14 	 3.8006e-16 	 3.5387e-16 	1.2374e-14 	 -1.0773e-17 	 1.407e-17 	1.1802e-14 	 -9.7075e-17 	 -1.4834e-17 	9.0237e-15 	 -4.6866e-17 	 3.7436e-18 	1.5262e-14 	 2.3431e-18 	 -3.0588e-18 	1.5878e-14 	 6.9935e-17 	 -1.0538e-17 	1.0702e-14 	 1.1973e-17 	 1.6365e-16 	1.4605e-14 	   0 	   0 	1.0551e-14 	   0 	   0 	9.4927e-15 	   0 	   0 	9.8031e-15 	   0 	   0 	9.9558e-15 	   0 	   0 	1.0341e-14 	   0 	   0 	5.5287e-15 	   0 	   0 	8.4853e-15 	 -8.9365e-17 	 -2.0681e-16 	5.7084e-15 	   0 	   0 	4.374e-15 	   0 	   0 	4.1532e-15 	   0 	   0 	
1.266e+04 	1.1691e-13 	 -9.9939e-14 	 -6.0281e-14 	8.4089e-14 	 1.7966e-16 	 -1.0649e-15 	4.3299e-14 	 5.7371e-16 	 -1.1842e-15 	2.1367e-14 	 -4.1367e-15 	 7.6116e-16 	3.1779e-14 	 2.1235e-15 	 -1.2044e-15 	1.8572e-14 	   0 	   0 	3.1149e-14 	 3.6101e-16 	 1.1089e-15 	3.1104e-14 	 8.6285e-16 	 -1.5334e-16 	2.8871e-14 	 -1.5619e-18 	 4.4313e-17 	2.0804e-14 	 -2.4522e-20 	 -4.3327e-20 	2.0778e-14 	   0 	   0 	1.6975e-14 	 2.7306e-16 	 -3.6449e-16 	2.398e-14 	   0 	   0 	1.456e-14 	 -3.1099e-19 	 1.8023e-19 	1.9487e-14 	 -2.2312e-16 	 -1.695e-16 	1.5007e-14 	 2.1576e-16 	 1.1164e-16 	8.1791e-15 	   0 	   0 	1.0355e-14 	   0 	   0 	1.1366e-14 	 -4.7523e-17 	 -3.3582e-17 	1.4457e-14 	 2.5281e-17 	 5.3909e-17 	1.316e-14 	 2.0825e-17 	 6.9758e-18 	1.0649e-14 	   0 	   0 	1.3963e-14 	 -3.1571e-18 	 8.8574e-18 	9.4735e-15 	   0 	   0 	1.4541e-14 	   0 	   0 	1.1435e-14 	   0 	   0 	7.3371e-15 	   0 	   0 	5.8351e-15 	   0 	   0 	4.3154e-15 	   0 	   0 	3.8197e-15 	   0 	   0 	
1.310e+04 	  0 	   0 	   0 	3.629e-14 	   0 	   0 	1.3678e-14 	 -8.0627e-16 	 -2.7564e-15 	2.0819e-14 	   0 	   0 	1.278e-14 	 -5.652e-20 	 1.0572e-19 	2.25e-14 	   0 	   0 	2.983e-14 	   0 	   0 	2.0972e-14 	 -1.8678e-17 	 2.8091e-18 	2.58e-14 	 -2.0601e-16 	 -1.0561e-15 	1.9955e-14 	 2.397e-16 	 -7.3254e-16 	2.102e-14 	   0 	   0 	1.6635e-14 	 -1.0507e-18 	 -6.3348e-17 	2.5165e-14 	 8.9018e-20 	 5.7183e-20 	1.3774e-14 	   0 	   0 	1.3148e-14 	 6.1192e-18 	 -2.1647e-18 	1.3043e-14 	 -2.6333e-16 	 -7.994e-18 	9.7338e-15 	   0 	   0 	1.0926e-14 	 -2.3383e-19 	 -1.333e-19 	1.5227e-14 	 -3.0769e-17 	 -8.6091e-17 	1.036e-14 	 6.7645e-17 	 -2.6464e-16 	1.2526e-14 	   0 	   0 	9.8713e-15 	   0 	   0 	1.0114e-14 	   0 	   0 	1.2907e-14 	   0 	   0 	6.2803e-15 	   0 	   0 	9.0282e-15 	 -7.2315e-18 	 -6.8088e-18 	9.7015e-15 	   0 	   0 	8.218e-15 	   0 	   0 	6.3687e-15 	   0 	   0 	7.4344e-15 	   0 	   0 	
1.354e+04 	  0 	   0 	   0 	1.9102e-14 	   0 	   0 	2.4071e-14 	   0 	   0 	1.1876e-14 	 -2.2807e-17 	 6.1362e-16 	1.969e-14 	   0 	   0 	2.6179e-14 	 6.7205e-16 	 -5.7616e-16 	1.6288e-14 	   0 	   0 	2.7531e-14 	   0 	   0 	1.6515e-14 	   0 	   0 	2.0952e-14 	 -8.6723e-16 	 -1.1983e-15 	1.7989e-14 	 1.2496e-16 	 4.3675e-17 	1.6815e-14 	   0 	   0 	1.4138e-14 	 -3.1068e-19 	 -8.6214e-19 	2.3717e-14 	   0 	   0 	1.4511e-14 	 -4.5591e-16 	 -4.3191e-16 	1.7729e-14 	 2.2817e-17 	 -2.0524e-19 	1.205e-14 	   0 	   0 	2.0863e-14 	 2.2981e-18 	 2.9958e-18 	1.1509e-14 	 -7.1366e-19 	 -1.223e-18 	1.0044e-14 	 -1.0474e-17 	 7.4734e-17 	1.2792e-14 	 -2.7021e-18 	 4.5875e-18 	1.0485e-14 	   0 	   0 	8.4049e-15 	   0 	   0 	7.8362e-15 	   0 	   0 	7.2649e-15 	   0 	   0 	7.4867e-15 	   0 	   0 	8.0549e-15 	   0 	   0 	8.8802e-15 	   0 	   0 	3.2125e-15 	   0 	   0 	5.1378e-15 	   0 	   0 	
1.398e+04 	  0 	   0 	   0 	1.9523e-14 	   0 	   0 	2.4536e-14 	 -1.5335e-16 	 2.7561e-15 	  0 	   0 	   0 	2.0851e-14 	 3.5618e-16 	 1.3456e-17 	1.6473e-14 	 7.2131e-16 	 -7.2015e-16 	1.5566e-14 	   0 	   0 	1.3801e-14 	   0 	   0 	1.6915e-14 	   0 	   0 	1.5343e-14 	 2.1063e-18 	 8.9178e-18 	1.8737e-14 	   0 	   0 	1.7712e-14 	 -8.9165e-21 	 -1.9791e-20 	1.2792e-14 	 6.6303e-17 	 -2.8365e-17 	1.4587e-14 	 6.8923e-16 	 3.4224e-19 	2.1322e-14 	   0 	   0 	1.9857e-14 	 -1.0077e-15 	 -1.5344e-16 	1.2801e-14 	   0 	   0 	1.54e-14 	 -4.1155e-16 	 -4.6374e-16 	1.1699e-14 	   0 	   0 	1.1964e-14 	 3.3509e-17 	 -1.6988e-17 	1.0799e-14 	 -2.196e-18 	 8.4661e-20 	1.1656e-14 	 6.9198e-17 	 6.7799e-17 	8.0686e-15 	   0 	   0 	1.174e-14 	   0 	   0 	6.7887e-15 	 7.3551e-18 	   0 	8.0183e-15 	   0 	   0 	7.4427e-15 	   0 	   0 	5.8927e-15 	   0 	   0 	8.0248e-15 	   0 	   0 	5.2383e-15 	   0 	   0 	
1.442e+04 	  0 	   0 	   0 	3.5883e-14 	 -7.016e-16 	 1.5763e-15 	2.5956e-14 	 -2.6939e-16 	 -2.8391e-15 	2.0775e-14 	   0 	   0 	1.1066e-14 	   0 	   0 	1.2319e-14 	 -7.0308e-16 	 6.0699e-16 	3.546e-14 	 -2.9962e-16 	 -1.1405e-16 	2.4924e-14 	   0 	   0 	1.8328e-14 	 -1.6607e-17 	 2.3983e-16 	8.8348e-15 	 7.8548e-20 	   0 	2.0732e-14 	 8.3294e-17 	 -9.5921e-18 	2.2222e-14 	 -7.1465e-17 	 8.3793e-16 	1.3035e-14 	   0 	   0 	1.6887e-14 	 2.2742e-17 	 3.8598e-17 	1.5258e-14 	   0 	   0 	2.326e-14 	   0 	   0 	1.2999e-14 	   0 	   0 	1.308e-14 	 6.399e-18 	 -2.0949e-19 	1.7615e-14 	 -3.6912e-16 	 -1.5719e-16 	7.4155e-15 	   0 	   0 	1.1888e-14 	   0 	   0 	6.3394e-15 	   0 	   0 	9.7014e-15 	   0 	   0 	9.966e-15 	 -3.7499e-18 	 -1.6612e-17 	1.1694e-14 	   0 	   0 	8.2512e-15 	   0 	   0 	9.8024e-15 	 1.5975e-18 	 -1.217e-17 	7.9967e-15 	   0 	   0 	6.889e-15 	 -1.4382e-18 	 1.9927e-18 	4.9391e-15 	 -1.167e-17 	 7.5747e-18 	
1.486e+04 	7.3502e-17 	 9.7648e-18 	 -2.6356e-17 	2.9131e-14 	 -1.3272e-14 	 2.1893e-15 	1.8282e-14 	 -2.5729e-16 	 2.8294e-16 	1.5582e-14 	 2.0455e-19 	 3.7991e-19 	2.6735e-14 	   0 	   0 	2.836e-14 	   0 	   0 	1.7644e-14 	 7.349e-16 	   0 	3.519e-14 	 1.54e-15 	 -6.2114e-16 	1.1437e-14 	 7.2385e-21 	 -1.628e-20 	1.9451e-14 	 -1.0167e-15 	 -7.5436e-18 	1.2335e-14 	 6.6407e-16 	 1.1228e-16 	2.5681e-14 	 3.3844e-16 	 3.6757e-16 	1.7094e-14 	 -4.899e-17 	 -2.1759e-17 	1.01e-14 	 -7.8611e-17 	 -3.2078e-16 	1.7902e-14 	 -7.8534e-16 	 -1.2488e-17 	1.1387e-14 	   0 	   0 	1.1272e-14 	   0 	   0 	1.0032e-14 	 -1.6594e-16 	 -1.2938e-16 	1.4903e-14 	 -9.6106e-18 	 5.2614e-18 	1.5126e-14 	 2.0143e-18 	 8.2301e-19 	7.6803e-15 	 9.9316e-18 	   0 	1.2683e-14 	   0 	   0 	1.3853e-14 	 4.2377e-18 	 -5.8552e-19 	1.0622e-14 	 1.2461e-16 	 2.6357e-16 	8.9754e-15 	   0 	   0 	8.9403e-15 	   0 	   0 	4.7047e-15 	   0 	   0 	1.0737e-14 	   0 	   0 	7.905e-15 	   0 	   0 	8.3604e-15 	   0 	   0 	
1.530e+04 	  0 	   0 	   0 	  0 	   0 	   0 	  0 	   0 	   0 	7.1855e-15 	 1.3445e-17 	 8.805e-16 	6.9305e-15 	 2.832e-16 	 6.9097e-16 	6.9483e-15 	   0 	   0 	1.6511e-14 	 9.3698e-18 	 5.068e-17 	1.6109e-14 	 -9.3242e-16 	 1.0586e-15 	1.3452e-14 	 1.2351e-16 	 -3.9358e-18 	1.9712e-14 	 -5.6309e-18 	 1.5739e-17 	2.3329e-14 	 9.6773e-18 	 -9.4773e-18 	1.6083e-14 	 1.1147e-17 	 -8.0616e-18 	1.4316e-14 	 3.3628e-17 	 -3.8509e-20 	2.451e-14 	 -5.9913e-17 	 -3.1743e-16 	1.6602e-14 	 1.5602e-16 	 1.2464e-16 	1.375e-14 	 1.8463e-16 	 2.7588e-16 	1.1561e-14 	   0 	   0 	8.9008e-15 	   0 	   0 	1.1582e-14 	 -3.8536e-16 	 1.4177e-16 	1.0417e-14 	   0 	   0 	1.2286e-14 	 -1.1434e-17 	 -2.6032e-18 	9.5447e-15 	 5.7526e-18 	 -1.5896e-16 	6.9975e-15 	   0 	   0 	9.9017e-15 	 2.0689e-16 	   0 	1.171e-14 	 -3.0513e-16 	 -2.2952e-18 	9.6331e-15 	   0 	   0 	9.1079e-15 	   0 	   0 	7.0614e-15 	   0 	   0 	5.7368e-15 	   0 	   0 	5.6238e-15 	   0 	   0 	
1.574e+04 	  0 	   0 	   0 	7.5043e-15 	   0 	   0 	6.997e-15 	   0 	   0 	1.416e-14 	   0 	   0 	5.4708e-15 	   0 	   0 	1.0889e-14 	   0 	   0 	8.6044e-15 	   0 	   0 	1.3625e-14 	   0 	   0 	1.4335e-14 	   0 	   0 	1.6524e-14 	   0 	   0 	2.5506e-14 	   0 	   0 	2.2441e-14 	 4.2799e-16 	   0 	1.8277e-14 	   0 	   0 	1.2483e-14 	   0 	   0 	1.5895e-14 	 4.7965e-17 	 -3.8566e-16 	1.4215e-14 	 2.9882e-17 	 -2.6355e-16 	1.2336e-14 	   0 	   0 	1.091e-14 	   0 	   0 	9.3738e-15 	   0 	   0 	1.1094e-14 	   0 	   0 	1.0067e-14 	   0 	   0 	6.0118e-15 	   0 	   0 	9.0229e-15 	   0 	   0 	1.0932e-14 	   0 	   0 	6.9102e-15 	   0 	   0 	9.8829e-15 	   0 	   0 	8.5943e-15 	   0 	   0 	1.0773e-14 	   0 	   0 	6.9726e-15 	   0 	   0 	4.915e-15 	 -8.1871e-18 	 -2.7893e-17 	
1.618e+04 	1.2462e-14 	 -2.695e-15 	 2.1767e-16 	  0 	   0 	   0 	1.1331e-14 	   0 	   0 	1.3852e-14 	   0 	   0 	6.5246e-15 	   0 	   0 	1.1161e-14 	 -9.638e-16 	 -6.3572e-16 	1.7809e-14 	   0 	   0 	8.0169e-15 	   0 	   0 	1.2606e-14 	   0 	   0 	1.3269e-14 	 8.2006e-18 	   0 	1.7071e-14 	 -3.6663e-17 	 8.6744e-16 	1.2257e-14 	 6.0324e-16 	 2.3739e-16 	2.0335e-14 	   0 	   0 	1.4511e-14 	 -3.7592e-16 	 2.5347e-16 	1.8354e-14 	 -8.0318e-19 	 -1.6492e-17 	1.7327e-14 	 7.9146e-17 	 8.7771e-18 	1.2809e-14 	 -6.3352e-17 	 -2.4568e-17 	1.1155e-14 	 2.7129e-18 	 -2.4126e-18 	6.6045e-15 	 -7.357e-17 	 7.0508e-17 	1.7167e-14 	   0 	   0 	9.7077e-15 	   0 	   0 	1.4987e-14 	   0 	   0 	7.0495e-15 	 3.3542e-17 	   0 	9.2428e-15 	 -3.7827e-18 	 -1.8068e-18 	1.3114e-14 	 -3.7194e-16 	 7.5095e-17 	8.4001e-15 	   0 	   0 	9.1607e-15 	 7.314e-18 	 1.0515e-17 	8.1778e-15 	 8.6473e-17 	   0 	9.8528e-15 	   0 	   0 	7.246e-15 	   0 	   0 	
1.662e+04 	  0 	   0 	   0 	4.6692e-14 	 9.7576e-15 	 -1.4841e-15 	1.8876e-14 	   0 	   0 	1.8586e-14 	 2.0596e-15 	 7.251e-16 	1.1623e-14 	 2.6629e-17 	 1.6352e-15 	2.7168e-14 	 -6.1048e-19 	 3.2216e-19 	1.7149e-14 	   0 	   0 	1.9631e-14 	 -1.3474e-20 	 -1.6803e-20 	1.8078e-14 	   0 	   0 	1.5056e-14 	   0 	   0 	1.8731e-14 	   0 	   0 	1.4004e-14 	   0 	   0 	1.0859e-14 	   0 	   0 	1.8761e-14 	   0 	   0 	1.146e-14 	   0 	   0 	1.0923e-14 	 2.9663e-19 	 1.8941e-19 	1.3113e-14 	 2.7932e-16 	 -3.1584e-16 	1.5632e-14 	   0 	   0 	1.3694e-14 	   0 	   0 	1.2236e-14 	 3.659e-18 	 -2.1019e-18 	9.9178e-15 	 -1.4786e-17 	 9.1994e-18 	7.5817e-15 	   0 	   0 	1.1952e-14 	   0 	   0 	6.561e-15 	 -8.21e-18 	 -1.0745e-17 	1.202e-14 	 2.5374e-17 	 -1.4315e-16 	6.5098e-15 	 3.0859e-17 	 -9.8409e-18 	8.7939e-15 	   0 	   0 	8.0056e-15 	   0 	   0 	1.2728e-14 	 -5.2239e-17 	 4.9253e-17 	6.0084e-15 	 1.4678e-17 	 2.7574e-17 	
1.706e+04 	  0 	   0 	   0 	  0 	   0 	   0 	7.8251e-15 	   0 	   0 	6.8164e-15 	 -4.1658e-20 	 -3.6466e-22 	1.7161e-15 	   0 	   0 	2.0736e-14 	   0 	   0 	1.1007e-14 	   0 	   0 	2.627e-14 	 -6.5726e-16 	 4.8325e-16 	1.4627e-14 	 2.8065e-20 	 9.7802e-21 	1.6394e-14 	   0 	   0 	1.4556e-14 	   0 	   0 	2.2002e-14 	   0 	   0 	1.465e-14 	 -1.3716e-20 	 2.7588e-20 	6.3437e-15 	   0 	   0 	1.9899e-14 	 1.0364e-16 	 -3.6287e-16 	1.3984e-14 	 -8.9254e-17 	 4.8708e-16 	1.2697e-14 	 1.587e-16 	 -3.7792e-16 	1.1988e-14 	 3.7271e-19 	 -3.9758e-19 	1.4201e-14 	   0 	   0 	1.0577e-14 	   0 	   0 	1.0302e-14 	   0 	   0 	9.0121e-15 	 -3.7864e-16 	 1.2352e-16 	8.0557e-15 	 1.9946e-17 	 6.3044e-18 	1.0045e-14 	 1.5843e-16 	 -6.5901e-17 	9.5841e-15 	 1.8806e-16 	 -2.7964e-16 	9.029e-15 	   0 	   0 	1.2456e-14 	 6.287e-17 	 2.5118e-17 	9.5517e-15 	   0 	   0 	7.5827e-15 	   0 	   0 	7.0627e-15 	   0 	   0 	
1.750e+04 	  0 	   0 	   0 	6.453e-15 	   0 	   0 	6.7829e-15 	   0 	   0 	5.8455e-15 	 -1.3685e-19 	 -4.9506e-20 	1.3705e-14 	   0 	   0 	5.4955e-15 	   0 	   0 	1.0931e-14 	   0 	   0 	1.7494e-14 	 -2.6298e-16 	 7.4186e-16 	2.2003e-14 	 1.0741e-18 	 7.3888e-16 	3.0437e-14 	 -1.0256e-21 	 -1.8485e-21 	9.9474e-15 	   0 	   0 	2.0599e-14 	   0 	   0 	1.058e-14 	   0 	   0 	8.5438e-15 	   0 	   0 	1.4688e-14 	   0 	   0 	1.5522e-14 	   0 	   0 	1.3607e-14 	 2.7655e-19 	 3.1069e-20 	1.7225e-14 	   0 	   0 	1.1903e-14 	   0 	   0 	9.048e-15 	   0 	   0 	1.0809e-14 	   0 	   0 	1.0923e-14 	   0 	   0 	1.0426e-14 	   0 	   0 	1.054e-14 	 -2.7568e-16 	 2.2261e-17 	6.6502e-15 	   0 	   0 	7.4257e-15 	 -1.2008e-17 	 -4.5468e-18 	6.088e-15 	   0 	   0 	7.5872e-15 	   0 	   0 	8.7666e-15 	   0 	   0 	5.9284e-15 	   0 	   0 	
1.794e+04 	  0 	   0 	   0 	  0 	   0 	   0 	3.4019e-14 	 6.3355e-16 	 2.6185e-15 	5.7004e-15 	   0 	   0 	1.5443e-14 	 -3.2007e-15 	 -1.4826e-15 	8.6957e-15 	   0 	   0 	1.2088e-14 	 6.0332e-17 	 1.7077e-17 	2.0182e-14 	   0 	   0 	1.3625e-14 	 4.3445e-17 	 5.6421e-17 	1.3821e-14 	   0 	   0 	1.1401e-14 	   0 	   0 	1.1683e-14 	   0 	   0 	6.8791e-15 	   0 	   0 	1.4583e-14 	 8.488e-17 	 -4.5657e-17 	1.1425e-14 	   0 	   0 	7.3506e-15 	 -1.1712e-20 	 6.0819e-20 	1.3495e-14 	 1.6406e-16 	 5.618e-17 	1.4473e-14 	 -2.1331e-16 	 -7.3408e-17 	1.6059e-14 	   0 	   0 	1.7632e-14 	   0 	   0 	1.3073e-14 	   0 	   0 	1.1796e-14 	   0 	   0 	1.3492e-14 	   0 	   0 	9.3574e-15 	   0 	   0 	8.5797e-15 	 4.484e-18 	 -5.2134e-18 	8.2811e-15 	   0 	   0 	8.1799e-15 	 -4.0312e-17 	 6.495e-17 	8.5775e-15 	   0 	   0 	1.0847e-14 	   0 	   0 	7.9235e-15 	   0 	   0 	
1.838e+04 	  0 	   0 	   0 	  0 	   0 	   0 	2.3714e-14 	 -1.1854e-16 	 6.3034e-16 	6.011e-15 	   0 	   0 	1.093e-14 	   0 	   0 	3.9379e-15 	 -1.146e-15 	 -2.4883e-15 	1.5525e-14 	 -5.6659e-16 	 -1.7981e-16 	1.4242e-14 	 -1.7418e-15 	 -7.5627e-16 	1.2112e-14 	 2.7472e-21 	 3.1423e-20 	2.3164e-14 	 3.7352e-16 	 -2.9468e-16 	1.1792e-14 	 7.5592e-22 	 4.5265e-20 	1.0285e-14 	 3.4719e-16 	 -7.5816e-16 	1.1457e-14 	   0 	   0 	9.914e-15 	 -6.8549e-20 	 -2.498e-20 	1.2794e-14 	 2.7469e-16 	   0 	1.0886e-14 	   0 	   0 	1.6342e-14 	   0 	   0 	1.3089e-14 	 -3.2947e-16 	 6.1422e-17 	1.3519e-14 	   0 	   0 	9.9748e-15 	 2.4003e-17 	   0 	1.4302e-14 	   0 	   0 	5.256e-15 	   0 	   0 	8.4006e-15 	   0 	   0 	8.1043e-15 	   0 	   0 	1.0615e-14 	   0 	   0 	8.2178e-15 	 8.1904e-17 	 -1.598e-16 	1.1737e-14 	   0 	   0 	5.215e-15 	   0 	   0 	9.4976e-15 	   0 	   0 	4.6288e-15 	   0 	   0 	
1.882e+04 	1.1286e-14 	   0 	   0 	  0 	   0 	   0 	6.6518e-15 	   0 	   0 	9.5661e-15 	   0 	   0 	7.9974e-15 	   0 	   0 	4.8642e-15 	   0 	   0 	1.1662e-14 	 -1.1919e-16 	 -8.2009e-17 	1.3763e-14 	   0 	   0 	1.2663e-14 	 -3.8708e-18 	 3.784e-17 	4.7527e-15 	 1.3458e-20 	 -7.3673e-21 	2.2849e-14 	 -1.2255e-15 	 2.1977e-16 	1.7819e-14 	 -4.0074e-16 	 3.2739e-16 	1.8204e-14 	 -3.5871e-16 	 5.3559e-16 	1.2826e-14 	   0 	   0 	7.5806e-15 	   0 	   0 	1.0337e-14 	   0 	   0 	9.8236e-15 	   0 	   0 	1.4145e-14 	   0 	   0 	1.1208e-14 	 1.7114e-17 	 8.9064e-20 	1.1677e-14 	 -1.8444e-16 	 8.163e-17 	1.4302e-14 	 -1.1436e-18 	 7.6815e-18 	1.073e-14 	   0 	   0 	6.5848e-15 	 1.9318e-18 	 -8.102e-19 	1.4212e-14 	 -8.2368e-17 	 4.3626e-17 	1.1692e-14 	   0 	   0 	6.4301e-15 	   0 	   0 	1.0127e-14 	   0 	   0 	1.0164e-14 	   0 	   0 	8.0597e-15 	   0 	   0 	9.7023e-15 	   0 	   0 	
1.926e+04 	  0 	   0 	   0 	  0 	   0 	   0 	1.1428e-14 	 -6.5692e-15 	 -3.7953e-16 	1.0957e-14 	   0 	   0 	2.2521e-15 	 -1.3406e-16 	 -3.7548e-17 	2.2082e-15 	   0 	   0 	2.467e-15 	 -7.5013e-18 	 -6.5796e-18 	8.2027e-15 	   0 	   0 	8.2344e-15 	   0 	   0 	9.7756e-15 	 -2.0206e-16 	 -7.0917e-18 	1.347e-14 	   0 	   0 	1.6646e-14 	   0 	   0 	9.0675e-15 	 2.1822e-19 	 8.8198e-19 	1.472e-14 	   0 	   0 	1.0541e-14 	   0 	   0 	1.4948e-14 	   0 	   0 	9.1768e-15 	 -9.114e-17 	 -2.1901e-17 	1.3601e-14 	 -1.8767e-17 	 1.0019e-16 	1.3741e-14 	   0 	   0 	1.2012e-14 	 2.0086e-18 	 2.664e-17 	1.0682e-14 	 -7.1607e-17 	 7.5477e-17 	6.7247e-15 	   0 	   0 	1.0949e-14 	   0 	   0 	4.782e-15 	 5.6046e-17 	 -1.7155e-16 	9.0114e-15 	 3.6144e-18 	   0 	8.9651e-15 	 6.0934e-18 	 6.6998e-18 	4.7551e-15 	   0 	   0 	7.378e-15 	   0 	   0 	7.8242e-15 	 1.0386e-16 	 3e-17 	8.5239e-15 	   0 	   0 	
1.970e+04 	  0 	   0 	   0 	  0 	   0 	   0 	2.3828e-14 	   0 	   0 	1.8284e-15 	 -4.7806e-16 	 -4.8183e-16 	1.4198e-14 	 5.0468e-16 	 2.9905e-16 	1.1495e-14 	 -1.393e-20 	 -5.1683e-20 	1.6926e-17 	   0 	   0 	1.8273e-14 	   0 	   0 	6.568e-15 	   0 	   0 	1.1753e-14 	 4.8978e-16 	 -5.9063e-21 	2.1905e-14 	 3.0242e-16 	 6.2842e-16 	8.0305e-15 	   0 	   0 	1.059e-14 	   0 	   0 	9.9999e-15 	 3.2191e-19 	 -2.1094e-19 	1.3748e-14 	   0 	   0 	1.1966e-14 	   0 	   0 	7.0225e-15 	   0 	   0 	1.1878e-14 	   0 	   0 	8.7826e-15 	   0 	   0 	1.4523e-14 	 -4.492e-16 	 3.2061e-16 	9.2694e-15 	   0 	   0 	1.0377e-14 	 3.1583e-19 	 7.7909e-19 	1.404e-14 	   0 	   0 	8.4825e-15 	 -1.8347e-17 	 2.6761e-18 	1.0412e-14 	   0 	   0 	6.4433e-15 	   0 	   0 	9.9019e-15 	   0 	   0 	1.2355e-14 	 -2.5275e-16 	 -6.3187e-17 	5.0297e-15 	 8.3488e-18 	 -1.0502e-19 	4.7738e-15 	   0 	   0 	
2.014e+04 	  0 	   0 	   0 	  0 	   0 	   0 	1.8532e-14 	   0 	   0 	3.6289e-15 	   0 	   0 	1.163e-14 	   0 	   0 	5.6871e-15 	 -7.4755e-18 	 3.3626e-18 	2.0799e-14 	 -1.4019e-16 	 -1.4838e-15 	5.8151e-15 	   0 	   0 	6.9092e-15 	   0 	   0 	1.3259e-14 	   0 	   0 	1.431e-14 	   0 	   0 	9.737e-15 	   0 	   0 	6.9457e-15 	   0 	   0 	9.4189e-15 	   0 	   0 	7.5315e-15 	 -6.8686e-17 	 -4.2903e-17 	1.0956e-14 	 -6.3409e-18 	 -1.9137e-17 	1.1993e-14 	   0 	   0 	1.5103e-14 	   0 	   0 	1.1692e-14 	   0 	   0 	6.9658e-15 	 4.1993e-17 	 -2.6117e-16 	1.0095e-14 	 -4.625e-17 	 -3.8184e-17 	7.6586e-15 	   0 	   0 	6.0448e-15 	   0 	   0 	7.5229e-15 	 -1.2096e-18 	 -2.5554e-18 	8.5499e-15 	 5.123e-17 	   0 	9.2468e-15 	 -2.2101e-16 	 -1.0765e-16 	9.0636e-15 	   0 	   0 	9.5209e-15 	   0 	   0 	6.9415e-15 	 7.4329e-17 	 -4.7276e-17 	7.234e-15 	 9.4955e-19 	 1.2361e-18 	
2.058e+04 	  0 	   0 	   0 	  0 	   0 	   0 	1.3494e-14 	 5.7071e-15 	 -3.5327e-15 	1.6015e-14 	   0 	   0 	1.0712e-14 	   0 	   0 	1.4931e-14 	   0 	   0 	7.5615e-15 	   0 	   0 	9.1677e-15 	   0 	   0 	8.8486e-15 	   0 	   0 	3.7887e-15 	 -1.8876e-18 	 1.0454e-18 	8.5114e-15 	   0 	   0 	1.1288e-14 	 -4.9585e-17 	 -1.0268e-17 	1.4334e-14 	   0 	   0 	1.2506e-14 	   0 	   0 	1.1923e-14 	 2.4261e-16 	 -5.3605e-17 	9.6349e-15 	   0 	   0 	9.5665e-15 	 -1.8041e-18 	 -6.1047e-19 	7.0514e-15 	   0 	   0 	5.9883e-15 	 6.8597e-18 	 2.623e-17 	7.711e-15 	 2.4005e-17 	 -3.4485e-17 	1.0344e-14 	   0 	   0 	8.8873e-15 	 1.5362e-17 	   0 	8.4164e-15 	 2.4725e-17 	 -6.5992e-17 	1.3502e-14 	   0 	   0 	9.4708e-15 	   0 	   0 	9.052e-15 	   0 	   0 	8.316e-15 	 7.0129e-19 	 -4.2735e-18 	7.9382e-15 	   0 	   0 	5.5785e-15 	   0 	   0 	6.3427e-15 	   0 	   0 	
2.102e+04 	  0 	   0 	   0 	  0 	   0 	   0 	2.4171e-17 	   0 	   0 	3.1895e-15 	   0 	   0 	  0 	   0 	   0 	1.2822e-14 	   0 	   0 	1.2296e-14 	   0 	   0 	5.3545e-15 	   0 	   0 	1.1628e-14 	   0 	   0 	1.0627e-14 	   0 	   0 	7.2282e-15 	   0 	   0 	1.5284e-14 	   0 	   0 	1.3933e-14 	 1.3137e-16 	 3.4961e-17 	1.7369e-14 	   0 	   0 	9.7808e-15 	   0 	   0 	8.0362e-15 	 2.7592e-18 	 4.613e-18 	1.0643e-14 	 1.8722e-16 	 1.6044e-16 	7.6882e-15 	   0 	   0 	1.1517e-14 	   0 	   0 	8.4674e-15 	   0 	   0 	7.4226e-15 	   0 	   0 	7.8701e-15 	   0 	   0 	7.4225e-15 	 -1.5841e-18 	 -8.4672e-19 	1.0122e-14 	 1.0398e-16 	 3.382e-17 	6.4686e-15 	 -4.864e-17 	 5.2461e-17 	5.2599e-15 	   0 	   0 	9.2081e-15 	 -1.2479e-16 	 -1.293e-17 	4.9507e-15 	   0 	   0 	5.0493e-15 	   0 	   0 	8.0996e-15 	   0 	   0 	
2.146e+04 	  0 	   0 	   0 	  0 	   0 	   0 	5.4753e-14 	 1.1279e-15 	 -9.7643e-15 	  0 	   0 	   0 	1.1649e-14 	 -2.7328e-15 	 -2.3942e-15 	1.0914e-14 	 -1.3195e-16 	 1.0384e-15 	9.2665e-15 	   0 	   0 	5.4555e-15 	 1.5721e-16 	 -2.0145e-16 	1.8673e-14 	   0 	   0 	1.9518e-14 	   0 	   0 	5.0956e-15 	   0 	   0 	9.6941e-15 	   0 	   0 	9.3402e-15 	 -1.1589e-15 	 -4.4763e-16 	1.2514e-14 	 1.8711e-16 	 2.6478e-17 	1.0746e-14 	   0 	   0 	1.4559e-14 	   0 	   0 	6.6944e-15 	   0 	   0 	8.5388e-15 	 -3.3855e-17 	 -1.8787e-17 	1.0855e-14 	   0 	   0 	1.2484e-14 	   0 	   0 	9.9076e-15 	 3.2405e-17 	 1.0113e-17 	8.9328e-15 	   0 	   0 	1.1412e-14 	   0 	   0 	7.6014e-15 	   0 	   0 	6.0989e-15 	   0 	   0 	7.1232e-15 	   0 	   0 	8.0482e-15 	 1.7276e-18 	 -1.715e-18 	7.5282e-15 	   0 	   0 	6.9933e-15 	   0 	   0 	7.2724e-15 	   0 	   0 	
2.190e+04 	1.3025e-14 	   0 	   0 	  0 	   0 	   0 	7.4746e-15 	   0 	   0 	3.8782e-15 	   0 	   0 	1.8458e-15 	 1.57e-15 	 2.0353e-16 	1.9045e-17 	 -6.4246e-19 	 -2.7408e-18 	9.2415e-15 	   0 	   0 	7.7781e-15 	 9.554e-17 	 2.4177e-17 	1.3306e-14 	   0 	   0 	1.3296e-14 	 6.219e-16 	 -2.1456e-16 	7.6213e-15 	   0 	   0 	7.6497e-15 	   0 	   0 	6.741e-15 	   0 	   0 	6.659e-15 	   0 	   0 	7.5874e-15 	 7.7857e-17 	 -8.9975e-18 	1.0672e-14 	 3.269e-18 	 6.4399e-18 	8.5199e-15 	 3.8338e-17 	 4.8949e-17 	1.191e-14 	 -2.0008e-16 	 8.6609e-17 	9.5806e-15 	 -1.3294e-16 	 -3.9764e-16 	7.7205e-15 	   0 	   0 	9.6357e-15 	   0 	   0 	1.2296e-14 	 -4.7172e-17 	 1.338e-16 	9.7872e-15 	 5.0705e-18 	   0 	9.4518e-15 	   0 	   0 	6.9194e-15 	 6.2728e-18 	 -5.8555e-18 	5.657e-15 	   0 	   0 	5.7503e-15 	 -9.4647e-18 	 4.9349e-18 	1.063e-14 	   0 	   0 	5.6561e-15 	 1.2293e-16 	   0 	6.2271e-15 	   0 	   0 	
2.234e+04 	  0 	   0 	   0 	  0 	   0 	   0 	  0 	   0 	   0 	3.4648e-15 	   0 	   0 	1.2135e-14 	   0 	   0 	6.5009e-15 	   0 	   0 	1.8578e-14 	   0 	   0 	1.0224e-14 	 -2.3232e-20 	 -2.7688e-20 	5.8153e-15 	 -1.7207e-16 	 -1.1619e-16 	9.8506e-15 	   0 	   0 	5.1627e-15 	 -6.4482e-16 	 -2.6564e-16 	1.3408e-14 	   0 	   0 	8.3399e-15 	   0 	   0 	9.4363e-15 	   0 	   0 	8.9677e-15 	 -8.2121e-17 	 -9.2637e-18 	1.3631e-14 	   0 	   0 	1.3413e-14 	 2.5958e-19 	 8.8389e-19 	1.2056e-14 	   0 	   0 	8.7682e-15 	   0 	   0 	7.5277e-15 	   0 	   0 	7.0546e-15 	   0 	   0 	7.1344e-15 	   0 	   0 	5.3821e-15 	   0 	   0 	9.5e-15 	   0 	   0 	7.3382e-15 	 1.8083e-18 	 -1.0355e-18 	5.622e-15 	   0 	   0 	7.7382e-15 	   0 	   0 	5.7333e-15 	 5.8109e-17 	 4.683e-17 	7.3756e-15 	   0 	   0 	4.2148e-15 	   0 	   0 	
2.278e+04 	  0 	   0 	   0 	1.8662e-15 	   0 	   0 	  0 	   0 	   0 	1.8787e-14 	   0 	   0 	  0 	   0 	   0 	5.3329e-15 	   0 	   0 	9.7585e-15 	   0 	   0 	5.2755e-15 	   0 	   0 	6.3323e-15 	 4.5872e-20 	 2.2323e-21 	8.3674e-15 	 -1.192e-16 	 -1.1727e-16 	5.7755e-15 	   0 	   0 	5.3475e-15 	   0 	   0 	3.6452e-15 	   0 	   0 	6.3177e-15 	   0 	   0 	9.0002e-15 	 -3.5756e-16 	 -2.7687e-16 	9.8062e-15 	 -4.4481e-16 	 1.5323e-18 	1.0364e-14 	   0 	   0 	8.5392e-15 	   0 	   0 	6.532e-15 	 1.0236e-16 	 -3.9214e-18 	7.0295e-15 	 7.3457e-20 	 3.5143e-20 	6.703e-15 	 -3.1362e-18 	 4.0004e-17 	8.1986e-15 	 -2.8805e-19 	 2.3842e-18 	6.2326e-15 	 -7.7478e-17 	 -1.8537e-17 	8.5907e-15 	 1.1728e-20 	 -3.4378e-20 	3.8525e-15 	   0 	   0 	9.0149e-15 	   0 	   0 	9.3448e-15 	   0 	   0 	4.7756e-15 	   0 	   0 	6.4178e-15 	   0 	   0 	7.7039e-15 	   0 	   0 	
