1 
100
30 0.25 15.25 
1.110e+03 	9.506e-17 	   0 	   0 	  0 	   0 	   0 	  0 	   0 	   0 	  0 	   0 	   0 	  0 	   0 	   0 	  0 	   0 	   0 	  0 	   0 	   0 	  0 	   0 	   0 	  0 	   0 	   0 	  0 	   0 	   0 	  0 	   0 	   0 	  0 	   0 	   0 	  0 	   0 	   0 	  0 	   0 	   0 	  0 	   0 	   0 	  0 	   0 	   0 	  0 	   0 	   0 	  0 	   0 	   0 	  0 	   0 	   0 	  0 	   0 	   0 	  0 	   0 	   0 	  0 	   0 	   0 	  0 	   0 	   0 	  0 	   0 	   0 	  0 	   0 	   0 	  0 	   0 	   0 	  0 	   0 	   0 	  0 	   0 	   0 	  0 	   0 	   0 	  0 	   0 	   0 	
1.330e+03 	7.7069e-16 	   0 	   0 	  0 	   0 	   0 	9.8623e-18 	   0 	   0 	  0 	   0 	   0 	  0 	   0 	   0 	  0 	   0 	   0 	  0 	   0 	   0 	  0 	   0 	   0 	  0 	   0 	   0 	  0 	   0 	   0 	  0 	   0 	   0 	  0 	   0 	   0 	  0 	   0 	   0 	  0 	   0 	   0 	  0 	   0 	   0 	  0 	   0 	   0 	  0 	   0 	   0 	  0 	   0 	   0 	  0 	   0 	   0 	  0 	   0 	   0 	  0 	   0 	   0 	  0 	   0 	   0 	  0 	   0 	   0 	  0 	   0 	   0 	  0 	   0 	   0 	  0 	   0 	   0 	  0 	   0 	   0 	  0 	   0 	   0 	  0 	   0 	   0 	  0 	   0 	   0 	
1.550e+03 	9.4583e-16 	   0 	   0 	1.6959e-24 	   0 	   0 	  0 	   0 	   0 	  0 	   0 	   0 	  0 	   0 	   0 	  0 	   0 	   0 	  0 	   0 	   0 	  0 	   0 	   0 	  0 	   0 	   0 	  0 	   0 	   0 	  0 	   0 	   0 	  0 	   0 	   0 	  0 	   0 	   0 	  0 	   0 	   0 	  0 	   0 	   0 	  0 	   0 	   0 	  0 	   0 	   0 	  0 	   0 	   0 	  0 	   0 	   0 	  0 	   0 	   0 	  0 	   0 	   0 	  0 	   0 	   0 	  0 	   0 	   0 	  0 	   0 	   0 	  0 	   0 	   0 	  0 	   0 	   0 	  0 	   0 	   0 	  0 	   0 	   0 	  0 	   0 	   0 	  0 	   0 	   0 	
1.770e+03 	3.109e-15 	 3.6884e-19 	 3.0836e-18 	1.9749e-17 	   0 	   0 	  0 	   0 	   0 	  0 	   0 	   0 	  0 	   0 	   0 	  0 	   0 	   0 	  0 	   0 	   0 	  0 	   0 	   0 	  0 	   0 	   0 	  0 	   0 	   0 	  0 	   0 	   0 	  0 	   0 	   0 	  0 	   0 	   0 	  0 	   0 	   0 	  0 	   0 	   0 	  0 	   0 	   0 	  0 	   0 	   0 	  0 	   0 	   0 	  0 	   0 	   0 	  0 	   0 	   0 	  0 	   0 	   0 	  0 	   0 	   0 	  0 	   0 	   0 	  0 	   0 	   0 	  0 	   0 	   0 	  0 	   0 	   0 	  0 	   0 	   0 	  0 	   0 	   0 	  0 	   0 	   0 	  0 	   0 	   0 	
1.990e+03 	4.7398e-15 	   0 	   0 	9.647e-17 	   0 	   0 	9.9599e-28 	   0 	   0 	8.4873e-17 	   0 	   0 	  0 	   0 	   0 	  0 	   0 	   0 	  0 	   0 	   0 	  0 	   0 	   0 	  0 	   0 	   0 	  0 	   0 	   0 	  0 	   0 	   0 	  0 	   0 	   0 	  0 	   0 	   0 	  0 	   0 	   0 	  0 	   0 	   0 	  0 	   0 	   0 	  0 	   0 	   0 	  0 	   0 	   0 	  0 	   0 	   0 	  0 	   0 	   0 	  0 	   0 	   0 	  0 	   0 	   0 	  0 	   0 	   0 	  0 	   0 	   0 	  0 	   0 	   0 	  0 	   0 	   0 	  0 	   0 	   0 	  0 	   0 	   0 	  0 	   0 	   0 	  0 	   0 	   0 	
2.210e+03 	1.2196e-14 	 4.3991e-19 	 -1.2694e-18 	3.0318e-16 	   0 	   0 	1.4197e-17 	   0 	   0 	5.8097e-18 	   0 	   0 	3.5247e-18 	   0 	   0 	2.6095e-21 	   0 	   0 	2.2559e-18 	   0 	   0 	  0 	   0 	   0 	  0 	   0 	   0 	  0 	   0 	   0 	  0 	   0 	   0 	  0 	   0 	   0 	  0 	   0 	   0 	  0 	   0 	   0 	  0 	   0 	   0 	  0 	   0 	   0 	  0 	   0 	   0 	  0 	   0 	   0 	  0 	   0 	   0 	  0 	   0 	   0 	  0 	   0 	   0 	  0 	   0 	   0 	  0 	   0 	   0 	  0 	   0 	   0 	  0 	   0 	   0 	  0 	   0 	   0 	  0 	   0 	   0 	  0 	   0 	   0 	  0 	   0 	   0 	  0 	   0 	   0 	
2.430e+03 	9.425e-15 	   0 	   0 	4.7895e-16 	   0 	   0 	3.4482e-17 	   0 	   0 	4.4989e-17 	   0 	   0 	1.0177e-22 	   0 	   0 	4.9438e-22 	   0 	   0 	  0 	   0 	   0 	  0 	   0 	   0 	  0 	   0 	   0 	  0 	   0 	   0 	  0 	   0 	   0 	  0 	   0 	   0 	  0 	   0 	   0 	  0 	   0 	   0 	  0 	   0 	   0 	  0 	   0 	   0 	  0 	   0 	   0 	  0 	   0 	   0 	  0 	   0 	   0 	  0 	   0 	   0 	  0 	   0 	   0 	  0 	   0 	   0 	  0 	   0 	   0 	  0 	   0 	   0 	  0 	   0 	   0 	  0 	   0 	   0 	  0 	   0 	   0 	  0 	   0 	   0 	  0 	   0 	   0 	  0 	   0 	   0 	
2.650e+03 	9.5031e-15 	 4.811e-18 	 1.8691e-17 	1.748e-13 	   0 	   0 	7.1666e-17 	   0 	   0 	1.659e-14 	   0 	   0 	1.8688e-18 	   0 	   0 	7.4097e-18 	   0 	   0 	3.0811e-19 	   0 	   0 	  0 	   0 	   0 	7.3957e-34 	   0 	   0 	  0 	   0 	   0 	  0 	   0 	   0 	  0 	   0 	   0 	  0 	   0 	   0 	  0 	   0 	   0 	  0 	   0 	   0 	  0 	   0 	   0 	  0 	   0 	   0 	  0 	   0 	   0 	  0 	   0 	   0 	  0 	   0 	   0 	  0 	   0 	   0 	  0 	   0 	   0 	  0 	   0 	   0 	  0 	   0 	   0 	  0 	   0 	   0 	  0 	   0 	   0 	  0 	   0 	   0 	  0 	   0 	   0 	  0 	   0 	   0 	  0 	   0 	   0 	
2.870e+03 	1.4177e-14 	 2.471e-18 	 -1.1515e-18 	9.4134e-16 	   0 	   0 	1.4802e-14 	   0 	   0 	2.4453e-17 	   0 	   0 	9.3439e-15 	   0 	   0 	2.585e-18 	   0 	   0 	7.5097e-19 	   0 	   0 	  0 	   0 	   0 	  0 	   0 	   0 	  0 	   0 	   0 	  0 	   0 	   0 	  0 	   0 	   0 	  0 	   0 	   0 	  0 	   0 	   0 	  0 	   0 	   0 	  0 	   0 	   0 	  0 	   0 	   0 	  0 	   0 	   0 	  0 	   0 	   0 	  0 	   0 	   0 	  0 	   0 	   0 	  0 	   0 	   0 	  0 	   0 	   0 	  0 	   0 	   0 	  0 	   0 	   0 	  0 	   0 	   0 	  0 	   0 	   0 	  0 	   0 	   0 	  0 	   0 	   0 	  0 	   0 	   0 	
3.090e+03 	2.2665e-13 	 -7.4151e-18 	 2.2004e-17 	1.2158e-14 	   0 	   0 	4.3115e-14 	   0 	   0 	7.3336e-17 	   0 	   0 	1.275e-17 	   0 	   0 	  0 	   0 	   0 	4.3107e-22 	   0 	   0 	5.4635e-19 	   0 	   0 	3.5803e-19 	   0 	   0 	  0 	   0 	   0 	  0 	   0 	   0 	  0 	   0 	   0 	  0 	   0 	   0 	  0 	   0 	   0 	  0 	   0 	   0 	  0 	   0 	   0 	  0 	   0 	   0 	  0 	   0 	   0 	  0 	   0 	   0 	  0 	   0 	   0 	  0 	   0 	   0 	  0 	   0 	   0 	  0 	   0 	   0 	  0 	   0 	   0 	  0 	   0 	   0 	  0 	   0 	   0 	  0 	   0 	   0 	  0 	   0 	   0 	  0 	   0 	   0 	  0 	   0 	   0 	
3.310e+03 	2.3635e-13 	 9.9806e-18 	 6.5614e-17 	1.4357e-14 	   0 	   0 	5.0703e-14 	   0 	   0 	2.1815e-14 	   0 	   0 	1.885e-17 	   0 	   0 	3.0123e-18 	   0 	   0 	3.235e-18 	   0 	   0 	9.6219e-19 	   0 	   0 	4.0286e-18 	   0 	   0 	1.4091e-21 	   0 	   0 	3.2224e-22 	   0 	   0 	1.0825e-20 	   0 	   0 	  0 	   0 	   0 	  0 	   0 	   0 	  0 	   0 	   0 	4.2035e-83 	   0 	   0 	1.2348e-80 	   0 	   0 	1.4208e-71 	   0 	   0 	  0 	   0 	   0 	  0 	   0 	   0 	  0 	   0 	   0 	  0 	   0 	   0 	  0 	   0 	   0 	  0 	   0 	   0 	  0 	   0 	   0 	  0 	   0 	   0 	  0 	   0 	   0 	  0 	   0 	   0 	  0 	   0 	   0 	  0 	   0 	   0 	
3.530e+03 	1.0766e-13 	 2.7503e-18 	 1.5732e-18 	2.7595e-14 	   0 	   0 	7.4852e-14 	   0 	   0 	5.4321e-16 	 6.3098e-20 	 -8.3162e-19 	1.7586e-14 	   0 	   0 	3.3028e-16 	   0 	   0 	3.413e-18 	   0 	   0 	3.6175e-18 	   0 	   0 	5.8967e-19 	   0 	   0 	5.6417e-18 	   0 	   0 	  0 	   0 	   0 	  0 	   0 	   0 	  0 	   0 	   0 	1.0233e-18 	   0 	   0 	8.5802e-19 	   0 	   0 	  0 	   0 	   0 	3.3154e-19 	   0 	   0 	  0 	   0 	   0 	  0 	   0 	   0 	  0 	   0 	   0 	  0 	   0 	   0 	  0 	   0 	   0 	  0 	   0 	   0 	  0 	   0 	   0 	  0 	   0 	   0 	  0 	   0 	   0 	  0 	   0 	   0 	  0 	   0 	   0 	  0 	   0 	   0 	  0 	   0 	   0 	
3.750e+03 	1.8423e-13 	 -1.1245e-17 	 1.0998e-18 	1.6015e-14 	 -3.9251e-20 	 5.2271e-20 	2.1389e-13 	   0 	   0 	6.3557e-16 	   0 	   0 	3.1299e-17 	   0 	   0 	1.7957e-17 	   0 	   0 	4.6484e-14 	   0 	   0 	1.1026e-17 	   0 	   0 	4.4023e-18 	   0 	   0 	2.6664e-18 	   0 	   0 	1.0757e-18 	   0 	   0 	8.6991e-21 	   0 	   0 	  0 	   0 	   0 	  0 	   0 	   0 	  0 	   0 	   0 	  0 	   0 	   0 	  0 	   0 	   0 	1.8713e-54 	   0 	   0 	1.1461e-50 	   0 	   0 	  0 	   0 	   0 	  0 	   0 	   0 	  0 	   0 	   0 	  0 	   0 	   0 	  0 	   0 	   0 	  0 	   0 	   0 	1.2744e-35 	   0 	   0 	  0 	   0 	   0 	  0 	   0 	   0 	  0 	   0 	   0 	  0 	   0 	   0 	
3.970e+03 	5.758e-13 	   0 	   0 	1.2346e-14 	 1.062e-15 	 1.9841e-16 	7.6748e-15 	   0 	   0 	2.5832e-15 	   0 	   0 	4.642e-16 	   0 	   0 	3.8413e-14 	   0 	   0 	8.0669e-18 	   0 	   0 	8.8882e-14 	   0 	   0 	4.7228e-18 	   0 	   0 	1.1438e-18 	   0 	   0 	8.095e-19 	   0 	   0 	1.5084e-18 	   0 	   0 	  0 	   0 	   0 	8.9676e-19 	   0 	   0 	  0 	   0 	   0 	1.5161e-21 	   0 	   0 	  0 	   0 	   0 	1.0849e-17 	   0 	   0 	6.4838e-43 	   0 	   0 	  0 	   0 	   0 	2.3254e-41 	   0 	   0 	  0 	   0 	   0 	3.7027e-21 	   0 	   0 	  0 	   0 	   0 	  0 	   0 	   0 	  0 	   0 	   0 	  0 	   0 	   0 	2.2787e-30 	   0 	   0 	  0 	   0 	   0 	  0 	   0 	   0 	
4.190e+03 	3.411e-13 	   0 	   0 	2.8583e-13 	   0 	   0 	1.0478e-13 	   0 	   0 	1.983e-14 	   0 	   0 	2.0982e-14 	   0 	   0 	7.9145e-17 	   0 	   0 	2.7491e-17 	   0 	   0 	2.6317e-15 	   0 	   0 	3.8325e-14 	   0 	   0 	3.2496e-16 	   0 	   0 	1.7004e-18 	   0 	   0 	1.1789e-18 	   0 	   0 	2.3608e-15 	   0 	   0 	9.8549e-54 	   0 	   0 	  0 	   0 	   0 	  0 	   0 	   0 	6.7254e-19 	   0 	   0 	3.4865e-43 	   0 	   0 	  0 	   0 	   0 	  0 	   0 	   0 	3.3248e-36 	   0 	   0 	3.7421e-33 	   0 	   0 	3.1348e-19 	   0 	   0 	  0 	   0 	   0 	  0 	   0 	   0 	  0 	   0 	   0 	  0 	   0 	   0 	  0 	   0 	   0 	  0 	   0 	   0 	  0 	   0 	   0 	
4.410e+03 	8.4512e-13 	 -3.1061e-17 	 1.4697e-18 	3.8487e-13 	 -1.2532e-20 	 1.1714e-19 	1.3402e-13 	   0 	   0 	4.3603e-14 	 3.2419e-19 	 -2.6611e-18 	2.0311e-14 	   0 	   0 	2.8624e-15 	   0 	   0 	5.7142e-14 	   0 	   0 	1.7957e-15 	   0 	   0 	3.4381e-14 	   0 	   0 	6.9285e-19 	   0 	   0 	2.1399e-15 	   0 	   0 	1.5785e-18 	   0 	   0 	1.0661e-14 	   0 	   0 	6.2837e-19 	   0 	   0 	1.9558e-16 	   0 	   0 	7.3889e-19 	   0 	   0 	2.3383e-14 	   0 	   0 	4.4884e-29 	   0 	   0 	4.7882e-19 	   0 	   0 	  0 	   0 	   0 	  0 	   0 	   0 	1.2532e-30 	   0 	   0 	  0 	   0 	   0 	3.1517e-28 	   0 	   0 	1.1722e-28 	   0 	   0 	  0 	   0 	   0 	  0 	   0 	   0 	  0 	   0 	   0 	1.5518e-17 	   0 	   0 	  0 	   0 	   0 	
4.630e+03 	9.557e-15 	   0 	   0 	2.6834e-13 	   0 	   0 	3.2385e-13 	   0 	   0 	3.2425e-14 	 8.5008e-20 	 3.3083e-20 	1.9137e-13 	   0 	   0 	4.2692e-14 	   0 	   0 	3.6379e-15 	   0 	   0 	4.6905e-15 	   0 	   0 	4.0232e-18 	   0 	   0 	1.2474e-16 	   0 	   0 	2.0582e-18 	   0 	   0 	4.2526e-18 	   0 	   0 	1.0189e-14 	   0 	   0 	1.071e-14 	   0 	   0 	2.6966e-21 	   0 	   0 	2.6621e-35 	   0 	   0 	7.4691e-19 	   0 	   0 	5.0155e-19 	   0 	   0 	4.9714e-22 	   0 	   0 	5.8236e-29 	   0 	   0 	6.8702e-26 	   0 	   0 	  0 	   0 	   0 	6.8664e-19 	   0 	   0 	  0 	   0 	   0 	  0 	   0 	   0 	4.7981e-25 	   0 	   0 	1.6809e-30 	   0 	   0 	  0 	   0 	   0 	  0 	   0 	   0 	  0 	   0 	   0 	
4.850e+03 	6.0865e-13 	 5.1354e-18 	 9.0121e-19 	1.9614e-13 	   0 	   0 	4.1169e-13 	   0 	   0 	6.4218e-14 	   0 	   0 	3.5637e-14 	   0 	   0 	4.033e-17 	   0 	   0 	3.3327e-15 	   0 	   0 	7.3513e-17 	   0 	   0 	5.3791e-18 	 -5.0217e-39 	 5.5231e-39 	1.1685e-16 	   0 	   0 	3.7201e-19 	   0 	   0 	6.9402e-15 	   0 	   0 	1.7502e-18 	   0 	   0 	6.8038e-19 	   0 	   0 	1.8969e-18 	   0 	   0 	3.3377e-19 	   0 	   0 	6.9832e-20 	   0 	   0 	1.4908e-18 	   0 	   0 	7.6169e-20 	   0 	   0 	4.1787e-19 	   0 	   0 	9.0402e-24 	   0 	   0 	  0 	   0 	   0 	6.5994e-25 	   0 	   0 	  0 	   0 	   0 	  0 	   0 	   0 	  0 	   0 	   0 	  0 	   0 	   0 	7.8322e-23 	   0 	   0 	  0 	   0 	   0 	  0 	   0 	   0 	
5.070e+03 	3.1109e-14 	   0 	   0 	7.6961e-13 	 2.5826e-18 	 5.5733e-18 	1.5017e-13 	   0 	   0 	2.6375e-13 	   0 	   0 	7.9052e-15 	   0 	   0 	2.1728e-14 	   0 	   0 	9.8506e-15 	   0 	   0 	2.2471e-17 	   0 	   0 	1.9222e-17 	   0 	   0 	1.2812e-17 	   0 	   0 	1.951e-14 	   0 	   0 	2.022e-18 	   0 	   0 	5.6012e-18 	   0 	   0 	3.8127e-19 	   0 	   0 	2.17e-19 	   0 	   0 	1.7178e-20 	   0 	   0 	2.4244e-29 	   0 	   0 	  0 	   0 	   0 	6.7695e-18 	   0 	   0 	1.8093e-17 	   0 	   0 	4.0242e-17 	   0 	   0 	9.8263e-21 	   0 	   0 	5.7074e-20 	   0 	   0 	  0 	   0 	   0 	3.8516e-24 	   0 	   0 	  0 	   0 	   0 	  0 	   0 	   0 	  0 	   0 	   0 	  0 	   0 	   0 	  0 	   0 	   0 	
5.290e+03 	7.6485e-13 	 -3.6188e-17 	 4.458e-19 	9.2447e-13 	   0 	   0 	2.8814e-13 	   0 	   0 	4.5211e-14 	   0 	   0 	4.3253e-14 	   0 	   0 	4.5178e-14 	 -3.7457e-19 	 5.1104e-19 	1.5112e-17 	   0 	   0 	3.3331e-17 	   0 	   0 	3.2159e-14 	   0 	   0 	1.5877e-17 	   0 	   0 	2.9723e-17 	   0 	   0 	2.0434e-18 	   0 	   0 	3.6528e-18 	   0 	   0 	9.1338e-15 	   0 	   0 	3.9914e-16 	   0 	   0 	9.7901e-20 	   0 	   0 	1.1575e-18 	   0 	   0 	6.4446e-19 	   0 	   0 	2.8656e-17 	   0 	   0 	2.5803e-17 	   0 	   0 	4.5812e-22 	   0 	   0 	2.709e-21 	   0 	   0 	3.0506e-19 	   0 	   0 	4.8747e-19 	   0 	   0 	4.3409e-19 	   0 	   0 	8.388e-21 	   0 	   0 	  0 	   0 	   0 	3.6172e-19 	   0 	   0 	  0 	   0 	   0 	  0 	   0 	   0 	
5.510e+03 	1.5948e-12 	 -2.3592e-13 	 1.064e-14 	7.1586e-13 	   0 	   0 	2.3215e-13 	   0 	   0 	1.5044e-13 	   0 	   0 	1.3314e-13 	 2.7415e-15 	 -3.3337e-15 	2.7424e-14 	   0 	   0 	6.5715e-15 	 5.4372e-21 	 -5.9187e-20 	6.4904e-14 	   0 	   0 	1.7024e-15 	   0 	   0 	3.5881e-15 	   0 	   0 	3.5071e-14 	   0 	   0 	7.2296e-14 	   0 	   0 	1.6161e-14 	   0 	   0 	5.7208e-18 	   0 	   0 	2.6947e-15 	   0 	   0 	1.5663e-14 	   0 	   0 	3.6135e-17 	   0 	   0 	6.4388e-15 	   0 	   0 	4.3219e-19 	   0 	   0 	1.4477e-18 	   0 	   0 	1.9635e-20 	   0 	   0 	6.7931e-22 	   0 	   0 	6.9554e-19 	   0 	   0 	  0 	   0 	   0 	4.7169e-19 	   0 	   0 	3.9398e-19 	   0 	   0 	1.7344e-19 	   0 	   0 	9.1814e-18 	   0 	   0 	  0 	   0 	   0 	5.5959e-23 	   0 	   0 	
5.730e+03 	1.561e-12 	 1.4872e-13 	 1.8849e-13 	5.6725e-13 	 4.3348e-14 	 -8.453e-14 	1.4383e-13 	   0 	   0 	1.3682e-13 	 -2.6729e-20 	 2.3075e-18 	1.3989e-13 	   0 	   0 	1.5389e-13 	   0 	   0 	8.424e-15 	   0 	   0 	9.2651e-15 	   0 	   0 	3.2888e-14 	   0 	   0 	5.3088e-18 	   0 	   0 	3.6301e-15 	   0 	   0 	2.8863e-14 	   0 	   0 	1.3188e-18 	   0 	   0 	8.9387e-15 	   0 	   0 	1.6821e-15 	   0 	   0 	3.296e-18 	   0 	   0 	3.0062e-16 	   0 	   0 	3.2005e-15 	   0 	   0 	6.8176e-15 	   0 	   0 	3.422e-19 	   0 	   0 	3.4162e-20 	   0 	   0 	1.0885e-19 	   0 	   0 	  0 	   0 	   0 	1.2967e-19 	   0 	   0 	3.6312e-19 	   0 	   0 	1.1369e-20 	   0 	   0 	9.9392e-19 	   0 	   0 	4.4902e-19 	   0 	   0 	8.1501e-20 	   0 	   0 	  0 	   0 	   0 	
5.950e+03 	4.0465e-13 	 -7.2893e-17 	 4.1816e-17 	3.6022e-13 	 1.5299e-18 	 -1.0415e-17 	1.9829e-13 	   0 	   0 	1.8047e-13 	   0 	   0 	2.1582e-13 	   0 	   0 	2.0659e-13 	   0 	   0 	8.2438e-14 	   0 	   0 	2.7077e-14 	   0 	   0 	1.2261e-14 	   0 	   0 	3.9226e-14 	   0 	   0 	1.0034e-17 	   0 	   0 	1.4207e-14 	   0 	   0 	2.5272e-16 	   0 	   0 	1.9839e-14 	   0 	   0 	9.1146e-17 	   0 	   0 	3.041e-17 	   0 	   0 	4.5318e-15 	   0 	   0 	7.8718e-19 	   0 	   0 	1.4871e-14 	   0 	   0 	6.1486e-15 	   0 	   0 	3.7936e-19 	   0 	   0 	1.1675e-14 	   0 	   0 	1.1743e-18 	   0 	   0 	3.7162e-19 	   0 	   0 	9.7695e-22 	   0 	   0 	1.1468e-14 	   0 	   0 	2.2693e-19 	   0 	   0 	6.3006e-21 	   0 	   0 	9.052e-19 	   0 	   0 	  0 	   0 	   0 	
6.170e+03 	1.092e-13 	   0 	   0 	4.616e-13 	 -2.1436e-20 	 -6.4928e-20 	2.7042e-14 	   0 	   0 	1.67e-15 	   0 	   0 	2.6716e-13 	   0 	   0 	1.0235e-14 	   0 	   0 	5.1256e-17 	   0 	   0 	5.3203e-15 	   0 	   0 	1.0026e-14 	   0 	   0 	1.7568e-17 	   0 	   0 	3.5299e-14 	   0 	   0 	2.6377e-16 	   0 	   0 	8.2063e-16 	   0 	   0 	9.5529e-16 	   0 	   0 	2.1956e-16 	   0 	   0 	1.2072e-15 	   0 	   0 	1.1277e-15 	   0 	   0 	5.4347e-15 	   0 	   0 	4.3205e-16 	   0 	   0 	1.2322e-14 	   0 	   0 	2.615e-18 	   0 	   0 	9.24e-19 	   0 	   0 	1.0703e-18 	   0 	   0 	6.0133e-20 	   0 	   0 	2.5897e-21 	   0 	   0 	3.044e-19 	   0 	   0 	2.3064e-20 	   0 	   0 	2.51e-15 	   0 	   0 	2.9593e-19 	   0 	   0 	6.2042e-20 	   0 	   0 	
6.390e+03 	8.3411e-13 	   0 	   0 	5.0197e-14 	   0 	   0 	2.1019e-13 	 5.3496e-15 	 -3.1085e-15 	1.4317e-13 	 4.97e-35 	 1.1527e-34 	2.042e-13 	 -4.8166e-16 	 -1.7612e-15 	1.1102e-13 	   0 	   0 	1.2728e-13 	   0 	   0 	1.0343e-14 	   0 	   0 	1.3013e-14 	   0 	   0 	1.9242e-15 	   0 	   0 	1.2005e-14 	   0 	   0 	1.9332e-15 	   0 	   0 	3.5459e-16 	 1.2781e-16 	 -3.3361e-17 	5.5311e-15 	   0 	   0 	1.5136e-14 	   0 	   0 	2.2125e-18 	   0 	   0 	1.811e-15 	   0 	   0 	3.9156e-18 	   0 	   0 	1.4416e-15 	   0 	   0 	5.3988e-15 	   0 	   0 	1.0943e-18 	   0 	   0 	2.3228e-19 	   0 	   0 	5.0142e-18 	   0 	   0 	5.7449e-19 	   0 	   0 	8.3853e-19 	   0 	   0 	6.2526e-15 	   0 	   0 	  0 	   0 	   0 	8.4051e-19 	   0 	   0 	7.8085e-19 	   0 	   0 	2.0043e-19 	   0 	   0 	
6.610e+03 	5.2318e-13 	 -2.0596e-13 	 -1.141e-13 	2.5844e-13 	 6.2914e-14 	 -8.3148e-14 	1.7478e-15 	   0 	   0 	2.4061e-13 	   0 	   0 	2.1915e-13 	   0 	   0 	1.2503e-13 	   0 	   0 	1.3109e-14 	   0 	   0 	4.9511e-17 	   0 	   0 	3.6063e-14 	   0 	   0 	1.3885e-14 	   0 	   0 	8.9097e-15 	   0 	   0 	6.3913e-15 	   0 	   0 	1.2606e-15 	   0 	   0 	1.0808e-14 	   0 	   0 	2.0115e-16 	   0 	   0 	6.3642e-15 	   0 	   0 	7.1739e-15 	   0 	   0 	1.2858e-18 	   0 	   0 	2.233e-15 	   0 	   0 	1.2615e-15 	   0 	   0 	6.5258e-19 	   0 	   0 	5.6166e-17 	   0 	   0 	1.3735e-19 	   0 	   0 	1.1228e-20 	   0 	   0 	4.6194e-19 	   0 	   0 	2.2508e-15 	   0 	   0 	2.7146e-16 	   0 	   0 	3.4264e-19 	   0 	   0 	1.4557e-19 	   0 	   0 	1.0188e-19 	   0 	   0 	
6.830e+03 	1.1017e-12 	 -1.7437e-13 	 -7.1934e-14 	4.0885e-13 	 -2.0698e-14 	 -2.0388e-15 	5.3397e-14 	   0 	   0 	1.8271e-13 	   0 	   0 	1.4897e-13 	   0 	   0 	1.2187e-13 	   0 	   0 	7.7046e-14 	   0 	   0 	2.3667e-14 	   0 	   0 	6.9263e-14 	   0 	   0 	2.9002e-14 	   0 	   0 	4.5188e-16 	   0 	   0 	2.4461e-15 	   0 	   0 	1.1036e-16 	   0 	   0 	5.6058e-15 	   0 	   0 	2.9095e-14 	 2.5383e-16 	 -2.2427e-15 	1.2795e-14 	   0 	   0 	3.7344e-16 	   0 	   0 	1.3632e-14 	   0 	   0 	1.8411e-15 	   0 	   0 	3.1041e-17 	   0 	   0 	1.7314e-14 	   0 	   0 	9.9431e-16 	   0 	   0 	1.518e-14 	   0 	   0 	2.3585e-15 	   0 	   0 	1.8106e-19 	   0 	   0 	1.1486e-19 	   0 	   0 	2.5292e-15 	   0 	   0 	7.2176e-19 	   0 	   0 	3.9773e-19 	   0 	   0 	4.2767e-19 	   0 	   0 	
7.050e+03 	1.6944e-15 	 4.7646e-17 	 -1.2842e-17 	3.5279e-13 	 -7.8297e-14 	 -1.6177e-14 	1.7744e-13 	   0 	   0 	3.343e-14 	   0 	   0 	9.2656e-14 	   0 	   0 	7.9574e-14 	   0 	   0 	8.6138e-14 	   0 	   0 	9.5529e-14 	   0 	   0 	5.0788e-14 	   0 	   0 	9.3997e-15 	   0 	   0 	1.23e-14 	   0 	   0 	5.8467e-15 	   0 	   0 	1.4014e-14 	   0 	   0 	1.2586e-14 	   0 	   0 	1.5587e-14 	   0 	   0 	2.3411e-16 	   0 	   0 	3.0524e-15 	 7.9914e-18 	 -2.7963e-18 	1.0036e-17 	   0 	   0 	4.9259e-15 	   0 	   0 	8.5818e-19 	   0 	   0 	4.755e-18 	   0 	   0 	7.8917e-19 	   0 	   0 	1.3765e-18 	   0 	   0 	1.0402e-18 	   0 	   0 	5.3133e-15 	   0 	   0 	1.3992e-15 	   0 	   0 	1.0964e-14 	   0 	   0 	6.2931e-19 	   0 	   0 	2.0502e-16 	   0 	   0 	1.1795e-19 	   0 	   0 	
7.270e+03 	7.2813e-13 	 -5.2662e-14 	 -2.3601e-13 	5.6517e-13 	 -1.7731e-19 	 -5.037e-19 	8.0536e-13 	   0 	   0 	1.0363e-13 	 1.6796e-18 	 6.1695e-19 	1.6418e-14 	   0 	   0 	2.1599e-13 	   0 	   0 	3.6642e-15 	   0 	   0 	6.6367e-14 	   0 	   0 	6.1946e-15 	   0 	   0 	3.7279e-14 	   0 	   0 	4.2183e-16 	   0 	   0 	3.2445e-15 	   0 	   0 	3.6534e-14 	   0 	   0 	3.4068e-16 	   0 	   0 	1.2473e-14 	   0 	   0 	3.9161e-15 	   0 	   0 	2.9362e-14 	   0 	   0 	3.6329e-15 	   0 	   0 	1.1808e-14 	   0 	   0 	1.9094e-16 	   0 	   0 	2.1381e-14 	   0 	   0 	1.2605e-16 	   0 	   0 	8.8439e-18 	   0 	   0 	1.9036e-18 	   0 	   0 	7.8696e-19 	   0 	   0 	8.4499e-15 	   0 	   0 	4.9919e-20 	   0 	   0 	6.5375e-19 	   0 	   0 	3.8742e-16 	   0 	   0 	8.4969e-20 	   0 	   0 	
7.490e+03 	1.1042e-12 	 -2.8689e-17 	 4.8635e-17 	3.768e-13 	 -1.739e-13 	 -7.1332e-14 	3.4487e-13 	   0 	   0 	2.3267e-13 	   0 	   0 	7.4725e-14 	   0 	   0 	1.0392e-13 	   0 	   0 	2.6068e-14 	   0 	   0 	4.3965e-14 	   0 	   0 	4.6297e-14 	   0 	   0 	1.8793e-14 	   0 	   0 	3.3535e-15 	 3.4513e-17 	 -1.3233e-16 	5.7447e-14 	   0 	   0 	2.9542e-14 	   0 	   0 	2.4966e-14 	   0 	   0 	1.3748e-14 	   0 	   0 	2.6058e-15 	   0 	   0 	9.4762e-18 	   0 	   0 	1.7218e-15 	   0 	   0 	3.1319e-14 	   0 	   0 	1.2981e-14 	   0 	   0 	1.5467e-17 	   0 	   0 	1.027e-15 	   0 	   0 	2.64e-20 	   0 	   0 	8.6239e-18 	   0 	   0 	1.634e-17 	   0 	   0 	7.6004e-19 	   0 	   0 	1.1637e-18 	   0 	   0 	1.4484e-18 	   0 	   0 	5.2091e-17 	   0 	   0 	8.5306e-20 	   0 	   0 	
7.710e+03 	1.877e-13 	 -1.5633e-17 	 1.5273e-17 	3.5872e-13 	   0 	   0 	1.2348e-13 	   0 	   0 	3.0362e-14 	   0 	   0 	2.9301e-14 	   0 	   0 	3.2291e-14 	   0 	   0 	1.1882e-13 	   0 	   0 	4.8152e-14 	   0 	   0 	6.6298e-14 	   0 	   0 	1.3159e-14 	   0 	   0 	3.5467e-14 	   0 	   0 	6.2544e-14 	   0 	   0 	3.7214e-15 	   0 	   0 	3.4135e-14 	   0 	   0 	1.1083e-16 	   0 	   0 	3.1509e-14 	   0 	   0 	1.9538e-14 	   0 	   0 	8.2543e-18 	   0 	   0 	2.4761e-17 	   0 	   0 	9.1447e-15 	   0 	   0 	3.2137e-15 	   0 	   0 	3.7706e-15 	   0 	   0 	8.9011e-15 	   0 	   0 	3.4257e-16 	   0 	   0 	1.7758e-14 	   0 	   0 	5.5369e-19 	   0 	   0 	1.2967e-14 	   0 	   0 	7.9139e-15 	   0 	   0 	1.9889e-16 	   0 	   0 	6.5363e-15 	   0 	   0 	
7.930e+03 	6.5742e-13 	 -4.1337e-19 	 -9.7188e-19 	4.4081e-14 	   0 	   0 	1.6986e-14 	   0 	   0 	1.0685e-13 	   0 	   0 	1.8618e-13 	   0 	   0 	1.2567e-13 	   0 	   0 	6.6416e-14 	   0 	   0 	6.1851e-14 	   0 	   0 	9.3614e-15 	   0 	   0 	5.899e-14 	   0 	   0 	9.0526e-15 	   0 	   0 	2.4905e-14 	   0 	   0 	5.9306e-15 	   0 	   0 	9.0796e-15 	   0 	   0 	6.4776e-15 	   0 	   0 	3.9243e-14 	   0 	   0 	2.8318e-14 	   0 	   0 	9.9649e-15 	   0 	   0 	3.2694e-15 	   0 	   0 	2.9916e-16 	   0 	   0 	1.0678e-14 	   0 	   0 	6.9697e-18 	   0 	   0 	9.0675e-15 	   0 	   0 	6.924e-15 	   0 	   0 	1.0131e-15 	   0 	   0 	3.788e-17 	   0 	   0 	9.1755e-19 	   0 	   0 	1.2722e-15 	   0 	   0 	1.6135e-16 	   0 	   0 	3.5266e-17 	   0 	   0 	
8.150e+03 	3.6251e-13 	 -1.0863e-13 	 -3.0861e-14 	3.8321e-13 	   0 	   0 	1.3693e-14 	   0 	   0 	4.2907e-14 	   0 	   0 	6.608e-15 	   0 	   0 	7.0285e-14 	   0 	   0 	6.7347e-14 	   0 	   0 	7.4579e-14 	   0 	   0 	7.3225e-14 	   0 	   0 	1.1075e-14 	   0 	   0 	3.603e-16 	   0 	   0 	1.3429e-14 	 7.4563e-19 	 -2.7236e-19 	3.7489e-15 	   0 	   0 	2.6896e-15 	   0 	   0 	7.4076e-15 	   0 	   0 	2.4553e-14 	   0 	   0 	1.5714e-14 	   0 	   0 	6.2351e-17 	   0 	   0 	1.6192e-14 	   0 	   0 	4.8346e-16 	   0 	   0 	3.029e-14 	   0 	   0 	6.7789e-15 	   0 	   0 	1.5168e-15 	   0 	   0 	2.2434e-18 	   0 	   0 	8.7323e-19 	   0 	   0 	2.3384e-16 	   0 	   0 	1.2286e-14 	   0 	   0 	3.8463e-18 	   0 	   0 	9.3523e-16 	   0 	   0 	7.4626e-21 	   0 	   0 	
8.370e+03 	6.8685e-13 	   0 	   0 	3.6748e-13 	   0 	   0 	4.0572e-14 	   0 	   0 	3.0195e-13 	   0 	   0 	4.0906e-14 	   0 	   0 	1.2472e-13 	   0 	   0 	4.403e-14 	   0 	   0 	6.2648e-14 	   0 	   0 	8.3991e-14 	   0 	   0 	1.2281e-13 	   0 	   0 	1.0775e-15 	   0 	   0 	5.8789e-14 	   0 	   0 	7.3824e-15 	   0 	   0 	3.7733e-15 	   0 	   0 	1.755e-15 	   0 	   0 	1.5547e-14 	   0 	   0 	2.9541e-14 	   0 	   0 	2.0461e-14 	   0 	   0 	2.6462e-14 	   0 	   0 	1.1738e-16 	   0 	   0 	1.4569e-18 	   0 	   0 	1.4057e-18 	   0 	   0 	8.0632e-15 	   0 	   0 	1.0058e-14 	   0 	   0 	6.7721e-16 	   0 	   0 	7.3604e-15 	   0 	   0 	4.3687e-16 	   0 	   0 	6.0238e-19 	   0 	   0 	5.1276e-15 	   0 	   0 	2.252e-18 	   0 	   0 	
8.590e+03 	1.3488e-12 	   0 	   0 	1.5832e-14 	   0 	   0 	5.1464e-13 	   0 	   0 	1.9092e-13 	   0 	   0 	9.1168e-15 	   0 	   0 	1.3352e-13 	   0 	   0 	4.1762e-15 	   0 	   0 	1.4291e-16 	   0 	   0 	2.1058e-14 	   0 	   0 	6.1957e-14 	   0 	   0 	1.8992e-14 	   0 	   0 	5.1284e-14 	 3.3515e-18 	 -2.9709e-18 	3.3504e-14 	   0 	   0 	9.4769e-17 	   0 	   0 	1.592e-14 	   0 	   0 	3.7078e-14 	   0 	   0 	7.5228e-15 	   0 	   0 	8.3298e-16 	   0 	   0 	2.3485e-14 	   0 	   0 	1.8051e-14 	   0 	   0 	6.6179e-16 	   0 	   0 	1.7328e-14 	   0 	   0 	4.9066e-16 	 1.0963e-16 	 6.6544e-17 	4.663e-15 	   0 	   0 	1.1351e-14 	   0 	   0 	2.9048e-17 	   0 	   0 	1.9646e-16 	   0 	   0 	1.0676e-15 	   0 	   0 	6.2568e-15 	   0 	   0 	6.3825e-15 	   0 	   0 	
8.810e+03 	5.7982e-13 	   0 	   0 	5.1757e-14 	   0 	   0 	2.2492e-13 	   0 	   0 	1.0489e-13 	   0 	   0 	1.2908e-13 	   0 	   0 	5.7726e-14 	   0 	   0 	7.6515e-14 	   0 	   0 	9.7787e-14 	   0 	   0 	3.2766e-14 	 2.3272e-16 	 -6.8136e-15 	1.7245e-14 	   0 	   0 	4.7507e-16 	   0 	   0 	1.4447e-14 	   0 	   0 	3.5383e-14 	 -4.755e-19 	 2.5188e-19 	1.5847e-14 	   0 	   0 	8.3836e-15 	   0 	   0 	2.929e-14 	   0 	   0 	1.5789e-14 	   0 	   0 	2.1432e-14 	 -6.9706e-19 	 2.905e-17 	2.7243e-14 	   0 	   0 	1.4327e-14 	   0 	   0 	1.3889e-16 	   0 	   0 	5.387e-15 	   0 	   0 	2.0749e-16 	   0 	   0 	2.332e-17 	   0 	   0 	1.0703e-14 	   0 	   0 	1.5118e-14 	   0 	   0 	1.9485e-15 	   0 	   0 	3.0172e-16 	   0 	   0 	1.1026e-15 	   0 	   0 	6.9441e-15 	   0 	   0 	
9.030e+03 	2.5556e-14 	 -5.4396e-15 	 4.6866e-15 	1.5854e-13 	   0 	   0 	1.1226e-13 	   0 	   0 	2.5406e-13 	 -7.6815e-14 	 9.0691e-14 	3.0538e-14 	   0 	   0 	1.9391e-13 	   0 	   0 	1.0221e-13 	   0 	   0 	1.2601e-13 	   0 	   0 	1.2851e-13 	   0 	   0 	1.6853e-15 	   0 	   0 	5.3555e-15 	   0 	   0 	4.6559e-14 	   0 	   0 	2.4005e-14 	   0 	   0 	3.9233e-14 	   0 	   0 	4.9304e-16 	   0 	   0 	3.2525e-15 	   0 	   0 	2.1424e-14 	   0 	   0 	4.1311e-16 	   0 	   0 	1.8311e-15 	   0 	   0 	8.2794e-16 	   0 	   0 	5.8186e-15 	   0 	   0 	1.2753e-14 	   0 	   0 	4.9806e-15 	   0 	   0 	4.25e-15 	   0 	   0 	1.1586e-14 	   0 	   0 	1.2192e-14 	   0 	   0 	1.1487e-17 	   0 	   0 	5.0832e-15 	   0 	   0 	2.4261e-15 	   0 	   0 	4.4292e-16 	   0 	   0 	
9.250e+03 	6.3196e-13 	   0 	   0 	1.0287e-15 	   0 	   0 	2.5745e-14 	   0 	   0 	3.3568e-13 	   0 	   0 	3.9309e-14 	   0 	   0 	4.4278e-14 	   0 	   0 	8.5482e-14 	   0 	   0 	6.9883e-14 	   0 	   0 	1.1705e-14 	   0 	   0 	3.8066e-15 	   0 	   0 	1.6607e-14 	   0 	   0 	7.621e-14 	   0 	   0 	2.1417e-15 	   0 	   0 	2.1263e-14 	   0 	   0 	6.6691e-15 	 4.3655e-20 	 -3.4042e-19 	4.8809e-16 	   0 	   0 	2.2723e-14 	   0 	   0 	3.4156e-14 	 3.5715e-24 	 1.0041e-23 	6.4872e-15 	   0 	   0 	1.62e-15 	   0 	   0 	3.0366e-14 	   0 	   0 	2.427e-15 	   0 	   0 	6.6386e-15 	   0 	   0 	6.3917e-16 	   0 	   0 	1.2019e-14 	   0 	   0 	3.8081e-15 	   0 	   0 	1.5836e-16 	   0 	   0 	9.049e-15 	   0 	   0 	2.3609e-15 	   0 	   0 	2.0612e-15 	   0 	   0 	
9.470e+03 	3.8122e-16 	   0 	   0 	9.6107e-15 	   0 	   0 	1.861e-14 	   0 	   0 	2.2033e-13 	   0 	   0 	1.5526e-14 	   0 	   0 	4.0997e-14 	   0 	   0 	1.7126e-13 	   0 	   0 	1.882e-14 	   0 	   0 	6.3678e-14 	   0 	   0 	8.2157e-14 	   0 	   0 	2.8293e-14 	   0 	   0 	2.755e-14 	   0 	   0 	2.6667e-15 	   0 	   0 	3.2729e-14 	   0 	   0 	8.3578e-16 	   0 	   0 	4.5903e-16 	   0 	   0 	2.997e-14 	   0 	   0 	3.9549e-14 	   0 	   0 	2.5589e-14 	   0 	   0 	7.0488e-15 	   0 	   0 	5.8778e-15 	   0 	   0 	7.0873e-17 	   0 	   0 	2.5006e-15 	   0 	   0 	1.4107e-15 	   0 	   0 	2.0173e-15 	   0 	   0 	1.4331e-15 	 1.1786e-17 	   0 	8.3379e-15 	   0 	   0 	2.1754e-15 	   0 	   0 	5.1048e-15 	   0 	   0 	1.625e-15 	   0 	   0 	
9.690e+03 	1.759e-16 	 -1.9728e-18 	 -1.4781e-18 	1.3485e-15 	   0 	   0 	1.2762e-16 	   0 	   0 	9.4914e-14 	   0 	   0 	7.611e-14 	   0 	   0 	1.1527e-13 	 -1.6093e-14 	 -5.2384e-14 	1.0152e-14 	   0 	   0 	4.2591e-14 	   0 	   0 	5.2032e-15 	   0 	   0 	3.1531e-14 	   0 	   0 	5.4245e-15 	   0 	   0 	5.4519e-14 	   0 	   0 	4.6217e-16 	   0 	   0 	3.2749e-14 	   0 	   0 	1.3864e-14 	   0 	   0 	2.1618e-14 	   0 	   0 	6.1042e-15 	   0 	   0 	6.7652e-14 	   0 	   0 	6.3806e-15 	   0 	   0 	8.4049e-15 	   0 	   0 	1.6509e-14 	   0 	   0 	1.1093e-16 	   0 	   0 	3.8914e-16 	   0 	   0 	2.8828e-16 	   0 	   0 	1.0951e-14 	   0 	   0 	1.1351e-15 	   0 	   0 	1.0162e-15 	   0 	   0 	2.5331e-15 	   0 	   0 	6.6513e-15 	   0 	   0 	4.4174e-15 	   0 	   0 	
9.910e+03 	5.5275e-14 	   0 	   0 	1.6711e-13 	   0 	   0 	6.4955e-13 	   0 	   0 	4.3795e-17 	   0 	   0 	1.6239e-13 	   0 	   0 	3.0064e-14 	   0 	   0 	6.6309e-14 	 -3.8897e-14 	 -1.383e-14 	6.4513e-15 	   0 	   0 	9.5107e-15 	   0 	   0 	3.5452e-14 	   0 	   0 	2.3446e-14 	   0 	   0 	1.2732e-14 	   0 	   0 	3.0515e-14 	   0 	   0 	6.3311e-14 	 -4.1523e-15 	 -8.1145e-15 	3.3904e-14 	   0 	   0 	2.2095e-15 	   0 	   0 	1.4415e-14 	   0 	   0 	5.1778e-14 	   0 	   0 	6.3865e-15 	   0 	   0 	5.7022e-15 	   0 	   0 	2.754e-15 	   0 	   0 	3.7837e-14 	   0 	   0 	1.6764e-14 	   0 	   0 	3.6826e-16 	   0 	   0 	1.3191e-15 	   0 	   0 	1.0801e-14 	   0 	   0 	2.6863e-15 	   0 	   0 	2.8446e-15 	   0 	   0 	2.7063e-15 	   0 	   0 	7.2343e-18 	   0 	   0 	
1.013e+04 	1.0037e-16 	   0 	   0 	3.0715e-15 	   0 	   0 	4.7448e-14 	   0 	   0 	1.1618e-13 	   0 	   0 	2.8084e-13 	   0 	   0 	1.0272e-13 	   0 	   0 	5.6908e-14 	   0 	   0 	1.3247e-14 	   0 	   0 	4.5873e-15 	   0 	   0 	3.0316e-14 	   0 	   0 	4.3334e-14 	   0 	   0 	1.632e-14 	   0 	   0 	2.7477e-14 	   0 	   0 	1.0043e-16 	   0 	   0 	3.6802e-14 	   0 	   0 	1.4415e-14 	   0 	   0 	2.9815e-15 	   0 	   0 	1.3352e-15 	   0 	   0 	7.5913e-15 	   0 	   0 	1.4382e-14 	   0 	   0 	5.6223e-15 	   0 	   0 	9.2892e-15 	   0 	   0 	1.5815e-14 	   0 	   0 	1.293e-18 	   0 	   0 	6.3978e-16 	 6.7142e-17 	 -3.4413e-17 	7.8493e-15 	   0 	   0 	5.1237e-15 	   0 	   0 	2.1714e-14 	   0 	   0 	2.5571e-15 	   0 	   0 	1.3196e-14 	   0 	   0 	
1.035e+04 	5.4455e-14 	   0 	   0 	8.0602e-14 	 1.3738e-16 	 2.3372e-16 	1.4295e-13 	   0 	   0 	1.1636e-13 	   0 	   0 	1.0022e-14 	   0 	   0 	2.3973e-13 	   0 	   0 	3.7209e-14 	   0 	   0 	1.421e-14 	   0 	   0 	5.7308e-14 	   0 	   0 	1.6048e-14 	   0 	   0 	5.2385e-14 	   0 	   0 	9.7459e-15 	   0 	   0 	3.9563e-15 	 -3.6564e-18 	 6.1011e-18 	4.7036e-15 	   0 	   0 	4.9238e-14 	   0 	   0 	2.9425e-14 	   0 	   0 	2.4263e-14 	   0 	   0 	2.1604e-14 	   0 	   0 	9.0055e-15 	   0 	   0 	1.8176e-14 	   0 	   0 	1.4621e-14 	   0 	   0 	5.5986e-15 	   0 	   0 	1.5127e-14 	   0 	   0 	1.3159e-18 	   0 	   0 	5.9099e-16 	   0 	   0 	1.0258e-14 	   0 	   0 	6.4701e-17 	   0 	   0 	8.966e-16 	   0 	   0 	1.1575e-14 	   0 	   0 	3.2102e-15 	   0 	   0 	
1.057e+04 	1.022e-13 	   0 	   0 	1.0002e-14 	   0 	   0 	3.5041e-13 	   0 	   0 	3.9179e-15 	   0 	   0 	7.4607e-14 	   0 	   0 	1.5191e-13 	   0 	   0 	4.1047e-14 	   0 	   0 	1.8166e-13 	   0 	   0 	6.224e-14 	 -2.2282e-15 	 1.8089e-15 	3.4852e-14 	   0 	   0 	3.0558e-14 	   0 	   0 	4.1636e-14 	   0 	   0 	6.0405e-14 	   0 	   0 	2.9579e-14 	   0 	   0 	5.1413e-15 	   0 	   0 	2.271e-14 	   0 	   0 	1.2908e-14 	 -1.5699e-15 	 9.4877e-16 	3.3504e-14 	   0 	   0 	6.1022e-15 	 9.3942e-16 	 9.3929e-16 	2.2203e-14 	   0 	   0 	3.3664e-14 	   0 	   0 	1.4317e-15 	   0 	   0 	4.4517e-15 	   0 	   0 	2.4154e-14 	   0 	   0 	1.0968e-14 	   0 	   0 	1.0223e-14 	   0 	   0 	9.9963e-16 	   0 	   0 	1.4157e-14 	   0 	   0 	7.5628e-16 	   0 	   0 	1.1143e-15 	   0 	   0 	
1.079e+04 	5.0978e-14 	   0 	   0 	3.946e-13 	 1.6523e-17 	 2.7541e-17 	9.4444e-15 	   0 	   0 	1.3915e-13 	   0 	   0 	1.2957e-14 	 4.5006e-18 	 3.3412e-18 	4.5942e-14 	   0 	   0 	4.5331e-16 	   0 	   0 	1.1766e-13 	   0 	   0 	1.4324e-13 	   0 	   0 	2.3183e-14 	   0 	   0 	7.0197e-14 	   0 	   0 	2.4758e-14 	   0 	   0 	5.7677e-14 	   0 	   0 	3.5467e-14 	   0 	   0 	6.0022e-14 	   0 	   0 	3.8869e-16 	   0 	   0 	3.2422e-14 	   0 	   0 	1.6791e-14 	   0 	   0 	1.4986e-14 	   0 	   0 	2.3918e-14 	   0 	   0 	4.7551e-15 	   0 	   0 	1.8069e-15 	   0 	   0 	9.3709e-15 	   0 	   0 	9.9616e-15 	   0 	   0 	8.4677e-15 	   0 	   0 	9.5112e-15 	   0 	   0 	2.5193e-14 	   0 	   0 	7.7548e-15 	   0 	   0 	7.6565e-15 	   0 	   0 	1.1898e-15 	   0 	   0 	
1.101e+04 	3.9848e-14 	 -1.3401e-14 	 3.7486e-14 	7.5706e-14 	   0 	   0 	8.0854e-14 	   0 	   0 	1.0708e-13 	   0 	   0 	1.6472e-13 	   0 	   0 	8.5979e-14 	   0 	   0 	1.062e-14 	   0 	   0 	1.0034e-14 	   0 	   0 	2.1211e-14 	   0 	   0 	1.1721e-13 	   0 	   0 	1.3608e-14 	   0 	   0 	4.2013e-17 	   0 	   0 	4.4363e-14 	 7.8776e-21 	 -2.7734e-19 	1.8939e-15 	   0 	   0 	1.3707e-15 	   0 	   0 	1.4049e-14 	   0 	   0 	2.7963e-15 	   0 	   0 	2.4014e-14 	   0 	   0 	8.3677e-15 	   0 	   0 	6.7266e-15 	   0 	   0 	1.6621e-15 	   0 	   0 	3.8881e-14 	   0 	   0 	5.2457e-16 	   0 	   0 	1.7302e-14 	 1.9935e-15 	 1.5112e-15 	2.0773e-15 	   0 	   0 	2.935e-15 	   0 	   0 	1.5502e-15 	   0 	   0 	2.8745e-15 	   0 	   0 	3.2216e-15 	   0 	   0 	3.7198e-15 	   0 	   0 	
1.123e+04 	  0 	   0 	   0 	3.1385e-13 	   0 	   0 	3.4007e-14 	   0 	   0 	2.9583e-14 	   0 	   0 	1.8322e-13 	   0 	   0 	1.2388e-13 	   0 	   0 	2.3332e-14 	   0 	   0 	1.9928e-16 	   0 	   0 	1.8675e-14 	   0 	   0 	3.2932e-14 	   0 	   0 	2.7322e-14 	   0 	   0 	6.446e-14 	   0 	   0 	3.5684e-15 	   0 	   0 	1.8971e-14 	   0 	   0 	2.2268e-14 	   0 	   0 	2.8954e-14 	   0 	   0 	3.7593e-14 	   0 	   0 	3.4717e-14 	   0 	   0 	1.5837e-15 	   0 	   0 	3.8631e-15 	   0 	   0 	2.7532e-15 	   0 	   0 	1.452e-14 	   0 	   0 	2.019e-14 	   0 	   0 	5.7107e-15 	   0 	   0 	4.7966e-16 	   0 	   0 	1.2219e-14 	   0 	   0 	4.4158e-15 	   0 	   0 	1.989e-15 	   0 	   0 	3.126e-14 	   0 	   0 	9.5569e-15 	   0 	   0 	
1.145e+04 	7.4467e-14 	 1.5485e-14 	 8.9173e-15 	6.0551e-17 	   0 	   0 	3.9275e-13 	   0 	   0 	2.1472e-14 	   0 	   0 	1.6529e-17 	   0 	   0 	9.9124e-14 	   0 	   0 	2.9516e-15 	   0 	   0 	6.751e-14 	   0 	   0 	6.4898e-14 	   0 	   0 	3.9477e-14 	   0 	   0 	8.3392e-15 	   0 	   0 	1.4667e-14 	   0 	   0 	3.5347e-14 	   0 	   0 	3.052e-14 	   0 	   0 	3.1124e-14 	   0 	   0 	1.1026e-15 	   0 	   0 	5.8451e-16 	   0 	   0 	7.2799e-15 	   0 	   0 	1.0147e-14 	   0 	   0 	6.5667e-15 	   0 	   0 	1.2704e-14 	   0 	   0 	1.4539e-14 	   0 	   0 	1.3477e-14 	   0 	   0 	4.8558e-16 	   0 	   0 	4.0434e-15 	   0 	   0 	6.9973e-15 	   0 	   0 	6.9367e-17 	   0 	   0 	4.2817e-16 	   0 	   0 	9.3837e-15 	   0 	   0 	1.2679e-17 	   0 	   0 	
1.167e+04 	3.8845e-16 	   0 	   0 	1.314e-13 	   0 	   0 	3.1028e-13 	   0 	   0 	9.6036e-15 	   0 	   0 	8.6281e-14 	   0 	   0 	9.0034e-14 	   0 	   0 	3.719e-14 	   0 	   0 	9.0812e-14 	   0 	   0 	3.8217e-14 	   0 	   0 	7.7858e-15 	   0 	   0 	1.6029e-14 	   0 	   0 	1.0008e-15 	 1.4932e-18 	   0 	8.5471e-14 	   0 	   0 	3.6706e-16 	   0 	   0 	5.5208e-14 	   0 	   0 	2.1991e-14 	   0 	   0 	4.0648e-15 	   0 	   0 	3.2219e-15 	   0 	   0 	1.2443e-14 	   0 	   0 	1.449e-14 	   0 	   0 	1.8262e-14 	   0 	   0 	2.1854e-14 	   0 	   0 	4.7648e-16 	   0 	   0 	4.7157e-16 	   0 	   0 	3.9001e-15 	   0 	   0 	1.3532e-14 	   0 	   0 	8.1764e-15 	   0 	   0 	6.8965e-15 	   0 	   0 	1.3493e-14 	 -5.9096e-24 	 1.254e-23 	8.0393e-15 	   0 	   0 	
1.189e+04 	  0 	   0 	   0 	3.8528e-17 	 -9.7453e-19 	 5.6771e-19 	3.1811e-14 	   0 	   0 	2.3533e-17 	   0 	   0 	2.9857e-14 	   0 	   0 	7.3748e-14 	   0 	   0 	8.6758e-14 	   0 	   0 	1.0579e-13 	   0 	   0 	1.0531e-14 	   0 	   0 	4.0706e-14 	   0 	   0 	2.777e-15 	 -5.9846e-17 	 2.5749e-16 	2.5346e-15 	   0 	   0 	3.0076e-15 	   0 	   0 	6.2348e-15 	   0 	   0 	2.8174e-14 	   0 	   0 	2.2774e-14 	   0 	   0 	4.9382e-14 	   0 	   0 	1.7818e-14 	   0 	   0 	3.7381e-16 	   0 	   0 	1.1673e-14 	   0 	   0 	1.0519e-15 	   0 	   0 	3.2593e-15 	   0 	   0 	7.1445e-15 	   0 	   0 	8.1515e-15 	   0 	   0 	1.5695e-14 	   0 	   0 	2.2584e-14 	   0 	   0 	1.1345e-14 	   0 	   0 	4.2852e-15 	   0 	   0 	8.4389e-15 	   0 	   0 	1.4834e-14 	   0 	   0 	
1.211e+04 	3.3944e-15 	   0 	   0 	4.3301e-15 	   0 	   0 	1.1833e-15 	   0 	   0 	1.0895e-15 	   0 	   0 	8.4903e-14 	   0 	   0 	1.0183e-13 	   0 	   0 	6.4386e-14 	   0 	   0 	1.1373e-13 	   0 	   0 	1.0435e-13 	   0 	   0 	5.0701e-15 	   0 	   0 	4.1271e-14 	   0 	   0 	3.5607e-14 	   0 	   0 	1.6126e-15 	   0 	   0 	4.6802e-14 	   0 	   0 	2.2418e-14 	   0 	   0 	4.5928e-15 	   0 	   0 	2.2285e-14 	   0 	   0 	2.3834e-15 	   0 	   0 	8.548e-15 	   0 	   0 	2.3172e-15 	   0 	   0 	2.0179e-14 	   0 	   0 	2.157e-14 	   0 	   0 	9.4603e-15 	   0 	   0 	1.1238e-14 	   0 	   0 	8.7838e-15 	   0 	   0 	7.111e-16 	   0 	   0 	8.5371e-15 	   0 	   0 	5.2297e-15 	 -5.8839e-17 	 -1.427e-16 	4.1388e-16 	   0 	   0 	1.3063e-14 	   0 	   0 	
1.233e+04 	2.7602e-14 	   0 	   0 	1.5667e-17 	   0 	   0 	1.2553e-14 	   0 	   0 	5.6267e-14 	   0 	   0 	9.2723e-15 	   0 	   0 	6.8703e-14 	   0 	   0 	6.4256e-14 	 -6.7472e-15 	 -5.6038e-15 	2.2679e-14 	   0 	   0 	2.2251e-14 	   0 	   0 	7.0108e-14 	   0 	   0 	8.9803e-15 	   0 	   0 	3.0067e-14 	   0 	   0 	2.3059e-14 	   0 	   0 	5.1375e-14 	   0 	   0 	2.5523e-14 	   0 	   0 	4.2867e-14 	   0 	   0 	1.6096e-14 	   0 	   0 	8.891e-15 	   0 	   0 	3.7376e-14 	   0 	   0 	4.1115e-14 	   0 	   0 	2.0987e-14 	 -2.3649e-16 	 1.8888e-16 	1.2507e-15 	   0 	   0 	6.3101e-15 	   0 	   0 	1.9437e-14 	   0 	   0 	1.3303e-14 	   0 	   0 	9.8232e-15 	   0 	   0 	1.4803e-15 	   0 	   0 	5.1379e-15 	   0 	   0 	4.8209e-16 	   0 	   0 	2.0099e-14 	   0 	   0 	
1.255e+04 	  0 	   0 	   0 	1.7673e-17 	   0 	   0 	4.9967e-13 	   0 	   0 	7.5821e-14 	   0 	   0 	1.2167e-14 	   0 	   0 	1.2444e-13 	   0 	   0 	8.4939e-14 	   0 	   0 	9.4156e-15 	   0 	   0 	4.0973e-14 	   0 	   0 	3.9802e-18 	   0 	   0 	2.6027e-14 	   0 	   0 	2.1473e-14 	   0 	   0 	1.6698e-14 	   0 	   0 	2.0045e-16 	   0 	   0 	1.0617e-14 	   0 	   0 	1.2164e-14 	   0 	   0 	2.1459e-14 	   0 	   0 	1.5312e-14 	   0 	   0 	1.6911e-15 	   0 	   0 	7.5203e-14 	   0 	   0 	1.972e-14 	   0 	   0 	1.144e-14 	   0 	   0 	1.2373e-14 	   0 	   0 	2.49e-14 	   0 	   0 	2.8024e-14 	   0 	   0 	1.8815e-14 	   0 	   0 	8.4766e-15 	   0 	   0 	1.1813e-15 	   0 	   0 	7.3096e-15 	   0 	   0 	8.9125e-15 	   0 	   0 	
1.277e+04 	6.3589e-15 	   0 	   0 	1.1219e-13 	   0 	   0 	9.8805e-15 	   0 	   0 	5.3823e-16 	   0 	   0 	7.0441e-15 	   0 	   0 	7.8005e-14 	   0 	   0 	2.1965e-15 	   0 	   0 	2.5304e-14 	   0 	   0 	5.2829e-14 	   0 	   0 	5.5498e-14 	   0 	   0 	3.5958e-14 	   0 	   0 	2.2219e-15 	   0 	   0 	3.0977e-14 	   0 	   0 	2.3318e-17 	   0 	   0 	5.3884e-14 	 1.6333e-15 	   0 	5.0589e-14 	   0 	   0 	2.8637e-14 	   0 	   0 	5.1524e-14 	   0 	   0 	3.6725e-14 	   0 	   0 	2.5402e-14 	   0 	   0 	9.8422e-15 	   0 	   0 	1.8935e-14 	   0 	   0 	3.7526e-15 	   0 	   0 	1.8326e-14 	   0 	   0 	6.9606e-15 	   0 	   0 	5.291e-15 	   0 	   0 	5.5916e-15 	   0 	   0 	5.9281e-16 	   0 	   0 	3.2027e-14 	   0 	   0 	1.008e-15 	   0 	   0 	
1.299e+04 	8.8277e-16 	   0 	   0 	1.3001e-14 	   0 	   0 	1.332e-13 	   0 	   0 	1.2043e-15 	   0 	   0 	1.4827e-13 	   0 	   0 	5.1362e-17 	   0 	   0 	2.5804e-14 	   0 	   0 	1.2045e-13 	   0 	   0 	6.3876e-14 	   0 	   0 	2.4362e-14 	   0 	   0 	5.9394e-15 	   0 	   0 	1.727e-14 	   0 	   0 	3.7167e-14 	   0 	   0 	3.6333e-15 	   0 	   0 	2.2955e-14 	   0 	   0 	1.0942e-14 	   0 	   0 	4.6997e-15 	   0 	   0 	9.9507e-15 	   0 	   0 	2.7775e-14 	   0 	   0 	3.1016e-16 	   0 	   0 	2.2072e-14 	   0 	   0 	9.8364e-15 	   0 	   0 	1.1559e-14 	   0 	   0 	1.7956e-14 	   0 	   0 	4.3534e-16 	   0 	   0 	3.0653e-15 	   0 	   0 	6.0764e-15 	   0 	   0 	1.4796e-14 	   0 	   0 	4.5506e-16 	   0 	   0 	9.9929e-15 	   0 	   0 	
1.321e+04 	  0 	   0 	   0 	2.0963e-17 	   0 	   0 	1.6381e-14 	   0 	   0 	1.5358e-13 	   0 	   0 	  0 	   0 	   0 	8.0415e-14 	   0 	   0 	4.6847e-14 	   0 	   0 	1.5751e-14 	   0 	   0 	1.681e-14 	   0 	   0 	1.567e-17 	   0 	   0 	2.9111e-14 	   0 	   0 	2.8512e-15 	   0 	   0 	3.1771e-14 	   0 	   0 	1.4706e-16 	   0 	   0 	8.1181e-15 	   0 	   0 	4.3267e-14 	   0 	   0 	2.0881e-14 	   0 	   0 	3.7343e-14 	 3.3775e-17 	 -4.5776e-18 	1.7522e-14 	   0 	   0 	1.9167e-14 	   0 	   0 	3.5811e-14 	   0 	   0 	1.5681e-14 	   0 	   0 	1.2258e-14 	   0 	   0 	1.0662e-14 	   0 	   0 	2.3482e-14 	   0 	   0 	1.804e-14 	   0 	   0 	8.7931e-15 	   0 	   0 	8.5305e-15 	   0 	   0 	3.1681e-14 	 2.3099e-15 	 -2.2561e-16 	8.706e-15 	   0 	   0 	
1.343e+04 	3.7347e-16 	   0 	   0 	3.525e-13 	   0 	   0 	2.3929e-14 	   0 	   0 	1.3632e-13 	   0 	   0 	6.7139e-15 	   0 	   0 	4.6363e-17 	   0 	   0 	1.2202e-14 	   0 	   0 	2.2167e-14 	   0 	   0 	4.6151e-15 	   0 	   0 	1.3553e-14 	   0 	   0 	2.9385e-16 	   0 	   0 	2.3105e-14 	   0 	   0 	3.1819e-14 	   0 	   0 	2.6223e-14 	   0 	   0 	8.5244e-15 	   0 	   0 	3.5527e-15 	   0 	   0 	1.3757e-15 	   0 	   0 	1.6165e-14 	   0 	   0 	5.1349e-14 	 -2.3309e-16 	 2.0583e-16 	1.9997e-14 	   0 	   0 	1.1998e-14 	   0 	   0 	1.1666e-14 	   0 	   0 	2.0822e-17 	   0 	   0 	5.8861e-15 	   0 	   0 	1.3668e-14 	   0 	   0 	7.7606e-15 	   0 	   0 	1.6458e-14 	   0 	   0 	1.0388e-14 	   0 	   0 	1.6064e-14 	   0 	   0 	4.1272e-15 	   0 	   0 	
1.365e+04 	  0 	   0 	   0 	1.5803e-13 	   0 	   0 	8.1044e-14 	   0 	   0 	5.2753e-13 	 -3.9394e-15 	 5.5754e-15 	7.5008e-14 	   0 	   0 	2.2853e-13 	   0 	   0 	1.0475e-13 	   0 	   0 	4.2144e-15 	   0 	   0 	6.2553e-15 	   0 	   0 	7.6528e-14 	   0 	   0 	2.6506e-14 	   0 	   0 	7.3031e-14 	 4.3597e-15 	 -5.3142e-15 	2.3829e-14 	   0 	   0 	1.1732e-14 	   0 	   0 	4.2612e-14 	   0 	   0 	6.68e-15 	   0 	   0 	1.5341e-14 	   0 	   0 	9.7291e-15 	   0 	   0 	2.2369e-14 	   0 	   0 	5.4955e-14 	   0 	   0 	6.2321e-14 	   0 	   0 	1.2943e-14 	   0 	   0 	1.2119e-14 	   0 	   0 	1.5699e-15 	   0 	   0 	3.1981e-15 	 5.1751e-17 	 -2.7428e-16 	1.811e-15 	   0 	   0 	5.6204e-16 	   0 	   0 	8.7898e-16 	 -5.1295e-20 	 -7.5009e-21 	9.5729e-15 	   0 	   0 	1.0976e-15 	   0 	   0 	
1.387e+04 	  0 	   0 	   0 	4.9675e-15 	   0 	   0 	8.5636e-14 	   0 	   0 	1.1666e-13 	   0 	   0 	1.1039e-13 	   0 	   0 	1.7428e-14 	   0 	   0 	1.0608e-13 	   0 	   0 	2.1987e-14 	   0 	   0 	3.408e-14 	   0 	   0 	1.0346e-14 	   0 	   0 	3.499e-15 	   0 	   0 	1.2113e-14 	   0 	   0 	1.5204e-14 	   0 	   0 	1.3888e-16 	   0 	   0 	3.953e-14 	   0 	   0 	1.521e-14 	   0 	   0 	1.1157e-14 	   0 	   0 	1.7749e-14 	   0 	   0 	5.6898e-15 	   0 	   0 	3.3774e-14 	   0 	   0 	3.3417e-14 	   0 	   0 	1.2671e-14 	   0 	   0 	1.622e-14 	   0 	   0 	2.1402e-14 	   0 	   0 	1.3965e-14 	 -1.0427e-16 	 6.871e-17 	4.5772e-14 	 1.1092e-15 	   0 	1.9879e-16 	   0 	   0 	4.7722e-15 	   0 	   0 	9.1636e-15 	   0 	   0 	1.3091e-14 	   0 	   0 	
1.409e+04 	  0 	   0 	   0 	1.4875e-13 	   0 	   0 	3.1026e-15 	   0 	   0 	4.0616e-18 	   0 	   0 	6.9529e-14 	   0 	   0 	9.4717e-14 	   0 	   0 	1.7846e-14 	   0 	   0 	7.3016e-14 	   0 	   0 	4.1356e-14 	   0 	   0 	5.7428e-14 	   0 	   0 	8.5491e-17 	   0 	   0 	3.6502e-14 	   0 	   0 	1.5814e-15 	   0 	   0 	7.9209e-16 	   0 	   0 	4.2979e-14 	   0 	   0 	5.081e-14 	   0 	   0 	4.9181e-14 	   0 	   0 	1.2975e-14 	   0 	   0 	9.5867e-15 	   0 	   0 	6.3897e-15 	   0 	   0 	2.3211e-14 	   0 	   0 	1.0963e-14 	   0 	   0 	1.6494e-14 	   0 	   0 	2.6105e-15 	   0 	   0 	5.086e-14 	 9.3752e-16 	 -3.3523e-16 	1.2956e-14 	   0 	   0 	1.0738e-14 	   0 	   0 	1.8303e-15 	   0 	   0 	2.3716e-14 	   0 	   0 	2.2189e-14 	   0 	   0 	
1.431e+04 	  0 	   0 	   0 	  0 	   0 	   0 	5.7124e-17 	   0 	   0 	7.2715e-17 	   0 	   0 	1.0124e-13 	   0 	   0 	7.6791e-14 	   0 	   0 	3.2844e-16 	   0 	   0 	2.2991e-14 	   0 	   0 	5.6597e-14 	   0 	   0 	2.3498e-15 	   0 	   0 	4.7472e-14 	   0 	   0 	8.3486e-14 	   0 	   0 	2.9414e-14 	   0 	   0 	9.3965e-16 	   0 	   0 	1.2284e-14 	   0 	   0 	3.8154e-14 	 -1.0764e-15 	 1.66e-15 	3.2113e-14 	   0 	   0 	1.2233e-14 	 8.4186e-19 	 -6.1425e-18 	2.3279e-14 	   0 	   0 	1.6164e-14 	   0 	   0 	1.4241e-14 	   0 	   0 	4.5174e-14 	   0 	   0 	5.9825e-15 	   0 	   0 	6.5227e-15 	   0 	   0 	5.3434e-15 	   0 	   0 	2.9232e-15 	   0 	   0 	1.3524e-14 	   0 	   0 	9.6405e-15 	   0 	   0 	1.3261e-14 	   0 	   0 	8.0881e-15 	   0 	   0 	
1.453e+04 	2.8837e-12 	 -6.001e-13 	 7.7195e-13 	  0 	   0 	   0 	2.2775e-13 	   0 	   0 	7.881e-15 	   0 	   0 	5.8448e-14 	   0 	   0 	1.4292e-13 	   0 	   0 	1.1924e-14 	   0 	   0 	1.1898e-15 	   0 	   0 	1.4243e-14 	   0 	   0 	1.6878e-14 	   0 	   0 	1.3521e-14 	   0 	   0 	8.4341e-15 	   0 	   0 	9.1688e-16 	   0 	   0 	9.9397e-16 	   0 	   0 	4.2782e-14 	   0 	   0 	3.8292e-14 	   0 	   0 	7.692e-15 	   0 	   0 	1.0039e-14 	   0 	   0 	1.4986e-14 	   0 	   0 	1.7256e-14 	   0 	   0 	3.0787e-14 	   0 	   0 	1.1109e-14 	   0 	   0 	1.1164e-14 	   0 	   0 	6.1134e-15 	   0 	   0 	1.3565e-15 	   0 	   0 	2.3608e-15 	   0 	   0 	1.0709e-15 	   0 	   0 	2.4664e-16 	   0 	   0 	2.0983e-14 	   0 	   0 	1.7056e-14 	   0 	   0 	
1.475e+04 	5.8708e-14 	   0 	   0 	2.391e-16 	   0 	   0 	4.2078e-14 	   0 	   0 	3.8598e-18 	   0 	   0 	6.5026e-14 	   0 	   0 	1.2517e-16 	   0 	   0 	7.1683e-15 	   0 	   0 	4.6945e-15 	   0 	   0 	8.0767e-15 	   0 	   0 	1.2307e-14 	   0 	   0 	5.7812e-15 	   0 	   0 	7.1017e-14 	   0 	   0 	5.2293e-14 	   0 	   0 	9.4517e-16 	   0 	   0 	9.3643e-14 	   0 	   0 	4.8918e-14 	   0 	   0 	2.0986e-14 	   0 	   0 	2.3949e-15 	   0 	   0 	2.4611e-14 	   0 	   0 	2.3698e-16 	   0 	   0 	1.6933e-14 	   0 	   0 	2.561e-14 	   0 	   0 	1.2315e-14 	   0 	   0 	1.8053e-14 	   0 	   0 	1.061e-14 	   0 	   0 	3.102e-16 	   0 	   0 	3.1958e-15 	   0 	   0 	9.9771e-16 	   0 	   0 	4.7085e-15 	   0 	   0 	1.0536e-14 	   0 	   0 	
1.497e+04 	8.842e-13 	   0 	   0 	  0 	   0 	   0 	1.7962e-14 	   0 	   0 	3.4548e-14 	   0 	   0 	1.6308e-13 	   0 	   0 	6.5719e-14 	   0 	   0 	2.1019e-13 	   0 	   0 	5.5092e-16 	   0 	   0 	1.4886e-13 	 2.4427e-21 	 1.4569e-21 	3.7448e-14 	   0 	   0 	7.3514e-14 	   0 	   0 	1.7449e-14 	   0 	   0 	1.9407e-14 	   0 	   0 	5.6509e-17 	   0 	   0 	2.6198e-14 	   0 	   0 	3.8946e-14 	   0 	   0 	2.2161e-15 	   0 	   0 	2.4053e-14 	   0 	   0 	2.4482e-14 	   0 	   0 	4.6444e-15 	   0 	   0 	3.2531e-14 	   0 	   0 	4.3241e-15 	   0 	   0 	9.5534e-15 	 -1.2223e-15 	 -7.5289e-16 	1.7397e-15 	   0 	   0 	7.4931e-15 	   0 	   0 	6.5419e-16 	   0 	   0 	2.4364e-15 	   0 	   0 	1.0708e-14 	   0 	   0 	2.6324e-16 	   0 	   0 	1.8678e-14 	   0 	   0 	
1.519e+04 	  0 	   0 	   0 	1.015e-13 	   0 	   0 	  0 	   0 	   0 	1.8689e-14 	   0 	   0 	1.5266e-13 	   0 	   0 	9.7987e-15 	   0 	   0 	2.6822e-15 	 7.1142e-20 	 -2.517e-21 	3.6082e-17 	   0 	   0 	1.879e-14 	   0 	   0 	5.1085e-15 	   0 	   0 	9.352e-14 	   0 	   0 	4.327e-14 	 5.5379e-21 	 -4.8311e-20 	1.5169e-17 	   0 	   0 	2.2953e-15 	   0 	   0 	8.084e-14 	   0 	   0 	1.8966e-14 	   0 	   0 	1.4399e-14 	   0 	   0 	1.5813e-14 	   0 	   0 	1.4897e-16 	   0 	   0 	1.5323e-14 	   0 	   0 	9.5352e-15 	   0 	   0 	2.2716e-15 	   0 	   0 	1.7693e-14 	   0 	   0 	8.847e-16 	   0 	   0 	1.7808e-14 	   0 	   0 	3.5296e-15 	   0 	   0 	6.5836e-15 	   0 	   0 	1.2983e-14 	   0 	   0 	1.0545e-14 	   0 	   0 	3.0283e-15 	   0 	   0 	
1.541e+04 	  0 	   0 	   0 	  0 	   0 	   0 	1.5165e-14 	   0 	   0 	1.2254e-13 	   0 	   0 	1.0287e-14 	   0 	   0 	1.9871e-13 	   0 	   0 	5.2456e-14 	   0 	   0 	3.9011e-14 	   0 	   0 	2.6268e-14 	   0 	   0 	3.3657e-14 	   0 	   0 	4.3747e-14 	   0 	   0 	2.1573e-14 	   0 	   0 	1.9481e-16 	   0 	   0 	3.808e-18 	   0 	   0 	6.0149e-14 	 -1.0763e-15 	 -2.7377e-15 	3.7064e-14 	   0 	   0 	1.1342e-14 	 2.7855e-15 	 -1.1514e-15 	2.7786e-14 	   0 	   0 	1.1727e-14 	   0 	   0 	2.109e-15 	   0 	   0 	3.3323e-14 	   0 	   0 	2.3866e-17 	   0 	   0 	8.4595e-15 	   0 	   0 	1.2167e-14 	   0 	   0 	1.8882e-14 	   0 	   0 	9.3527e-15 	   0 	   0 	1.0743e-14 	   0 	   0 	2.8981e-14 	   0 	   0 	1.9314e-14 	   0 	   0 	1.2141e-14 	   0 	   0 	
1.563e+04 	  0 	   0 	   0 	3.527e-13 	   0 	   0 	1.5706e-15 	   0 	   0 	1.9148e-14 	   0 	   0 	4.2092e-14 	   0 	   0 	6.2194e-14 	 1.8034e-19 	 -2.4737e-19 	4.7139e-15 	   0 	   0 	2.2342e-15 	   0 	   0 	3.0434e-14 	   0 	   0 	2.31e-15 	   0 	   0 	2.5276e-14 	   0 	   0 	4.3686e-14 	   0 	   0 	5.0872e-15 	   0 	   0 	2.1516e-16 	   0 	   0 	6.6798e-14 	   0 	   0 	1.9239e-14 	   0 	   0 	3.2338e-14 	   0 	   0 	1.4578e-14 	   0 	   0 	4.3424e-14 	   0 	   0 	2.5013e-14 	   0 	   0 	5.2257e-14 	   0 	   0 	1.8343e-14 	   0 	   0 	3.9502e-15 	   0 	   0 	2.0807e-15 	 1.3782e-17 	 1.3792e-16 	2.8443e-14 	   0 	   0 	9.1628e-15 	   0 	   0 	5.0552e-16 	   0 	   0 	4.1125e-16 	   0 	   0 	1.0883e-14 	   0 	   0 	1.1436e-14 	   0 	   0 	
1.585e+04 	  0 	   0 	   0 	8.8099e-15 	   0 	   0 	8.3297e-13 	 -2.6932e-14 	 7.3576e-14 	3.2493e-14 	   0 	   0 	  0 	   0 	   0 	3.388e-15 	   0 	   0 	2.2672e-14 	 -7.3534e-19 	 -2.0082e-19 	1.3629e-14 	   0 	   0 	1.2714e-14 	   0 	   0 	6.3995e-15 	   0 	   0 	1.2624e-15 	   0 	   0 	3.6795e-15 	   0 	   0 	2.2549e-14 	   0 	   0 	6.3901e-14 	   0 	   0 	1.688e-14 	   0 	   0 	2.8496e-15 	   0 	   0 	3.8663e-14 	   0 	   0 	3.0333e-14 	   0 	   0 	4.0702e-14 	   0 	   0 	1.1093e-14 	   0 	   0 	2.5439e-14 	   0 	   0 	2.4018e-14 	   0 	   0 	4.9697e-15 	   0 	   0 	9.5367e-15 	   0 	   0 	3.5075e-15 	   0 	   0 	1.3527e-14 	   0 	   0 	1.0124e-14 	   0 	   0 	3.169e-15 	   0 	   0 	6.735e-15 	   0 	   0 	4.1341e-15 	   0 	   0 	
1.607e+04 	7.8881e-15 	   0 	   0 	1.5384e-17 	   0 	   0 	6.4881e-15 	   0 	   0 	4.3474e-14 	   0 	   0 	1.0903e-14 	   0 	   0 	4.6689e-14 	   0 	   0 	1.6251e-14 	   0 	   0 	1.2069e-14 	   0 	   0 	4.6953e-18 	   0 	   0 	1.7383e-14 	   0 	   0 	2.6534e-14 	   0 	   0 	1.2186e-15 	   0 	   0 	2.3938e-14 	   0 	   0 	3.3403e-14 	   0 	   0 	1.2143e-14 	   0 	   0 	2.8268e-14 	   0 	   0 	3.9174e-15 	   0 	   0 	5.1719e-14 	   0 	   0 	3.1664e-14 	   0 	   0 	1.7786e-14 	   0 	   0 	5.3748e-15 	   0 	   0 	8.0255e-15 	   0 	   0 	2.5755e-14 	   0 	   0 	4.1714e-16 	   0 	   0 	1.0129e-14 	   0 	   0 	7.2489e-15 	   0 	   0 	1.9563e-14 	   0 	   0 	6.3479e-15 	   0 	   0 	2.3189e-14 	 1.6484e-15 	 -7.7433e-17 	2.6948e-16 	   0 	   0 	
1.629e+04 	3.0023e-13 	   0 	   0 	1.4135e-17 	   0 	   0 	3.3899e-15 	   0 	   0 	2.8281e-13 	   0 	   0 	9.1784e-14 	   0 	   0 	2.2979e-14 	   0 	   0 	5.3397e-14 	   0 	   0 	1.9145e-16 	   0 	   0 	7.6721e-14 	   0 	   0 	3.8991e-14 	   0 	   0 	1.9533e-15 	   0 	   0 	4.9609e-15 	   0 	   0 	2.3802e-18 	   0 	   0 	5.4433e-17 	   0 	   0 	1.5756e-14 	   0 	   0 	4.7049e-14 	   0 	   0 	8.1804e-15 	   0 	   0 	2.4203e-14 	   0 	   0 	2.6109e-14 	   0 	   0 	4.5394e-15 	   0 	   0 	2.5844e-14 	   0 	   0 	5.2733e-15 	   0 	   0 	5.3808e-14 	   0 	   0 	2.5158e-14 	   0 	   0 	4.4886e-15 	   0 	   0 	5.4545e-15 	   0 	   0 	3.7488e-15 	   0 	   0 	6.9068e-15 	   0 	   0 	4.2538e-15 	   0 	   0 	3.0775e-15 	   0 	   0 	
1.651e+04 	8.531e-15 	   0 	   0 	  0 	   0 	   0 	2.0224e-13 	   0 	   0 	1.7446e-15 	   0 	   0 	1.3426e-14 	   0 	   0 	4.4855e-14 	   0 	   0 	3.1018e-14 	   0 	   0 	4.2688e-14 	   0 	   0 	1.3777e-14 	   0 	   0 	4.3917e-14 	   0 	   0 	3.0898e-14 	   0 	   0 	5.3198e-14 	   0 	   0 	1.5511e-14 	   0 	   0 	4.8975e-14 	   0 	   0 	1.5353e-14 	   0 	   0 	1.1066e-14 	   0 	   0 	1.4086e-14 	   0 	   0 	5.968e-15 	   0 	   0 	3.2674e-15 	   0 	   0 	1.5947e-14 	   0 	   0 	3.2185e-15 	   0 	   0 	3.8478e-15 	   0 	   0 	1.8538e-14 	   0 	   0 	1.475e-14 	   0 	   0 	3.7141e-14 	   0 	   0 	6.0575e-15 	   0 	   0 	1.0798e-14 	   0 	   0 	2.2175e-14 	 2.0591e-16 	   0 	6.9593e-15 	   0 	   0 	8.7122e-15 	   0 	   0 	
1.673e+04 	  0 	   0 	   0 	4.8213e-17 	   0 	   0 	  0 	   0 	   0 	1.1205e-14 	   0 	   0 	6.2655e-14 	   0 	   0 	4.2804e-14 	   0 	   0 	1.1465e-16 	   0 	   0 	2.8619e-14 	   0 	   0 	1.9176e-14 	   0 	   0 	2.831e-14 	   0 	   0 	1.2698e-15 	   0 	   0 	5.0578e-14 	   0 	   0 	4.0331e-14 	   0 	   0 	3.0137e-14 	   0 	   0 	2.0669e-15 	   0 	   0 	3.4919e-14 	   0 	   0 	6.915e-15 	   0 	   0 	1.3769e-15 	   0 	   0 	3.4709e-14 	   0 	   0 	1.1032e-14 	   0 	   0 	4.2432e-14 	   0 	   0 	1.0781e-14 	 -2.2266e-19 	 5.8172e-20 	3.8641e-14 	   0 	   0 	1.4056e-15 	   0 	   0 	2.9304e-14 	   0 	   0 	2.3468e-14 	   0 	   0 	2.0306e-15 	   0 	   0 	1.4644e-14 	   0 	   0 	1.2398e-14 	   0 	   0 	9.0955e-15 	   0 	   0 	
1.695e+04 	  0 	   0 	   0 	1.1027e-14 	   0 	   0 	9.3217e-18 	   0 	   0 	2.6936e-17 	   0 	   0 	1.2737e-13 	   0 	   0 	2.7452e-16 	   0 	   0 	1.5337e-15 	   0 	   0 	1.0607e-14 	   0 	   0 	5.9218e-14 	   0 	   0 	1.7788e-14 	   0 	   0 	6.3418e-17 	   0 	   0 	3.5418e-15 	   0 	   0 	6.4638e-15 	   0 	   0 	2.8917e-14 	   0 	   0 	2.1773e-14 	   0 	   0 	4.8224e-14 	   0 	   0 	1.9163e-14 	   0 	   0 	7.3847e-15 	   0 	   0 	2.7473e-15 	   0 	   0 	1.3338e-14 	   0 	   0 	1.6239e-14 	   0 	   0 	1.5663e-15 	   0 	   0 	2.4782e-15 	   0 	   0 	1.7641e-14 	   0 	   0 	5.8977e-15 	   0 	   0 	2.9909e-16 	   0 	   0 	2.773e-14 	   0 	   0 	6.1278e-15 	   0 	   0 	4.6354e-15 	   0 	   0 	1.8141e-14 	   0 	   0 	
1.717e+04 	  0 	   0 	   0 	  0 	   0 	   0 	9.8967e-18 	   0 	   0 	  0 	   0 	   0 	1.8746e-13 	   0 	   0 	2.7963e-18 	   0 	   0 	4.198e-14 	   0 	   0 	6.0924e-14 	   0 	   0 	3.8951e-14 	   0 	   0 	2.9997e-15 	   0 	   0 	1.2213e-13 	   0 	   0 	2.4608e-14 	   0 	   0 	6.1437e-14 	   0 	   0 	4.3203e-15 	   0 	   0 	2.7329e-14 	   0 	   0 	3.0145e-14 	   0 	   0 	3.3052e-14 	   0 	   0 	3.0446e-14 	   0 	   0 	2.686e-14 	   0 	   0 	2.7517e-14 	   0 	   0 	3.5794e-14 	   0 	   0 	1.8291e-14 	   0 	   0 	2.1344e-14 	   0 	   0 	2.0272e-15 	   0 	   0 	6.1682e-15 	   0 	   0 	4.6998e-15 	   0 	   0 	2.1498e-14 	   0 	   0 	3.76e-15 	   0 	   0 	6.0062e-16 	   0 	   0 	1.1063e-14 	   0 	   0 	
1.739e+04 	  0 	   0 	   0 	4.5305e-13 	   0 	   0 	  0 	   0 	   0 	4.6888e-14 	   0 	   0 	1.5592e-17 	   0 	   0 	4.4408e-14 	   0 	   0 	5.9134e-14 	   0 	   0 	3.3084e-14 	   0 	   0 	3.271e-15 	 -1.0211e-15 	 -6.3483e-16 	4.9056e-14 	   0 	   0 	2.4898e-15 	   0 	   0 	3.2321e-14 	   0 	   0 	2.5136e-15 	   0 	   0 	3.6156e-14 	   0 	   0 	2.9114e-14 	   0 	   0 	5.1579e-14 	   0 	   0 	1.1392e-14 	   0 	   0 	7.4364e-15 	   0 	   0 	1.4902e-14 	   0 	   0 	4.7072e-15 	   0 	   0 	3.0068e-15 	   0 	   0 	5.2598e-14 	   0 	   0 	1.1145e-14 	   0 	   0 	2.4897e-15 	   0 	   0 	2.7452e-14 	   0 	   0 	2.0982e-15 	   0 	   0 	6.5179e-16 	   0 	   0 	1.3483e-14 	   0 	   0 	8.0088e-15 	   0 	   0 	9.6509e-15 	   0 	   0 	
1.761e+04 	  0 	   0 	   0 	  0 	   0 	   0 	  0 	   0 	   0 	9.7859e-15 	   0 	   0 	2.2662e-16 	   0 	   0 	1.9633e-13 	   0 	   0 	3.2703e-18 	   0 	   0 	5.9547e-15 	   0 	   0 	4.5228e-16 	   0 	   0 	6.4831e-15 	   0 	   0 	3.678e-14 	   0 	   0 	3.6811e-14 	   0 	   0 	8.8654e-16 	 3.9733e-18 	 -9.9799e-19 	2.934e-16 	   0 	   0 	1.9311e-14 	   0 	   0 	2.0265e-14 	   0 	   0 	1.3512e-14 	   0 	   0 	1.717e-15 	   0 	   0 	7.4268e-15 	   0 	   0 	2.9103e-16 	   0 	   0 	1.1947e-17 	   0 	   0 	1.3217e-14 	   0 	   0 	2.8865e-14 	   0 	   0 	1.9677e-14 	   0 	   0 	3.2277e-15 	   0 	   0 	5.3414e-15 	   0 	   0 	1.0693e-14 	   0 	   0 	3.2885e-14 	   0 	   0 	1.7629e-14 	   0 	   0 	3.3934e-15 	   0 	   0 	
1.783e+04 	2.2745e-15 	 1.9894e-15 	 -8.8672e-16 	9.4823e-17 	   0 	   0 	  0 	   0 	   0 	2.9962e-17 	   0 	   0 	4.8265e-17 	   0 	   0 	1.2361e-16 	   0 	   0 	1.5737e-16 	   0 	   0 	2.0603e-15 	   0 	   0 	6.2717e-14 	   0 	   0 	3.2487e-14 	   0 	   0 	3.3658e-14 	   0 	   0 	3.0871e-14 	   0 	   0 	1.342e-15 	   0 	   0 	2.2834e-15 	   0 	   0 	1.5511e-14 	   0 	   0 	2.7926e-16 	   0 	   0 	1.6205e-14 	   0 	   0 	2.0254e-14 	   0 	   0 	1.6946e-14 	   0 	   0 	1.6578e-14 	   0 	   0 	6.934e-15 	   0 	   0 	1.4554e-14 	   0 	   0 	1.518e-14 	 -1.2735e-15 	 1.6586e-15 	4.9161e-15 	   0 	   0 	4.1949e-15 	   0 	   0 	2.1553e-14 	   0 	   0 	9.5324e-15 	   0 	   0 	2.8142e-15 	   0 	   0 	1.9506e-15 	   0 	   0 	2.3147e-15 	   0 	   0 	
1.805e+04 	  0 	   0 	   0 	  0 	   0 	   0 	9.9722e-15 	   0 	   0 	3.3404e-14 	   0 	   0 	3.5287e-14 	   0 	   0 	5.2744e-15 	   0 	   0 	4.6364e-14 	   0 	   0 	2.0084e-17 	   0 	   0 	1.3093e-14 	   0 	   0 	4.4344e-15 	   0 	   0 	4.6226e-14 	   0 	   0 	1.4227e-15 	   0 	   0 	3.6443e-16 	   0 	   0 	3.4356e-14 	   0 	   0 	2.9473e-14 	   0 	   0 	3.7437e-14 	   0 	   0 	7.5892e-15 	   0 	   0 	2.2355e-14 	   0 	   0 	2.9761e-14 	   0 	   0 	9.5668e-15 	   0 	   0 	1.5586e-14 	 1.1939e-15 	   0 	4.8021e-15 	   0 	   0 	2.9661e-14 	   0 	   0 	2.4934e-15 	   0 	   0 	4.0772e-15 	   0 	   0 	2.5058e-14 	   0 	   0 	1.3752e-14 	   0 	   0 	1.3339e-14 	   0 	   0 	1.9571e-14 	   0 	   0 	8.3782e-15 	   0 	   0 	
1.827e+04 	  0 	   0 	   0 	7.1386e-14 	   0 	   0 	1.2875e-14 	   0 	   0 	4.1822e-14 	   0 	   0 	  0 	   0 	   0 	  0 	   0 	   0 	3.3567e-15 	   0 	   0 	3.5778e-15 	   0 	   0 	6.7091e-14 	   0 	   0 	1.3928e-14 	   0 	   0 	1.9464e-14 	 -1.495e-14 	 -5.7978e-15 	8.8916e-14 	   0 	   0 	2.8965e-14 	   0 	   0 	2.2022e-14 	   0 	   0 	4.9169e-14 	   0 	   0 	4.5579e-15 	   0 	   0 	2.0889e-16 	   0 	   0 	2.5126e-14 	   0 	   0 	1.0577e-14 	   0 	   0 	2.9787e-14 	   0 	   0 	1.8607e-14 	   0 	   0 	4.8551e-15 	   0 	   0 	4.6691e-15 	   0 	   0 	1.7825e-14 	   0 	   0 	3.6571e-14 	 1.1989e-15 	   0 	7.5393e-16 	   0 	   0 	2.002e-16 	   0 	   0 	1.5654e-14 	   0 	   0 	6.5332e-15 	   0 	   0 	1.3503e-14 	   0 	   0 	
1.849e+04 	  0 	   0 	   0 	2.7883e-15 	   0 	   0 	  0 	   0 	   0 	4.3399e-14 	   0 	   0 	  0 	   0 	   0 	1.1439e-13 	   0 	   0 	1.9167e-14 	   0 	   0 	2.7137e-14 	   0 	   0 	6.1322e-14 	   0 	   0 	2.2081e-14 	   0 	   0 	1.7692e-15 	   0 	   0 	9.6457e-16 	   0 	   0 	7.5356e-16 	   0 	   0 	3.8377e-16 	   0 	   0 	2.5736e-14 	   0 	   0 	2.363e-14 	   0 	   0 	1.9417e-15 	   0 	   0 	1.5411e-14 	   0 	   0 	7.8592e-17 	   0 	   0 	9.7108e-15 	   0 	   0 	2.1755e-14 	   0 	   0 	1.7815e-14 	   0 	   0 	2.5706e-14 	 1.8074e-18 	 1.531e-18 	4.78e-15 	   0 	   0 	1.1376e-14 	   0 	   0 	4.109e-15 	   0 	   0 	1.3668e-14 	   0 	   0 	8.131e-15 	   0 	   0 	2.5734e-14 	   0 	   0 	8.5484e-15 	   0 	   0 	
1.871e+04 	  0 	   0 	   0 	  0 	   0 	   0 	3.0117e-14 	   0 	   0 	1.7096e-15 	   0 	   0 	4.669e-15 	   0 	   0 	  0 	   0 	   0 	5.3261e-14 	   0 	   0 	2.3875e-14 	   0 	   0 	3.4343e-14 	   0 	   0 	1.6002e-17 	   0 	   0 	1.7823e-15 	   0 	   0 	3.3275e-16 	   0 	   0 	2.8677e-14 	   0 	   0 	1.5279e-16 	   0 	   0 	4.0776e-14 	   0 	   0 	7.6427e-15 	   0 	   0 	1.3927e-14 	   0 	   0 	5.1379e-14 	   0 	   0 	2.2004e-14 	   0 	   0 	3.2005e-15 	   0 	   0 	1.5827e-14 	   0 	   0 	1.4897e-14 	   0 	   0 	2.6627e-14 	   0 	   0 	7.1001e-17 	   0 	   0 	1.8936e-14 	   0 	   0 	2.3136e-14 	   0 	   0 	4.3554e-14 	   0 	   0 	1.3593e-14 	   0 	   0 	3.6454e-15 	   0 	   0 	5.4887e-15 	   0 	   0 	
1.893e+04 	  0 	   0 	   0 	  0 	   0 	   0 	4.5327e-15 	   0 	   0 	3.3502e-16 	   0 	   0 	  0 	   0 	   0 	9.2816e-15 	   0 	   0 	2.6331e-14 	   0 	   0 	1.991e-15 	   0 	   0 	1.7806e-14 	   0 	   0 	5.9842e-14 	   0 	   0 	9.4743e-16 	   0 	   0 	2.936e-14 	   0 	   0 	4.3713e-14 	   0 	   0 	1.1076e-14 	   0 	   0 	3.7099e-14 	   0 	   0 	1.2675e-14 	   0 	   0 	3.3265e-14 	   0 	   0 	1.1556e-14 	   0 	   0 	3.1478e-14 	   0 	   0 	9.8737e-15 	   0 	   0 	2.9889e-14 	   0 	   0 	5.7296e-15 	   0 	   0 	5.5169e-15 	   0 	   0 	5.6829e-15 	   0 	   0 	3.6772e-15 	   0 	   0 	7.0806e-15 	   0 	   0 	1.9472e-14 	   0 	   0 	3.6754e-15 	   0 	   0 	1.5535e-14 	   0 	   0 	1.088e-14 	   0 	   0 	
1.915e+04 	  0 	   0 	   0 	  0 	   0 	   0 	2.8276e-17 	   0 	   0 	3.6499e-15 	   0 	   0 	4.7882e-15 	   0 	   0 	4.1135e-14 	   0 	   0 	1.0878e-17 	   0 	   0 	9.8796e-16 	   0 	   0 	1.0167e-13 	   0 	   0 	8.5623e-15 	   0 	   0 	2.1196e-16 	   0 	   0 	2.2755e-14 	   0 	   0 	3.3936e-14 	   0 	   0 	2.0881e-16 	   0 	   0 	3.4318e-14 	 1.7977e-15 	 5.2865e-15 	2.9624e-14 	   0 	   0 	3.7698e-15 	   0 	   0 	2.3001e-14 	   0 	   0 	3.5147e-14 	   0 	   0 	2.8659e-14 	   0 	   0 	1.0495e-14 	   0 	   0 	1.0424e-14 	   0 	   0 	1.3949e-14 	   0 	   0 	1.3586e-14 	   0 	   0 	2.3965e-15 	   0 	   0 	1.5286e-14 	   0 	   0 	3.8742e-16 	   0 	   0 	5.4112e-15 	   0 	   0 	1.6975e-14 	   0 	   0 	1.2625e-14 	   0 	   0 	
1.937e+04 	  0 	   0 	   0 	2.2053e-13 	   0 	   0 	1.8508e-16 	   0 	   0 	7.8788e-14 	   0 	   0 	  0 	   0 	   0 	  0 	   0 	   0 	2.4271e-15 	   0 	   0 	3.4001e-14 	   0 	   0 	2.2524e-15 	   0 	   0 	1.2484e-17 	   0 	   0 	4.2515e-15 	   0 	   0 	2.8292e-15 	   0 	   0 	4.0194e-14 	   0 	   0 	1.1013e-14 	   0 	   0 	5.9013e-14 	   0 	   0 	2.132e-14 	   0 	   0 	4.3286e-14 	   0 	   0 	4.6187e-14 	   0 	   0 	8.8559e-15 	   0 	   0 	3.4121e-14 	   0 	   0 	2.4304e-14 	   0 	   0 	8.8449e-15 	   0 	   0 	2.435e-15 	   0 	   0 	2.2039e-17 	   0 	   0 	1.8586e-14 	   0 	   0 	1.2532e-14 	   0 	   0 	3.8422e-15 	   0 	   0 	2.2141e-14 	   0 	   0 	3.6875e-15 	 -8.9883e-17 	 3.0921e-17 	1.4168e-14 	   0 	   0 	
1.959e+04 	  0 	   0 	   0 	6.3167e-15 	   0 	   0 	5.4584e-17 	   0 	   0 	2.2218e-15 	   0 	   0 	8.121e-17 	   0 	   0 	  0 	   0 	   0 	1.7337e-14 	   0 	   0 	5.6526e-15 	   0 	   0 	1.7091e-14 	   0 	   0 	1.8268e-14 	   0 	   0 	1.3472e-13 	   0 	   0 	6.2685e-15 	   0 	   0 	1.8716e-15 	   0 	   0 	1.7692e-14 	   0 	   0 	2.5524e-15 	   0 	   0 	2.2063e-16 	   0 	   0 	2.3685e-14 	   0 	   0 	6.5952e-16 	   0 	   0 	2.3269e-14 	   0 	   0 	2.7963e-15 	   0 	   0 	7.0767e-15 	   0 	   0 	3.474e-14 	   0 	   0 	1.1964e-15 	   0 	   0 	3.9238e-15 	 -1.8095e-16 	 -7.7094e-17 	1.19e-14 	   0 	   0 	3.3797e-15 	   0 	   0 	1.3811e-15 	   0 	   0 	7.6374e-15 	   0 	   0 	8.6696e-16 	   0 	   0 	6.1681e-16 	   0 	   0 	
1.981e+04 	  0 	   0 	   0 	7.0702e-15 	   0 	   0 	  0 	   0 	   0 	7.0293e-16 	   0 	   0 	7.6251e-14 	   0 	   0 	1.3767e-14 	   0 	   0 	1.1035e-13 	   0 	   0 	3.8016e-17 	   0 	   0 	2.825e-14 	   0 	   0 	1.3499e-17 	   0 	   0 	3.8466e-14 	   0 	   0 	3.4738e-14 	   0 	   0 	3.0592e-14 	   0 	   0 	6.9458e-17 	   0 	   0 	1.7274e-14 	   0 	   0 	7.2093e-16 	   0 	   0 	1.6076e-14 	   0 	   0 	1.7521e-16 	   0 	   0 	5.2879e-14 	   0 	   0 	4.9987e-14 	   0 	   0 	1.6353e-14 	   0 	   0 	9.1354e-15 	   0 	   0 	8.5714e-15 	   0 	   0 	9.2533e-15 	   0 	   0 	2.6642e-14 	   0 	   0 	4.2005e-15 	   0 	   0 	1.2415e-14 	   0 	   0 	3.8328e-15 	   0 	   0 	1.7367e-14 	   0 	   0 	3.068e-14 	   0 	   0 	
2.003e+04 	  0 	   0 	   0 	  0 	   0 	   0 	6.4014e-15 	   0 	   0 	3.0173e-13 	   0 	   0 	  0 	   0 	   0 	8.1749e-16 	   0 	   0 	5.1146e-16 	   0 	   0 	8.3868e-15 	   0 	   0 	9.5853e-14 	   0 	   0 	3.503e-16 	   0 	   0 	7.5113e-15 	   0 	   0 	8.691e-15 	   0 	   0 	2.3894e-14 	   0 	   0 	1.0343e-14 	   0 	   0 	1.6533e-15 	   0 	   0 	6.9702e-15 	   0 	   0 	2.1007e-14 	   0 	   0 	3.0894e-14 	   0 	   0 	3.7361e-14 	   0 	   0 	1.0185e-14 	   0 	   0 	1.5552e-14 	   0 	   0 	1.2998e-15 	   0 	   0 	2.6852e-14 	   0 	   0 	6.954e-16 	   0 	   0 	1.4348e-14 	   0 	   0 	1.3099e-15 	   0 	   0 	4.5227e-16 	   0 	   0 	1.6618e-14 	   0 	   0 	6.3519e-16 	   0 	   0 	9.2768e-15 	   0 	   0 	
2.025e+04 	  0 	   0 	   0 	1.2665e-15 	   0 	   0 	  0 	   0 	   0 	3.2275e-16 	   0 	   0 	  0 	   0 	   0 	  0 	   0 	   0 	5.3369e-17 	 3.6834e-17 	   0 	5.1591e-14 	   0 	   0 	4.9206e-14 	   0 	   0 	4.5413e-14 	   0 	   0 	5.7146e-14 	   0 	   0 	2.9727e-14 	   0 	   0 	7.3628e-16 	   0 	   0 	2.6479e-14 	   0 	   0 	4.4183e-14 	   0 	   0 	2.0216e-14 	   0 	   0 	2.2661e-14 	   0 	   0 	1.6806e-14 	   0 	   0 	1.7846e-15 	   0 	   0 	1.7075e-14 	   0 	   0 	1.1242e-15 	   0 	   0 	1.4351e-15 	   0 	   0 	6.2023e-16 	   0 	   0 	6.638e-15 	   0 	   0 	6.1504e-15 	 -3.8984e-17 	 -3.0799e-16 	9.2634e-16 	   0 	   0 	7.9856e-15 	   0 	   0 	2.1757e-14 	   0 	   0 	1.2427e-14 	   0 	   0 	8.7272e-15 	   0 	   0 	
2.047e+04 	  0 	   0 	   0 	  0 	   0 	   0 	  0 	   0 	   0 	1.5132e-14 	   0 	   0 	1.342e-14 	   0 	   0 	1.9056e-15 	   0 	   0 	1.9767e-14 	   0 	   0 	3.5587e-14 	   0 	   0 	1.3264e-14 	   0 	   0 	9.0257e-15 	   0 	   0 	2.3654e-17 	   0 	   0 	3.4851e-14 	   0 	   0 	9.3372e-15 	   0 	   0 	1.5976e-14 	   0 	   0 	1.0036e-17 	   0 	   0 	1.0846e-14 	   0 	   0 	2.7059e-15 	   0 	   0 	1.2347e-14 	   0 	   0 	1.2426e-14 	   0 	   0 	1.9178e-14 	   0 	   0 	8.5092e-15 	   0 	   0 	1.4586e-15 	   0 	   0 	1.9794e-14 	   0 	   0 	8.2571e-15 	   0 	   0 	1.0076e-15 	   0 	   0 	3.3855e-15 	   0 	   0 	7.8085e-15 	   0 	   0 	3.3762e-15 	   0 	   0 	8.2974e-15 	   0 	   0 	1.2151e-14 	   0 	   0 	
2.069e+04 	  0 	   0 	   0 	2.717e-16 	   0 	   0 	  0 	   0 	   0 	2.9003e-15 	   0 	   0 	  0 	   0 	   0 	1.4763e-14 	   0 	   0 	4.7903e-17 	   0 	   0 	2.2856e-14 	   0 	   0 	1.6323e-14 	   0 	   0 	3.3896e-18 	   0 	   0 	5.31e-14 	   0 	   0 	2.7537e-14 	   0 	   0 	2.8193e-14 	   0 	   0 	3.1776e-14 	   0 	   0 	2.5613e-14 	   0 	   0 	1.4783e-14 	   0 	   0 	4.3832e-14 	   0 	   0 	1.6155e-14 	   0 	   0 	2.5344e-14 	   0 	   0 	1.0393e-14 	   0 	   0 	1.3614e-14 	   0 	   0 	6.6573e-15 	   0 	   0 	1.5501e-14 	   0 	   0 	6.3653e-15 	   0 	   0 	1.9932e-15 	   0 	   0 	1.6067e-15 	   0 	   0 	4.3961e-15 	   0 	   0 	6.2753e-15 	   0 	   0 	1.6214e-14 	   0 	   0 	7.0077e-15 	   0 	   0 	
2.091e+04 	  0 	   0 	   0 	  0 	   0 	   0 	1.3806e-14 	   0 	   0 	2.9693e-14 	   0 	   0 	  0 	   0 	   0 	8.6864e-15 	   0 	   0 	9.6517e-14 	   0 	   0 	2.7653e-14 	   0 	   0 	2.5234e-18 	   0 	   0 	1.186e-13 	   0 	   0 	2.9329e-14 	   0 	   0 	2.9459e-14 	   0 	   0 	3.9396e-15 	   0 	   0 	3.0626e-14 	   0 	   0 	2.0715e-14 	   0 	   0 	1.4129e-14 	   0 	   0 	1.41e-14 	   0 	   0 	7.9532e-15 	   0 	   0 	1.5292e-14 	   0 	   0 	9.7495e-15 	   0 	   0 	1.6222e-14 	   0 	   0 	1.5651e-14 	   0 	   0 	4.891e-15 	   0 	   0 	7.3485e-15 	   0 	   0 	6.481e-15 	   0 	   0 	5.9649e-15 	   0 	   0 	6.2371e-15 	 1.0117e-16 	 1.3387e-17 	1.5304e-14 	   0 	   0 	1.5351e-14 	   0 	   0 	2.1215e-14 	   0 	   0 	
2.113e+04 	  0 	   0 	   0 	  0 	   0 	   0 	  0 	   0 	   0 	  0 	   0 	   0 	4.5446e-14 	   0 	   0 	3.2163e-18 	   0 	   0 	1.9885e-14 	 -2.284e-19 	 6.0708e-19 	1.0775e-14 	   0 	   0 	3.5047e-15 	   0 	   0 	4.0411e-14 	   0 	   0 	8.0439e-16 	   0 	   0 	4.2306e-15 	   0 	   0 	2.5348e-14 	   0 	   0 	4.999e-14 	   0 	   0 	1.8699e-14 	   0 	   0 	9.2832e-15 	   0 	   0 	3.9651e-17 	 2.9334e-21 	 -3.7391e-21 	1.885e-14 	   0 	   0 	1.5708e-14 	   0 	   0 	4.1872e-14 	 -2.2827e-15 	 8.2201e-16 	3.7638e-14 	   0 	   0 	2.1925e-14 	   0 	   0 	9.9475e-15 	   0 	   0 	1.5311e-14 	   0 	   0 	2.7844e-15 	   0 	   0 	1.4003e-14 	   0 	   0 	2.4939e-15 	   0 	   0 	1.102e-14 	   0 	   0 	2.6932e-14 	   0 	   0 	9.5743e-15 	   0 	   0 	
2.135e+04 	  0 	   0 	   0 	  0 	   0 	   0 	  0 	   0 	   0 	  0 	   0 	   0 	  0 	   0 	   0 	9.7428e-14 	   0 	   0 	1.538e-14 	   0 	   0 	3.851e-15 	 -5.6374e-20 	 -1.7514e-19 	2.5987e-18 	   0 	   0 	1.4846e-14 	   0 	   0 	1.2063e-16 	   0 	   0 	4.3808e-15 	   0 	   0 	3.7495e-15 	 8.0787e-19 	 -8.2245e-19 	3.9775e-15 	   0 	   0 	2.1505e-15 	   0 	   0 	5.4037e-14 	   0 	   0 	3.9251e-14 	   0 	   0 	1.1085e-14 	   0 	   0 	1.5542e-14 	   0 	   0 	5.8028e-15 	   0 	   0 	3.0698e-15 	   0 	   0 	7.6275e-15 	   0 	   0 	8.2026e-16 	   0 	   0 	8.23e-15 	   0 	   0 	1.1304e-14 	   0 	   0 	1.2543e-14 	   0 	   0 	5.3112e-15 	   0 	   0 	1.4917e-15 	   0 	   0 	1.5864e-14 	   0 	   0 	1.9636e-14 	   0 	   0 	
2.157e+04 	  0 	   0 	   0 	1.3584e-13 	   0 	   0 	8.9623e-18 	   0 	   0 	1.5978e-15 	   0 	   0 	7.1518e-15 	   0 	   0 	2.929e-14 	   0 	   0 	2.232e-16 	   0 	   0 	7.5785e-14 	   0 	   0 	3.6875e-14 	   0 	   0 	3.5261e-18 	   0 	   0 	3.5779e-16 	   0 	   0 	6.663e-15 	   0 	   0 	3.4144e-14 	   0 	   0 	1.5636e-14 	   0 	   0 	3.6146e-14 	   0 	   0 	5.7909e-14 	   0 	   0 	1.0588e-14 	   0 	   0 	1.8155e-14 	   0 	   0 	4.1237e-15 	   0 	   0 	1.9169e-14 	   0 	   0 	3.6665e-14 	   0 	   0 	3.6106e-14 	   0 	   0 	1.0506e-14 	   0 	   0 	3.6324e-15 	   0 	   0 	1.0788e-14 	   0 	   0 	1.2475e-14 	   0 	   0 	1.3204e-14 	   0 	   0 	4.2266e-15 	   0 	   0 	7.6079e-15 	   0 	   0 	3.9454e-16 	   0 	   0 	
2.179e+04 	  0 	   0 	   0 	  0 	   0 	   0 	4.3477e-14 	   0 	   0 	7.1989e-18 	   0 	   0 	  0 	   0 	   0 	3.9472e-15 	   0 	   0 	1.5611e-14 	   0 	   0 	2.4253e-16 	   0 	   0 	  0 	   0 	   0 	4.4833e-14 	   0 	   0 	2.4216e-14 	   0 	   0 	4.7839e-15 	   0 	   0 	2.1386e-14 	   0 	   0 	9.879e-17 	   0 	   0 	2.8326e-16 	   0 	   0 	1.1199e-14 	   0 	   0 	1.5381e-14 	   0 	   0 	1.0952e-15 	 5.5611e-16 	   0 	1.5714e-14 	   0 	   0 	1.9849e-14 	   0 	   0 	1.6689e-14 	   0 	   0 	1.3916e-14 	   0 	   0 	1.6952e-14 	   0 	   0 	1.3483e-14 	   0 	   0 	1.1761e-14 	   0 	   0 	3.489e-15 	   0 	   0 	8.3975e-15 	   0 	   0 	1.8618e-15 	   0 	   0 	3.9586e-15 	   0 	   0 	1.2011e-15 	   0 	   0 	
2.201e+04 	  0 	   0 	   0 	8.5737e-14 	   0 	   0 	  0 	   0 	   0 	1.0727e-14 	   0 	   0 	1.4373e-14 	   0 	   0 	1.0797e-14 	   0 	   0 	1.2042e-14 	   0 	   0 	2.1847e-14 	   0 	   0 	6.5399e-16 	   0 	   0 	1.1411e-14 	   0 	   0 	2.6841e-14 	   0 	   0 	2.5745e-14 	   0 	   0 	2.4401e-17 	   0 	   0 	4.5781e-14 	   0 	   0 	3.3739e-15 	   0 	   0 	1.6444e-16 	   0 	   0 	1.7196e-15 	 1.7726e-16 	 -1.9382e-16 	2.5825e-14 	   0 	   0 	1.1643e-14 	   0 	   0 	5.4726e-18 	   0 	   0 	1.6214e-14 	 -8.1369e-17 	 6.8097e-16 	1.0479e-14 	   0 	   0 	2.3402e-14 	   0 	   0 	1.9414e-14 	   0 	   0 	1.635e-14 	   0 	   0 	1.874e-16 	   0 	   0 	3.0135e-15 	   0 	   0 	2.6464e-15 	   0 	   0 	9.119e-15 	   0 	   0 	4.2535e-15 	   0 	   0 	
2.223e+04 	  0 	   0 	   0 	1.2981e-13 	   0 	   0 	2.2419e-14 	   0 	   0 	1.0202e-14 	   0 	   0 	  0 	   0 	   0 	9.9614e-14 	   0 	   0 	4.2312e-14 	   0 	   0 	2.1355e-17 	   0 	   0 	2.3372e-14 	   0 	   0 	1.5759e-14 	   0 	   0 	2.2663e-17 	   0 	   0 	5.215e-15 	   0 	   0 	1.0417e-14 	   0 	   0 	3.3639e-18 	   0 	   0 	1.7975e-14 	   0 	   0 	1.1946e-14 	   0 	   0 	5.7546e-18 	   0 	   0 	3.0196e-14 	   0 	   0 	4.4684e-14 	   0 	   0 	1.9836e-14 	   0 	   0 	5.8168e-15 	   0 	   0 	1.6413e-14 	   0 	   0 	5.7207e-15 	   0 	   0 	1.2125e-14 	   0 	   0 	4.4454e-15 	   0 	   0 	5.3493e-16 	   0 	   0 	7.6068e-15 	   0 	   0 	3.5693e-15 	 -3.295e-17 	 -7.9975e-17 	1.6338e-14 	   0 	   0 	1.6261e-14 	   0 	   0 	
2.245e+04 	  0 	   0 	   0 	  0 	   0 	   0 	  0 	   0 	   0 	1.2906e-13 	   0 	   0 	  0 	   0 	   0 	2.6416e-18 	   0 	   0 	4.3317e-14 	   0 	   0 	1.5229e-14 	   0 	   0 	2.6691e-14 	   0 	   0 	1.653e-14 	   0 	   0 	4.8163e-14 	   0 	   0 	2.2266e-18 	   0 	   0 	3.4085e-14 	   0 	   0 	8.6877e-18 	   0 	   0 	6.3397e-15 	   0 	   0 	6.7553e-16 	   0 	   0 	4.6828e-16 	   0 	   0 	3.3058e-14 	   0 	   0 	1.8121e-14 	   0 	   0 	2.4115e-15 	   0 	   0 	2.4282e-14 	   0 	   0 	6.5356e-15 	   0 	   0 	3.1832e-14 	   0 	   0 	5.1556e-16 	   0 	   0 	1.2044e-14 	   0 	   0 	1.43e-14 	   0 	   0 	1.1299e-14 	   0 	   0 	1.1804e-14 	   0 	   0 	4.1193e-15 	   0 	   0 	2.8865e-14 	   0 	   0 	
2.267e+04 	9.1449e-14 	   0 	   0 	  0 	   0 	   0 	  0 	   0 	   0 	9.5344e-15 	   0 	   0 	8.5681e-14 	   0 	   0 	1.6512e-14 	   0 	   0 	1.0317e-14 	   0 	   0 	6.904e-16 	   0 	   0 	4.4136e-14 	   0 	   0 	4.0087e-14 	   0 	   0 	2.8571e-14 	   0 	   0 	1.3643e-16 	   0 	   0 	1.304e-14 	   0 	   0 	4.6732e-17 	   0 	   0 	3.8541e-14 	   0 	   0 	3.0108e-17 	   0 	   0 	4.0403e-15 	   0 	   0 	1.3836e-14 	   0 	   0 	1.7546e-14 	   0 	   0 	6.0376e-15 	   0 	   0 	1.4461e-14 	   0 	   0 	1.1024e-14 	   0 	   0 	5.6277e-15 	   0 	   0 	4.7407e-15 	   0 	   0 	2.4842e-14 	   0 	   0 	3.206e-15 	   0 	   0 	1.6383e-14 	 -5.5926e-16 	 1.1061e-15 	1.2008e-14 	   0 	   0 	3.4866e-15 	   0 	   0 	3.7316e-14 	   0 	   0 	
2.289e+04 	  0 	   0 	   0 	  0 	   0 	   0 	  0 	   0 	   0 	1.3679e-15 	   0 	   0 	2.8454e-16 	   0 	   0 	  0 	   0 	   0 	4.2821e-14 	   0 	   0 	4.3809e-16 	   0 	   0 	1.7773e-18 	   0 	   0 	1.197e-16 	   0 	   0 	5.4946e-16 	   0 	   0 	6.5929e-16 	   0 	   0 	5.8292e-18 	   0 	   0 	3.1258e-16 	   0 	   0 	5.8574e-16 	   0 	   0 	1.904e-14 	   0 	   0 	8.9142e-17 	   0 	   0 	4.374e-15 	   0 	   0 	1.0045e-14 	   0 	   0 	3.242e-14 	   0 	   0 	6.4871e-15 	   0 	   0 	2.3844e-15 	   0 	   0 	2.3971e-15 	   0 	   0 	8.5415e-15 	   0 	   0 	7.4805e-16 	   0 	   0 	1.2007e-15 	   0 	   0 	6.9237e-16 	   0 	   0 	1.0689e-14 	   0 	   0 	8.0006e-15 	   0 	   0 	9.5662e-15 	   0 	   0 	
