1 
100
30 0.25 15.25 
1.110e+03 	1.9837e-16 	   0 	   0 	  0 	   0 	   0 	  0 	   0 	   0 	  0 	   0 	   0 	  0 	   0 	   0 	  0 	   0 	   0 	  0 	   0 	   0 	  0 	   0 	   0 	  0 	   0 	   0 	  0 	   0 	   0 	  0 	   0 	   0 	  0 	   0 	   0 	  0 	   0 	   0 	  0 	   0 	   0 	  0 	   0 	   0 	  0 	   0 	   0 	  0 	   0 	   0 	  0 	   0 	   0 	  0 	   0 	   0 	  0 	   0 	   0 	  0 	   0 	   0 	  0 	   0 	   0 	  0 	   0 	   0 	  0 	   0 	   0 	  0 	   0 	   0 	  0 	   0 	   0 	  0 	   0 	   0 	  0 	   0 	   0 	  0 	   0 	   0 	  0 	   0 	   0 	
1.330e+03 	9.5512e-15 	 -6.252e-21 	 5.2579e-20 	3.9866e-21 	   0 	   0 	  0 	   0 	   0 	  0 	   0 	   0 	  0 	   0 	   0 	  0 	   0 	   0 	  0 	   0 	   0 	  0 	   0 	   0 	  0 	   0 	   0 	  0 	   0 	   0 	  0 	   0 	   0 	  0 	   0 	   0 	  0 	   0 	   0 	  0 	   0 	   0 	  0 	   0 	   0 	  0 	   0 	   0 	  0 	   0 	   0 	  0 	   0 	   0 	  0 	   0 	   0 	  0 	   0 	   0 	  0 	   0 	   0 	  0 	   0 	   0 	  0 	   0 	   0 	  0 	   0 	   0 	  0 	   0 	   0 	  0 	   0 	   0 	  0 	   0 	   0 	  0 	   0 	   0 	  0 	   0 	   0 	  0 	   0 	   0 	
1.550e+03 	9.1378e-14 	 2.7333e-18 	 -1.7898e-18 	1.4977e-17 	   0 	   0 	6.2867e-19 	   0 	   0 	  0 	   0 	   0 	  0 	   0 	   0 	  0 	   0 	   0 	  0 	   0 	   0 	  0 	   0 	   0 	  0 	   0 	   0 	  0 	   0 	   0 	  0 	   0 	   0 	  0 	   0 	   0 	  0 	   0 	   0 	  0 	   0 	   0 	  0 	   0 	   0 	  0 	   0 	   0 	  0 	   0 	   0 	  0 	   0 	   0 	  0 	   0 	   0 	  0 	   0 	   0 	  0 	   0 	   0 	  0 	   0 	   0 	  0 	   0 	   0 	  0 	   0 	   0 	  0 	   0 	   0 	  0 	   0 	   0 	  0 	   0 	   0 	  0 	   0 	   0 	  0 	   0 	   0 	  0 	   0 	   0 	
1.770e+03 	6.8409e-14 	 -4.0993e-18 	 -1.0788e-18 	4.5567e-17 	   0 	   0 	4.6304e-18 	   0 	   0 	3.185e-19 	   0 	   0 	  0 	   0 	   0 	  0 	   0 	   0 	  0 	   0 	   0 	  0 	   0 	   0 	  0 	   0 	   0 	  0 	   0 	   0 	  0 	   0 	   0 	  0 	   0 	   0 	  0 	   0 	   0 	  0 	   0 	   0 	  0 	   0 	   0 	  0 	   0 	   0 	  0 	   0 	   0 	  0 	   0 	   0 	  0 	   0 	   0 	  0 	   0 	   0 	  0 	   0 	   0 	  0 	   0 	   0 	  0 	   0 	   0 	  0 	   0 	   0 	  0 	   0 	   0 	  0 	   0 	   0 	  0 	   0 	   0 	  0 	   0 	   0 	  0 	   0 	   0 	  0 	   0 	   0 	
1.990e+03 	3.824e-13 	 1.2442e-18 	 -1.7698e-19 	1.5975e-16 	   0 	   0 	1.3279e-17 	   0 	   0 	8.8814e-17 	   0 	   0 	  0 	   0 	   0 	1.6854e-21 	   0 	   0 	1.4617e-22 	   0 	   0 	  0 	   0 	   0 	  0 	   0 	   0 	  0 	   0 	   0 	  0 	   0 	   0 	  0 	   0 	   0 	  0 	   0 	   0 	  0 	   0 	   0 	  0 	   0 	   0 	  0 	   0 	   0 	  0 	   0 	   0 	  0 	   0 	   0 	  0 	   0 	   0 	  0 	   0 	   0 	  0 	   0 	   0 	  0 	   0 	   0 	  0 	   0 	   0 	  0 	   0 	   0 	  0 	   0 	   0 	  0 	   0 	   0 	  0 	   0 	   0 	  0 	   0 	   0 	  0 	   0 	   0 	  0 	   0 	   0 	
2.210e+03 	2.4388e-13 	 3.1873e-18 	 -2.2504e-18 	6.19e-15 	   0 	   0 	1.7276e-15 	   0 	   0 	5.6224e-16 	   0 	   0 	3.1227e-17 	   0 	   0 	6.165e-20 	   0 	   0 	1.2108e-27 	   0 	   0 	  0 	   0 	   0 	  0 	   0 	   0 	  0 	   0 	   0 	  0 	   0 	   0 	  0 	   0 	   0 	  0 	   0 	   0 	  0 	   0 	   0 	  0 	   0 	   0 	  0 	   0 	   0 	  0 	   0 	   0 	  0 	   0 	   0 	  0 	   0 	   0 	  0 	   0 	   0 	  0 	   0 	   0 	  0 	   0 	   0 	  0 	   0 	   0 	  0 	   0 	   0 	  0 	   0 	   0 	  0 	   0 	   0 	  0 	   0 	   0 	  0 	   0 	   0 	  0 	   0 	   0 	  0 	   0 	   0 	
2.430e+03 	9.9805e-14 	 7.317e-18 	 1.0363e-18 	2.0779e-14 	   0 	   0 	7.1159e-16 	 2.2479e-19 	 1.1529e-19 	8.2812e-17 	   0 	   0 	8.9774e-18 	   0 	   0 	1.2948e-18 	   0 	   0 	1.9008e-36 	   0 	   0 	1.8342e-19 	   0 	   0 	  0 	   0 	   0 	  0 	   0 	   0 	  0 	   0 	   0 	  0 	   0 	   0 	  0 	   0 	   0 	  0 	   0 	   0 	  0 	   0 	   0 	  0 	   0 	   0 	  0 	   0 	   0 	  0 	   0 	   0 	  0 	   0 	   0 	  0 	   0 	   0 	  0 	   0 	   0 	  0 	   0 	   0 	  0 	   0 	   0 	  0 	   0 	   0 	  0 	   0 	   0 	  0 	   0 	   0 	  0 	   0 	   0 	  0 	   0 	   0 	  0 	   0 	   0 	  0 	   0 	   0 	
2.650e+03 	1.5843e-13 	 7.7964e-18 	 1.2975e-17 	2.1893e-14 	   0 	   0 	1.8015e-14 	   0 	   0 	8.6362e-15 	 2.6874e-16 	 -4.9966e-16 	6.9684e-15 	   0 	   0 	1.4443e-18 	   0 	   0 	5.6595e-19 	   0 	   0 	3.3346e-15 	   0 	   0 	9.1191e-20 	   0 	   0 	6.678e-20 	   0 	   0 	  0 	   0 	   0 	1.8793e-25 	   0 	   0 	  0 	   0 	   0 	  0 	   0 	   0 	  0 	   0 	   0 	  0 	   0 	   0 	  0 	   0 	   0 	  0 	   0 	   0 	  0 	   0 	   0 	  0 	   0 	   0 	  0 	   0 	   0 	  0 	   0 	   0 	  0 	   0 	   0 	  0 	   0 	   0 	  0 	   0 	   0 	  0 	   0 	   0 	  0 	   0 	   0 	  0 	   0 	   0 	  0 	   0 	   0 	  0 	   0 	   0 	
2.870e+03 	2.2945e-13 	 -1.0869e-17 	 7.575e-18 	4.0324e-14 	 -8.8506e-20 	 4.2063e-19 	1.2914e-14 	   0 	   0 	1.4081e-14 	   0 	   0 	4.4151e-15 	   0 	   0 	1.0213e-14 	   0 	   0 	5.3781e-16 	   0 	   0 	3.0923e-15 	   0 	   0 	1.1695e-19 	   0 	   0 	1.5473e-15 	   0 	   0 	4.9233e-20 	   0 	   0 	7.1718e-189 	   0 	   0 	1.0949e-19 	   0 	   0 	  0 	   0 	   0 	1.4858e-15 	   0 	   0 	  0 	   0 	   0 	  0 	   0 	   0 	  0 	   0 	   0 	  0 	   0 	   0 	  0 	   0 	   0 	  0 	   0 	   0 	  0 	   0 	   0 	  0 	   0 	   0 	  0 	   0 	   0 	  0 	   0 	   0 	  0 	   0 	   0 	  0 	   0 	   0 	  0 	   0 	   0 	  0 	   0 	   0 	  0 	   0 	   0 	
3.090e+03 	3.4763e-13 	 -1.7336e-14 	 -3.0531e-15 	6.2412e-14 	 -1.7442e-19 	 5.5629e-19 	6.5744e-14 	   0 	   0 	2.8282e-14 	   0 	   0 	3.5127e-15 	   0 	   0 	5.9667e-15 	   0 	   0 	4.3681e-15 	   0 	   0 	8.5488e-19 	   0 	   0 	3.3244e-15 	   0 	   0 	7.5537e-19 	   0 	   0 	4.3644e-17 	   0 	   0 	3.0025e-18 	   0 	   0 	4.8124e-33 	   0 	   0 	1.0989e-19 	   0 	   0 	  0 	   0 	   0 	  0 	   0 	   0 	  0 	   0 	   0 	  0 	   0 	   0 	1.253e-75 	   0 	   0 	  0 	   0 	   0 	  0 	   0 	   0 	  0 	   0 	   0 	  0 	   0 	   0 	  0 	   0 	   0 	  0 	   0 	   0 	  0 	   0 	   0 	  0 	   0 	   0 	  0 	   0 	   0 	  0 	   0 	   0 	  0 	   0 	   0 	
3.310e+03 	3.8299e-13 	 -5.1443e-16 	 8.2055e-16 	1.1636e-13 	 -2.4548e-18 	 2.7292e-18 	2.8598e-14 	   0 	   0 	1.2467e-14 	 -2.359e-20 	 2.284e-20 	6.0689e-15 	   0 	   0 	1.8104e-14 	   0 	   0 	4.0621e-15 	   0 	   0 	1.0307e-14 	   0 	   0 	7.0668e-15 	   0 	   0 	3.0471e-16 	   0 	   0 	6.5331e-21 	   0 	   0 	1.1765e-15 	   0 	   0 	1.8981e-15 	   0 	   0 	2.5201e-22 	   0 	   0 	9.4305e-21 	   0 	   0 	5.6226e-73 	   0 	   0 	4.2087e-21 	   0 	   0 	  0 	   0 	   0 	2.7038e-62 	   0 	   0 	  0 	   0 	   0 	  0 	   0 	   0 	  0 	   0 	   0 	  0 	   0 	   0 	  0 	   0 	   0 	  0 	   0 	   0 	  0 	   0 	   0 	  0 	   0 	   0 	  0 	   0 	   0 	  0 	   0 	   0 	  0 	   0 	   0 	
3.530e+03 	1.9525e-13 	 -5.2483e-18 	 -1.2512e-19 	1.2058e-13 	 5.2692e-20 	 1.3096e-19 	9.0979e-14 	 3.9274e-19 	 1.1551e-19 	4.0142e-14 	 -1.7488e-21 	 -2.7858e-21 	2.058e-14 	   0 	   0 	8.5312e-15 	   0 	   0 	8.8899e-15 	   0 	   0 	7.4156e-15 	   0 	   0 	5.0537e-15 	   0 	   0 	4.1848e-15 	   0 	   0 	3.7206e-15 	   0 	   0 	1.8396e-18 	   0 	   0 	5.7279e-17 	   0 	   0 	6.3166e-20 	   0 	   0 	1.6511e-15 	   0 	   0 	2.9311e-20 	   0 	   0 	2.8168e-21 	   0 	   0 	1.1289e-16 	   0 	   0 	6.6338e-37 	   0 	   0 	1.6217e-53 	   0 	   0 	3.9922e-49 	   0 	   0 	  0 	   0 	   0 	2.7929e-45 	   0 	   0 	  0 	   0 	   0 	  0 	   0 	   0 	  0 	   0 	   0 	  0 	   0 	   0 	  0 	   0 	   0 	  0 	   0 	   0 	  0 	   0 	   0 	
3.750e+03 	1.0284e-13 	 3.7718e-17 	 -1.135e-16 	1.4031e-13 	 1.2569e-18 	 -5.2652e-19 	7.1176e-14 	 -5.328e-19 	 1.4218e-19 	5.0603e-14 	 6.1222e-20 	 1.9387e-19 	4.3344e-14 	 1.7641e-19 	 -1.5528e-19 	3.5475e-14 	   0 	   0 	1.7608e-14 	   0 	   0 	1.4926e-14 	   0 	   0 	5.9726e-15 	   0 	   0 	2.5234e-15 	   0 	   0 	6.4773e-15 	   0 	   0 	1.1921e-16 	   0 	   0 	3.4883e-15 	   0 	   0 	1.0478e-16 	   0 	   0 	2.2757e-19 	   0 	   0 	1.4614e-15 	   0 	   0 	8.2711e-16 	   0 	   0 	8.619e-49 	   0 	   0 	4.1134e-48 	   0 	   0 	6.779e-20 	   0 	   0 	2.4806e-20 	   0 	   0 	  0 	   0 	   0 	8.9963e-16 	   0 	   0 	1.3541e-39 	   0 	   0 	  0 	   0 	   0 	1.943e-25 	   0 	   0 	  0 	   0 	   0 	  0 	   0 	   0 	  0 	   0 	   0 	5.5324e-32 	   0 	   0 	
3.970e+03 	2.9793e-13 	 -1.7444e-15 	 -7.6772e-16 	2.6382e-13 	 1.2605e-16 	 -2.9768e-16 	1.2277e-13 	 4.3709e-21 	 5.0058e-21 	3.464e-14 	 3.6304e-19 	 1.4041e-19 	6.8183e-14 	 -1.8268e-21 	 -1.3876e-21 	3.1811e-14 	   0 	   0 	3.6529e-14 	   0 	   0 	1.834e-14 	   0 	   0 	9.9975e-15 	   0 	   0 	1.5413e-14 	   0 	   0 	3.4291e-15 	   0 	   0 	4.4848e-15 	   0 	   0 	2.0055e-15 	   0 	   0 	5.1102e-17 	   0 	   0 	9.9365e-16 	   0 	   0 	3.5334e-19 	   0 	   0 	9.4177e-20 	   0 	   0 	1.6503e-17 	   0 	   0 	6.4869e-20 	   0 	   0 	9.8742e-17 	   0 	   0 	4.8828e-20 	   0 	   0 	6.8191e-16 	   0 	   0 	3.935e-16 	   0 	   0 	9.5776e-16 	   0 	   0 	2.3803e-20 	   0 	   0 	4.9259e-33 	   0 	   0 	  0 	   0 	   0 	5.0058e-31 	   0 	   0 	  0 	   0 	   0 	  0 	   0 	   0 	
4.190e+03 	4.325e-13 	 -4.2122e-19 	 8.9711e-18 	2.441e-13 	 -1.3743e-18 	 1.6971e-17 	1.6559e-13 	 -4.5923e-19 	 -8.0326e-20 	4.3564e-14 	 3.4125e-19 	 -5.8939e-20 	4.2155e-14 	   0 	   0 	3.9742e-14 	   0 	   0 	1.9032e-14 	   0 	   0 	2.2704e-14 	   0 	   0 	1.5175e-14 	   0 	   0 	6.6838e-15 	   0 	   0 	4.4291e-15 	   0 	   0 	3.7469e-15 	   0 	   0 	4.8768e-15 	   0 	   0 	8.6554e-16 	   0 	   0 	2.3718e-15 	   0 	   0 	9.5481e-16 	   0 	   0 	3.219e-17 	   0 	   0 	1.1522e-15 	   0 	   0 	9.4463e-20 	   0 	   0 	1.0981e-15 	   0 	   0 	1.0689e-19 	   0 	   0 	5.0767e-24 	   0 	   0 	4.4828e-26 	   0 	   0 	1.2151e-31 	   0 	   0 	1.9265e-30 	   0 	   0 	2.513e-16 	   0 	   0 	8.4795e-29 	   0 	   0 	  0 	   0 	   0 	1.4323e-27 	   0 	   0 	  0 	   0 	   0 	
4.410e+03 	3.3771e-13 	 -5.0682e-14 	 -2.6978e-14 	2.6938e-13 	 -2.2502e-16 	 1.4324e-15 	2.9624e-13 	 -3.4432e-19 	 1.8951e-19 	7.8515e-14 	   0 	   0 	6.2514e-14 	   0 	   0 	3.222e-14 	   0 	   0 	2.8451e-14 	 -5.5507e-20 	 1.3626e-19 	3.4239e-14 	   0 	   0 	1.4796e-14 	   0 	   0 	1.2783e-14 	   0 	   0 	1.0519e-14 	   0 	   0 	1.7113e-15 	   0 	   0 	7.3877e-15 	   0 	   0 	1.2953e-15 	   0 	   0 	9.7141e-16 	   0 	   0 	1.5681e-15 	   0 	   0 	3.8459e-19 	   0 	   0 	8.0578e-16 	   0 	   0 	3.2762e-15 	   0 	   0 	1.2835e-19 	   0 	   0 	7.0859e-16 	   0 	   0 	5.4447e-18 	   0 	   0 	9.8472e-16 	   0 	   0 	7.5414e-21 	   0 	   0 	8.6998e-20 	   0 	   0 	1.1605e-33 	   0 	   0 	1.7197e-28 	   0 	   0 	2.2324e-27 	   0 	   0 	4.3986e-26 	   0 	   0 	4.665e-21 	   0 	   0 	
4.630e+03 	4.4066e-13 	 -6.7298e-16 	 4.9101e-16 	3.8563e-13 	 -1.9435e-18 	 -2.1096e-18 	2.3326e-13 	 4.0614e-20 	 1.0043e-18 	7.9123e-14 	   0 	   0 	7.2718e-14 	   0 	   0 	5.0214e-14 	   0 	   0 	5.0067e-14 	   0 	   0 	1.547e-14 	   0 	   0 	2.2196e-14 	   0 	   0 	1.8138e-14 	   0 	   0 	1.1451e-14 	   0 	   0 	7.0944e-17 	   0 	   0 	5.1263e-15 	   0 	   0 	1.7758e-15 	   0 	   0 	4.9122e-15 	   0 	   0 	5.1614e-15 	   0 	   0 	7.2718e-17 	   0 	   0 	2.5125e-15 	   0 	   0 	2.2449e-15 	   0 	   0 	5.4492e-18 	   0 	   0 	4.6694e-20 	   0 	   0 	7.7402e-19 	   0 	   0 	5.738e-21 	   0 	   0 	9.2756e-16 	   0 	   0 	8.7556e-26 	   0 	   0 	2.878e-21 	   0 	   0 	4.7793e-16 	   0 	   0 	1.9822e-20 	   0 	   0 	6.2316e-24 	   0 	   0 	1.0876e-24 	   0 	   0 	
4.850e+03 	8.8869e-13 	 5.7743e-14 	 5.7992e-14 	4.7484e-13 	 3.3758e-18 	 4.3573e-18 	2.605e-13 	 -3.4428e-18 	 8.3176e-18 	1.271e-13 	 -3.2287e-20 	 -3.8598e-19 	9.2427e-14 	 -1.0605e-19 	 1.6103e-19 	3.2595e-14 	   0 	   0 	3.3707e-14 	   0 	   0 	2.0683e-14 	   0 	   0 	2.9318e-14 	   0 	   0 	2.5533e-14 	   0 	   0 	6.1072e-15 	   0 	   0 	1.0972e-14 	   0 	   0 	1.2675e-14 	   0 	   0 	3.9324e-15 	   0 	   0 	7.4192e-15 	   0 	   0 	3.7433e-15 	   0 	   0 	9.0713e-16 	   0 	   0 	3.7101e-15 	   0 	   0 	2.2962e-15 	   0 	   0 	2.2738e-15 	   0 	   0 	6.0606e-18 	   0 	   0 	4.7835e-16 	   0 	   0 	1.0409e-15 	   0 	   0 	2.1083e-20 	   0 	   0 	5.6696e-16 	   0 	   0 	1.2827e-19 	   0 	   0 	1.6896e-23 	   0 	   0 	3.3424e-23 	   0 	   0 	2.6775e-21 	   0 	   0 	1.39e-22 	   0 	   0 	
5.070e+03 	5.1698e-13 	 9.197e-17 	 -9.545e-18 	2.5009e-13 	 -8.6914e-19 	 -1.7047e-18 	2.5427e-13 	   0 	   0 	1.9083e-13 	   0 	   0 	9.0705e-14 	   0 	   0 	5.7331e-14 	   0 	   0 	5.7522e-14 	   0 	   0 	4.2177e-14 	 -3.5124e-20 	 1.0998e-19 	2.6462e-14 	   0 	   0 	2.2423e-14 	   0 	   0 	1.2348e-14 	   0 	   0 	1.603e-14 	   0 	   0 	1.0035e-14 	   0 	   0 	4.1971e-15 	   0 	   0 	2.3621e-15 	   0 	   0 	3.7531e-15 	   0 	   0 	1.6615e-15 	   0 	   0 	1.9522e-15 	   0 	   0 	2.8266e-15 	   0 	   0 	1.2141e-15 	   0 	   0 	8.0582e-17 	   0 	   0 	3.2334e-16 	   0 	   0 	1.0395e-15 	   0 	   0 	2.358e-15 	   0 	   0 	2.3432e-16 	   0 	   0 	1.0209e-19 	   0 	   0 	2.5043e-20 	   0 	   0 	4.9812e-20 	   0 	   0 	5.1003e-23 	   0 	   0 	3.1045e-20 	   0 	   0 	
5.290e+03 	8.445e-13 	 -2.9615e-14 	 4.1406e-14 	4.4423e-13 	 1.9131e-16 	 -3.2248e-16 	1.3257e-13 	 -4.4272e-19 	 -1.0622e-18 	1.5567e-13 	   0 	   0 	1.1393e-13 	 9.1445e-18 	 -1.0649e-17 	6.7708e-14 	   0 	   0 	5.2454e-14 	 5.1647e-17 	 -1.6736e-16 	3.7074e-14 	   0 	   0 	3.8833e-14 	 3.0833e-20 	 -1.9166e-20 	2.4711e-14 	   0 	   0 	2.158e-14 	   0 	   0 	1.1911e-14 	   0 	   0 	1.3112e-14 	   0 	   0 	9.1663e-15 	 3.7115e-18 	 -1.1948e-17 	7.0775e-15 	   0 	   0 	1.5662e-15 	   0 	   0 	6.5251e-15 	   0 	   0 	5.8254e-15 	   0 	   0 	1.5626e-15 	   0 	   0 	3.0364e-15 	   0 	   0 	1.2877e-15 	   0 	   0 	9.8484e-16 	   0 	   0 	3.2158e-15 	   0 	   0 	4.2835e-16 	   0 	   0 	9.2978e-16 	   0 	   0 	5.7937e-16 	   0 	   0 	1.7615e-17 	   0 	   0 	4.5241e-20 	   0 	   0 	4.5557e-18 	   0 	   0 	3.6066e-20 	   0 	   0 	
5.510e+03 	6.7582e-13 	 9.7462e-15 	 2.3297e-14 	5.0418e-13 	 3.5283e-15 	 -4.8222e-15 	2.7988e-13 	 8.7597e-20 	 2.6307e-21 	1.5329e-13 	   0 	   0 	1.0492e-13 	 1.9437e-19 	 -1.7527e-19 	7.5939e-14 	   0 	   0 	4.9374e-14 	 -1.3912e-19 	 -2.2314e-20 	4.9837e-14 	   0 	   0 	3.1929e-14 	   0 	   0 	2.4122e-14 	   0 	   0 	1.0649e-14 	   0 	   0 	1.6202e-14 	   0 	   0 	8.8422e-15 	   0 	   0 	8.0041e-15 	   0 	   0 	7.4973e-15 	   0 	   0 	6.5538e-15 	   0 	   0 	2.8338e-15 	   0 	   0 	5.8705e-15 	   0 	   0 	6.5617e-17 	   0 	   0 	1.2936e-15 	   0 	   0 	2.6394e-15 	   0 	   0 	1.1373e-15 	   0 	   0 	1.0342e-16 	   0 	   0 	1.8395e-17 	   0 	   0 	7.6103e-16 	   0 	   0 	5.454e-19 	   0 	   0 	6.6856e-18 	   0 	   0 	2.5418e-17 	   0 	   0 	1.8003e-17 	   0 	   0 	8.239e-20 	   0 	   0 	
5.730e+03 	7.5256e-13 	 -7.2689e-15 	 -1.2457e-13 	5.1995e-13 	 1.3323e-16 	 5.7675e-16 	2.4246e-13 	 -1.1982e-19 	 -7.3405e-20 	1.9346e-13 	 -3.0684e-15 	 -4.1163e-15 	1.1314e-13 	 -7.8738e-22 	 3.3164e-21 	1.1879e-13 	 -4.4951e-20 	 9.3732e-20 	4.3139e-14 	   0 	   0 	4.3281e-14 	 2.2793e-24 	 3.4317e-23 	4.5859e-14 	 3.4517e-18 	 6.0036e-18 	2.7485e-14 	   0 	   0 	1.171e-14 	   0 	   0 	1.363e-14 	   0 	   0 	1.9072e-14 	   0 	   0 	3.5056e-15 	   0 	   0 	8.6442e-15 	   0 	   0 	8.6214e-15 	   0 	   0 	4.0151e-15 	   0 	   0 	4.1216e-15 	   0 	   0 	3.5396e-15 	   0 	   0 	4.7161e-15 	   0 	   0 	7.5235e-17 	   0 	   0 	2.1266e-15 	   0 	   0 	1.4863e-15 	   0 	   0 	1.0285e-15 	   0 	   0 	2.9021e-16 	   0 	   0 	7.3826e-16 	   0 	   0 	1.8546e-19 	   0 	   0 	8.1354e-16 	   0 	   0 	1.6266e-19 	   0 	   0 	6.8601e-20 	   0 	   0 	
5.950e+03 	6.8159e-13 	 -5.9181e-14 	 -1.0804e-14 	5.0051e-13 	 1.339e-15 	 -2.2039e-14 	2.9902e-13 	 -1.2288e-16 	 1.63e-16 	1.497e-13 	 1.0277e-17 	 -6.1794e-17 	1.2854e-13 	 -5.813e-15 	 -2.2292e-15 	9.793e-14 	 -1.2148e-19 	 4.9951e-20 	7.1575e-14 	 -1.2692e-17 	 -1.0175e-17 	4.7334e-14 	 1.188e-16 	 1.9515e-16 	3.3114e-14 	   0 	   0 	2.9671e-14 	   0 	   0 	1.9468e-14 	   0 	   0 	1.3908e-14 	   0 	   0 	2.1902e-14 	   0 	   0 	1.0786e-14 	   0 	   0 	1.536e-14 	   0 	   0 	9.5536e-15 	   0 	   0 	7.7676e-15 	   0 	   0 	7.8595e-15 	   0 	   0 	5.3947e-15 	   0 	   0 	2.156e-15 	   0 	   0 	2.9917e-15 	   0 	   0 	3.6434e-16 	   0 	   0 	7.2293e-17 	   0 	   0 	3.391e-15 	   0 	   0 	1.2165e-15 	   0 	   0 	4.1652e-17 	   0 	   0 	2.2842e-15 	   0 	   0 	2.6902e-16 	   0 	   0 	2.2213e-17 	   0 	   0 	2.1128e-19 	   0 	   0 	
6.170e+03 	7.1163e-13 	 -6.4763e-16 	 1.4344e-14 	3.9897e-13 	 -3.1989e-15 	 -1.4613e-14 	3.4405e-13 	 -5.8111e-19 	 -4.5866e-19 	1.5621e-13 	   0 	   0 	1.0906e-13 	   0 	   0 	8.3045e-14 	 1.7018e-20 	 1.5615e-19 	6.21e-14 	   0 	   0 	5.8177e-14 	 -2.4901e-21 	 9.5694e-22 	4.6449e-14 	 3.0639e-16 	 3.5076e-16 	3.0321e-14 	 2.1298e-20 	 -1.1111e-20 	1.4676e-14 	   0 	   0 	1.6058e-14 	   0 	   0 	3.2447e-14 	   0 	   0 	1.0462e-14 	   0 	   0 	7.3734e-15 	   0 	   0 	1.1011e-14 	   0 	   0 	8.5859e-15 	   0 	   0 	6.638e-15 	   0 	   0 	4.6241e-15 	   0 	   0 	1.2727e-15 	   0 	   0 	1.5675e-15 	   0 	   0 	3.1249e-15 	   0 	   0 	2.4897e-15 	   0 	   0 	1.1942e-15 	   0 	   0 	1.0797e-15 	   0 	   0 	1.165e-15 	   0 	   0 	9.0967e-16 	   0 	   0 	1.9579e-16 	   0 	   0 	1.9463e-16 	   0 	   0 	2.6347e-16 	   0 	   0 	
6.390e+03 	4.2239e-13 	 3.2084e-14 	 3.7926e-15 	7.003e-13 	 -2.1041e-14 	 8.1499e-15 	3.4538e-13 	 2.404e-16 	 5.4861e-17 	1.9967e-13 	 -4.1851e-20 	 -4.0137e-20 	1.1122e-13 	 -2.9662e-20 	 -5.1671e-20 	1.4639e-13 	 4.8641e-17 	 2.0159e-17 	4.663e-14 	 -2.3578e-37 	 -2.1319e-37 	4.8028e-14 	 7.5452e-22 	 -1.0938e-21 	4.3563e-14 	   0 	   0 	3.825e-14 	   0 	   0 	2.9182e-14 	   0 	   0 	1.9676e-14 	 1.1818e-18 	 -1.2753e-18 	2.6529e-14 	   0 	   0 	1.2441e-14 	   0 	   0 	8.722e-15 	   0 	   0 	8.2059e-15 	   0 	   0 	1.2703e-14 	   0 	   0 	2.5483e-15 	   0 	   0 	8.8493e-15 	   0 	   0 	2.5044e-15 	   0 	   0 	4.5814e-15 	   0 	   0 	1.4516e-15 	   0 	   0 	4.699e-15 	   0 	   0 	2.0407e-15 	   0 	   0 	8.2314e-16 	   0 	   0 	1.2177e-15 	   0 	   0 	1.788e-15 	   0 	   0 	6.0184e-16 	   0 	   0 	3.8868e-16 	   0 	   0 	1.3504e-15 	   0 	   0 	
6.610e+03 	3.0618e-13 	 -6.0142e-14 	 -1.1278e-13 	5.009e-13 	 1.4746e-14 	 9.4416e-16 	3.6029e-13 	 -1.268e-16 	 -5.8148e-16 	2.8231e-13 	 8.8401e-18 	 -3.8211e-18 	1.1505e-13 	 -3.5482e-15 	 9.4201e-16 	9.4018e-14 	   0 	   0 	9.3153e-14 	 -2.79e-20 	 -1.6223e-21 	6.6376e-14 	 -3.2628e-32 	 3.4455e-33 	5.833e-14 	 7.7211e-17 	 -8.1409e-17 	4.2984e-14 	   0 	   0 	1.801e-14 	   0 	   0 	2.029e-14 	 1.7741e-22 	 -2.3223e-22 	1.5062e-14 	   0 	   0 	1.2166e-14 	   0 	   0 	9.6474e-15 	   0 	   0 	2.1853e-14 	   0 	   0 	2.0503e-15 	   0 	   0 	1.0145e-14 	   0 	   0 	1.1957e-14 	 1.003e-22 	 3.2646e-22 	2.07e-15 	 8.2445e-23 	 -3.7364e-23 	8.4736e-15 	   0 	   0 	3.6323e-15 	   0 	   0 	8.8322e-16 	   0 	   0 	5.2721e-15 	   0 	   0 	3.2857e-15 	   0 	   0 	2.4233e-15 	   0 	   0 	9.0148e-16 	   0 	   0 	3.2945e-16 	   0 	   0 	4.6609e-16 	   0 	   0 	3.9655e-16 	   0 	   0 	
6.830e+03 	2.4475e-13 	 -1.8291e-14 	 -4.465e-15 	4.9661e-13 	 -7.7171e-15 	 2.0053e-16 	3.3619e-13 	 -2.161e-16 	 1.7541e-16 	2.1317e-13 	   0 	   0 	1.3314e-13 	 -4.1453e-18 	 1.4366e-18 	1.3818e-13 	 -4.1354e-20 	 3.5175e-21 	7.3964e-14 	 1.7933e-81 	 8.1847e-79 	7.969e-14 	 -4.5191e-20 	 -2.4234e-20 	6.7198e-14 	   0 	   0 	3.1206e-14 	 6.2333e-23 	 3.6884e-23 	2.5785e-14 	   0 	   0 	3.1701e-14 	   0 	   0 	2.4296e-14 	   0 	   0 	2.0617e-14 	   0 	   0 	1.5578e-14 	   0 	   0 	8.2014e-15 	   0 	   0 	1.1252e-14 	   0 	   0 	7.6657e-15 	   0 	   0 	1.0332e-14 	   0 	   0 	8.2963e-15 	   0 	   0 	5.1907e-15 	 -1.6452e-21 	 -1.2568e-21 	3.0666e-15 	   0 	   0 	2.907e-15 	   0 	   0 	2.1769e-15 	 6.791e-23 	 -8.0884e-23 	5.0347e-15 	   0 	   0 	5.8877e-16 	   0 	   0 	6.7737e-16 	   0 	   0 	9.2344e-16 	   0 	   0 	1.9764e-15 	   0 	   0 	7.0738e-17 	   0 	   0 	
7.050e+03 	5.4768e-13 	 -1.551e-14 	 -6.3994e-14 	4.607e-13 	 -5.7722e-19 	 5.6423e-19 	3.1162e-13 	 -4.6531e-15 	 -6.8678e-15 	1.8768e-13 	 2.1702e-16 	 4.6306e-16 	1.5815e-13 	   0 	   0 	7.5939e-14 	 -1.2301e-15 	 -1.2303e-16 	7.4028e-14 	 -1.7377e-20 	 -7.0036e-20 	6.7104e-14 	   0 	   0 	4.0157e-14 	   0 	   0 	3.8944e-14 	 -1.8938e-16 	 8.9472e-16 	3.3661e-14 	   0 	   0 	2.8161e-14 	 4.4723e-24 	   0 	1.7742e-14 	   0 	   0 	2.8749e-14 	   0 	   0 	1.9836e-14 	   0 	   0 	1.5042e-14 	 2.3007e-24 	 -1.3373e-23 	1.9706e-14 	 8.9602e-22 	 2.2536e-21 	6.1696e-15 	 9.8196e-22 	   0 	5.331e-15 	   0 	   0 	4.6871e-15 	   0 	   0 	4.9989e-15 	   0 	   0 	7.1878e-15 	   0 	   0 	2.6187e-15 	 9.5716e-22 	   0 	2.8581e-15 	   0 	   0 	3.398e-15 	 1.1385e-21 	 3.0643e-21 	2.5484e-15 	   0 	   0 	8.3979e-16 	   0 	   0 	1.187e-15 	   0 	   0 	1.4676e-15 	   0 	   0 	5.0586e-17 	   0 	   0 	
7.270e+03 	3.3918e-13 	 -5.305e-15 	 -2.3608e-14 	3.3936e-13 	 2.6779e-17 	 -7.9444e-18 	2.5206e-13 	 4.5245e-15 	 6.7283e-15 	2.6782e-13 	   0 	   0 	1.4189e-13 	 -1.8477e-15 	 1.2531e-15 	1.0768e-13 	   0 	   0 	1.1342e-13 	 -1.5621e-15 	 2.747e-15 	5.6264e-14 	 -1.0379e-20 	 -2.361e-20 	5.2967e-14 	 5.4102e-17 	 -1.0804e-16 	4.369e-14 	 -8.5958e-17 	 2.5903e-17 	4.728e-14 	   0 	   0 	7.6068e-15 	   0 	   0 	2.2002e-14 	 -8.7098e-17 	 3.529e-16 	2.9695e-14 	 5.9654e-17 	 1.2342e-15 	1.3986e-14 	 1.4199e-21 	   0 	1.763e-14 	   0 	   0 	1.7738e-14 	   0 	   0 	9.4187e-15 	   0 	   0 	9.1522e-15 	   0 	   0 	8.2125e-15 	   0 	   0 	8.4084e-15 	   0 	   0 	4.3659e-15 	   0 	   0 	7.7474e-15 	   0 	   0 	4.1194e-15 	   0 	   0 	5.8564e-15 	   0 	   0 	6.2155e-15 	   0 	   0 	2.2998e-15 	   0 	   0 	8.7541e-16 	   0 	   0 	1.6349e-15 	   0 	   0 	1.4411e-15 	   0 	   0 	
7.490e+03 	5.998e-13 	 -3.1224e-14 	 2.3799e-14 	5.2518e-13 	 2.0022e-14 	 -2.2869e-14 	3.247e-13 	 2.3803e-16 	 -7.1015e-16 	2.4832e-13 	 -7.6498e-20 	 4.344e-20 	1.5952e-13 	   0 	   0 	9.418e-14 	 -1.4799e-16 	 2.3077e-16 	7.018e-14 	   0 	   0 	7.1143e-14 	   0 	   0 	4.8162e-14 	   0 	   0 	4.6681e-14 	   0 	   0 	4.2238e-14 	 1.1615e-22 	 -4.3991e-44 	3.2692e-14 	   0 	   0 	2.1081e-14 	   0 	   0 	3.7722e-14 	 -6.0197e-21 	 5.576e-21 	1.3421e-14 	   0 	   0 	1.2292e-14 	   0 	   0 	1.1171e-14 	 1.413e-21 	 3.6683e-20 	8.6373e-15 	   0 	   0 	1.0601e-14 	   0 	   0 	1.3448e-14 	   0 	   0 	7.3091e-15 	   0 	   0 	4.5362e-15 	   0 	   0 	5.7236e-15 	   0 	   0 	4.0729e-15 	   0 	   0 	2.0684e-15 	   0 	   0 	6.0055e-15 	   0 	   0 	1.6218e-15 	   0 	   0 	1.5116e-15 	   0 	   0 	1.5142e-15 	 -2.6154e-17 	 4.2174e-17 	2.0302e-15 	   0 	   0 	
7.710e+03 	4.4254e-13 	 1.652e-14 	 3.365e-15 	4.9736e-13 	 3.4412e-15 	 6.6759e-15 	2.9456e-13 	 -1.5197e-20 	 -6.4913e-19 	2.2128e-13 	 -1.4765e-16 	 2.2177e-16 	1.4687e-13 	 3.4838e-19 	 1.0824e-19 	7.4072e-14 	 2.3467e-17 	 1.5737e-18 	8.727e-14 	 1.5205e-18 	 5.7904e-19 	5.4592e-14 	   0 	   0 	5.2613e-14 	 -1.8622e-49 	 -1.8134e-48 	5.2812e-14 	   0 	   0 	2.3348e-14 	   0 	   0 	4.335e-14 	 -1.1906e-22 	 1.1863e-23 	2.6544e-14 	 5.365e-20 	 2.3876e-20 	2.1133e-14 	   0 	   0 	1.599e-14 	   0 	   0 	9.4465e-15 	   0 	   0 	1.2616e-14 	 7.4661e-23 	 -3.3097e-22 	9.6424e-15 	 1.7807e-20 	   0 	1.066e-14 	   0 	   0 	9.8307e-15 	   0 	   0 	1.0823e-14 	   0 	   0 	7.4035e-15 	 -6.6772e-21 	 -1.8703e-20 	4.9446e-15 	   0 	   0 	2.7017e-15 	   0 	   0 	3.3936e-15 	   0 	   0 	5.9644e-15 	   0 	   0 	5.5471e-15 	   0 	   0 	4.2601e-15 	   0 	   0 	2.1071e-15 	   0 	   0 	2.9522e-15 	   0 	   0 	
7.930e+03 	4.7393e-13 	 2.9689e-19 	 -7.7326e-19 	3.7451e-13 	 2.1435e-14 	 5.4274e-15 	2.8061e-13 	 -4.5126e-20 	 -3.2493e-19 	2.0689e-13 	   0 	   0 	1.5628e-13 	 -1.0799e-15 	 4.7185e-16 	1.014e-13 	 1.4764e-19 	 -1.0413e-19 	8.2561e-14 	 -9.8529e-18 	 1.2207e-16 	7.677e-14 	 3.4907e-16 	 3.9545e-19 	7.671e-14 	 -4.2838e-17 	 1.642e-16 	6.4838e-14 	 -1.7097e-17 	 6.3287e-17 	5.2753e-14 	   0 	   0 	3.6317e-14 	 -9.5738e-16 	 7.0862e-16 	1.8785e-14 	   0 	   0 	3.2983e-14 	   0 	   0 	1.6992e-14 	   0 	   0 	1.0955e-14 	   0 	   0 	1.4075e-14 	   0 	   0 	1.2895e-14 	   0 	   0 	1.0658e-14 	 3.854e-22 	 2.8306e-22 	7.1964e-15 	   0 	   0 	1.3664e-14 	   0 	   0 	5.9327e-15 	   0 	   0 	7.8693e-15 	   0 	   0 	6.03e-15 	   0 	   0 	4.7168e-15 	   0 	   0 	2.7333e-15 	   0 	   0 	2.2761e-15 	 -2.0419e-21 	 -8.7669e-21 	2.6136e-15 	   0 	   0 	1.4017e-15 	   0 	   0 	1.902e-15 	   0 	   0 	
8.150e+03 	2.4043e-13 	 -4.7228e-18 	 3.248e-18 	3.1825e-13 	 -1.0605e-15 	 -4.2072e-15 	3.7761e-13 	 -1.2337e-14 	 -2.3524e-14 	2.5712e-13 	 -4.3465e-15 	 1.019e-15 	1.039e-13 	 -3.7076e-16 	 4.3959e-16 	1.1005e-13 	 1.042e-19 	 1.1363e-20 	1.1834e-13 	 4.5875e-16 	 2.492e-16 	8.3615e-14 	   0 	   0 	4.4348e-14 	   0 	   0 	5.1531e-14 	 5.3266e-17 	 9.7845e-17 	5.0103e-14 	   0 	   0 	1.8365e-14 	   0 	   0 	2.0487e-14 	   0 	   0 	1.7008e-14 	   0 	   0 	2.3573e-14 	   0 	   0 	1.2475e-14 	   0 	   0 	1.5756e-14 	   0 	   0 	9.4929e-15 	   0 	   0 	1.2464e-14 	   0 	   0 	5.1849e-15 	   0 	   0 	3.7052e-15 	   0 	   0 	1.3232e-14 	   0 	   0 	6.6993e-15 	   0 	   0 	8.8507e-15 	   0 	   0 	4.4981e-15 	   0 	   0 	5.9547e-15 	   0 	   0 	1.0403e-15 	   0 	   0 	1.2303e-15 	 -5.8114e-22 	 4.7772e-21 	1.8887e-15 	   0 	   0 	1.5926e-15 	   0 	   0 	
8.370e+03 	2.9702e-13 	 -2.8839e-18 	 3.6938e-18 	3.64e-13 	 1.5965e-17 	 3.9939e-18 	2.5004e-13 	 9.9618e-15 	 -1.3564e-14 	2.0325e-13 	 3.5099e-15 	 5.4643e-15 	1.0093e-13 	 -2.5694e-15 	 2.1796e-16 	8.58e-14 	   0 	   0 	7.3038e-14 	 -1.0576e-19 	 1.2155e-19 	7.2594e-14 	 4.9188e-20 	 -1.4862e-20 	8.5915e-14 	   0 	   0 	3.6891e-14 	 -2.7608e-20 	 -6.2657e-21 	3.1746e-14 	   0 	   0 	3.2132e-14 	   0 	   0 	4.38e-14 	   0 	   0 	2.8542e-14 	   0 	   0 	1.3753e-14 	   0 	   0 	1.1673e-14 	   0 	   0 	1.3013e-14 	   0 	   0 	9.4814e-15 	   0 	   0 	1.64e-14 	 1.0055e-17 	 2.8686e-19 	4.7935e-15 	 1.9144e-17 	   0 	1.4413e-14 	   0 	   0 	1.1527e-14 	 4.924e-20 	 1.3033e-20 	3.8377e-15 	 1.1771e-20 	 -3.8018e-21 	9.1773e-15 	   0 	   0 	7.7669e-15 	   0 	   0 	2.7488e-15 	   0 	   0 	2.9965e-15 	   0 	   0 	3.995e-15 	   0 	   0 	4.5384e-15 	   0 	   0 	2.4542e-16 	   0 	   0 	
8.590e+03 	2.4169e-13 	 8.0855e-19 	 2.2169e-18 	3.7263e-13 	 -3.6904e-19 	 4.8226e-19 	2.633e-13 	 -6.0282e-17 	 1.253e-17 	1.454e-13 	   0 	   0 	9.3947e-14 	 -1.3599e-19 	 1.3065e-19 	1.2756e-13 	 2.0942e-15 	 -1.326e-15 	6.7905e-14 	 4.0742e-21 	 -7.5128e-24 	7.0864e-14 	 8.5906e-17 	 -2.0218e-16 	7.7851e-14 	 -2.3938e-16 	 9.9588e-18 	4.7609e-14 	 -1.8108e-16 	 -8.4864e-17 	4.068e-14 	   0 	   0 	3.7614e-14 	   0 	   0 	2.0141e-14 	 -5.8754e-21 	 -5.4388e-21 	3.1578e-14 	   0 	   0 	2.4315e-14 	 9.1306e-21 	 -3.5446e-22 	1.8737e-14 	   0 	   0 	2.5522e-14 	   0 	   0 	1.7305e-14 	 6.2691e-21 	 -2.6526e-21 	1.7941e-14 	   0 	   0 	1.1848e-14 	 -6.4564e-16 	 2.8827e-16 	7.6526e-15 	 4.5194e-21 	 -9.5441e-21 	2.3397e-15 	 -1.0279e-19 	 -6.1306e-20 	1.3681e-14 	   0 	   0 	8.1345e-15 	   0 	   0 	4.3312e-15 	   0 	   0 	2.9847e-15 	   0 	   0 	3.4807e-15 	   0 	   0 	4.025e-15 	   0 	   0 	2.637e-15 	   0 	   0 	3.6939e-15 	   0 	   0 	
8.810e+03 	1.8958e-13 	 -1.4773e-18 	 1.3513e-18 	3.0166e-13 	 1.4808e-15 	 2.1904e-15 	1.7675e-13 	 -6.0165e-15 	 -6.5395e-15 	1.7041e-13 	 1.2235e-15 	 5.3008e-16 	1.3987e-13 	 -1.5298e-36 	 -5.4488e-36 	1.2867e-13 	 1.1805e-19 	 -1.9385e-19 	9.0111e-14 	 -2.9293e-16 	 5.591e-16 	7.9725e-14 	 -1.168e-15 	 -4.0624e-16 	6.7215e-14 	 4.8054e-20 	 -1.1813e-19 	6.6303e-14 	   0 	   0 	3.0692e-14 	   0 	   0 	3.1351e-14 	 8.4341e-23 	 -7.7108e-23 	2.7231e-14 	   0 	   0 	2.0142e-14 	 5.015e-16 	 -1.132e-15 	1.2951e-14 	   0 	   0 	2.2005e-14 	   0 	   0 	1.4079e-14 	   0 	   0 	1.5709e-14 	   0 	   0 	2.09e-14 	   0 	   0 	1.2734e-14 	   0 	   0 	7.592e-15 	   0 	   0 	5.6023e-15 	   0 	   0 	3.7738e-15 	   0 	   0 	4.1768e-15 	   0 	   0 	7.4272e-15 	   0 	   0 	5.0881e-15 	   0 	   0 	1.9229e-15 	   0 	   0 	4.6463e-15 	 -9.9398e-22 	 -2.0152e-21 	4.0838e-15 	   0 	   0 	2.6102e-15 	   0 	   0 	
9.030e+03 	1.0898e-13 	 -5.5181e-16 	 4.6162e-16 	2.5979e-13 	 -1.3305e-15 	 -1.1366e-14 	2.9131e-13 	 -7.6813e-15 	 -3.2657e-15 	2.1339e-13 	 1.039e-18 	 -1.3456e-19 	1.3432e-13 	   0 	   0 	1.3127e-13 	   0 	   0 	9.3737e-14 	 -2.4336e-44 	 3.721e-44 	6.8004e-14 	 6.749e-20 	 -1.6504e-19 	4.7796e-14 	   0 	   0 	4.4683e-14 	 6.0373e-24 	 -2.8035e-24 	3.1659e-14 	 3.2927e-17 	 6.4308e-17 	3.976e-14 	 -1.0512e-15 	 1.2625e-15 	2.5962e-14 	 -2.3951e-20 	 -7.6882e-21 	1.6333e-14 	   0 	   0 	1.7982e-14 	   0 	   0 	1.549e-14 	 1.3018e-20 	 -1.0628e-20 	1.5898e-14 	 1.1276e-19 	 -7.9213e-20 	1.3376e-14 	   0 	   0 	1.4171e-14 	   0 	   0 	1.7386e-14 	   0 	   0 	1.2762e-14 	   0 	   0 	1.4282e-14 	   0 	   0 	1.0465e-14 	 5.7135e-20 	 -5.3057e-21 	9.6391e-15 	 4.975e-19 	   0 	7.2843e-15 	   0 	   0 	8.0377e-15 	   0 	   0 	4.6422e-15 	   0 	   0 	2.7007e-15 	   0 	   0 	1.5399e-15 	   0 	   0 	2.1387e-15 	   0 	   0 	
9.250e+03 	2.1892e-13 	 -2.546e-18 	 7.5427e-18 	2.3733e-13 	 -1.2225e-15 	 -1.4081e-15 	2.1721e-13 	 -4.6908e-18 	 -3.4892e-17 	2.2368e-13 	 -3.7205e-33 	 2.5727e-33 	1.0494e-13 	 1.2416e-19 	 2.3137e-19 	8.515e-14 	 7.189e-17 	 -4.366e-17 	6.5211e-14 	 1.6877e-15 	 6.4288e-16 	4.4671e-14 	 1.2987e-20 	 -1.5463e-20 	6.9473e-14 	 8.4973e-20 	 -6.2546e-34 	4.3591e-14 	 -5.825e-16 	 1.4244e-15 	4.3326e-14 	   0 	   0 	4.525e-14 	 6.6963e-16 	 4.8305e-16 	3.915e-14 	 4.1564e-20 	 -9.6098e-20 	2.6479e-14 	 9.3412e-20 	 3.1762e-21 	1.9516e-14 	   0 	   0 	2.1186e-14 	 -9.3478e-17 	 -8.2849e-16 	1.6711e-14 	   0 	   0 	1.628e-14 	   0 	   0 	1.3875e-14 	 -4.9526e-20 	 -7.8548e-19 	7.5046e-15 	   0 	   0 	6.5298e-15 	 1.1757e-16 	 -2.5815e-16 	5.8734e-15 	   0 	   0 	8.5091e-15 	   0 	   0 	5.5155e-15 	   0 	   0 	6.048e-15 	   0 	   0 	7.7858e-15 	   0 	   0 	5.0307e-15 	   0 	   0 	3.1976e-15 	   0 	   0 	3.935e-15 	 1.2215e-18 	 -9.3521e-19 	4.0798e-15 	   0 	   0 	
9.470e+03 	1.0532e-13 	 5.9954e-15 	 1.1813e-14 	3.0038e-13 	 -3.6366e-15 	 7.6545e-15 	2.1471e-13 	   0 	   0 	1.4716e-13 	 1.6095e-19 	 -5.68e-19 	8.273e-14 	 -9.791e-20 	 1.6081e-19 	9.3907e-14 	   0 	   0 	5.1738e-14 	   0 	   0 	9.2471e-14 	 5.1897e-19 	 2.5446e-18 	5.1742e-14 	   0 	   0 	4.7312e-14 	 -1.6277e-20 	 3.55e-21 	3.7599e-14 	   0 	   0 	3.3371e-14 	   0 	   0 	4.5052e-14 	   0 	   0 	4.0868e-14 	 4.0305e-16 	 -8.6539e-16 	2.3229e-14 	   0 	   0 	2.5206e-14 	   0 	   0 	1.9494e-14 	 3.6541e-18 	 -6.0155e-18 	1.8013e-14 	   0 	   0 	1.3768e-14 	   0 	   0 	2.133e-14 	 2.9802e-16 	 -5.7758e-16 	8.2185e-15 	   0 	   0 	1.1901e-14 	   0 	   0 	1.605e-14 	   0 	   0 	1.1862e-14 	 1.8915e-18 	 1.8757e-18 	1.0861e-14 	   0 	   0 	6.9161e-15 	   0 	   0 	7.7738e-15 	 -2.5518e-18 	 -4.5639e-18 	3.6956e-15 	   0 	   0 	2.4316e-15 	   0 	   0 	2.2844e-15 	 -2.9272e-17 	 -5.1573e-17 	
9.690e+03 	2.4386e-13 	 -3.2364e-15 	 4.326e-15 	2.621e-13 	   0 	   0 	2.675e-13 	   0 	   0 	1.5049e-13 	   0 	   0 	1.1625e-13 	   0 	   0 	8.8698e-14 	 4.8856e-20 	 -5.6972e-20 	8.1172e-14 	 2.2353e-15 	 -7.6827e-16 	8.1417e-14 	   0 	   0 	6.2894e-14 	   0 	   0 	4.725e-14 	   0 	   0 	4.533e-14 	   0 	   0 	3.8011e-14 	   0 	   0 	2.6971e-14 	   0 	   0 	9.358e-15 	   0 	   0 	2.9928e-14 	 3.5472e-20 	 9.7878e-21 	1.6629e-14 	 5.8973e-19 	 -6.6673e-19 	1.6329e-14 	 -1.2109e-20 	 6.1939e-20 	1.337e-14 	 -9.5846e-22 	 -5.9856e-22 	2.0258e-14 	 6.2099e-17 	 -5.6358e-17 	1.7207e-14 	   0 	   0 	9.0782e-15 	 4.9736e-16 	   0 	9.161e-15 	   0 	   0 	7.8736e-15 	 8.1343e-22 	 -4.4416e-21 	7.0259e-15 	   0 	   0 	6.4529e-15 	   0 	   0 	5.4711e-15 	   0 	   0 	5.7865e-15 	   0 	   0 	5.2584e-15 	   0 	   0 	6.4891e-15 	 7.3712e-17 	 -6.8239e-17 	2.9977e-15 	   0 	   0 	
9.910e+03 	6.8957e-13 	 1.0141e-13 	 -1.4045e-13 	1.914e-13 	 -4.0916e-15 	 3.5995e-15 	1.5679e-13 	 3.3835e-16 	 -6.2774e-15 	1.2871e-13 	 -3.2512e-19 	 1.5638e-19 	1.2903e-13 	 7.7318e-20 	 -5.1584e-21 	7.1969e-14 	   0 	   0 	4.95e-14 	 3.898e-21 	 1.3715e-20 	8.8057e-14 	 1.1559e-16 	 5.6048e-16 	4.6984e-14 	 -1.034e-15 	 -1.9324e-15 	4.3017e-14 	   0 	   0 	3.9734e-14 	   0 	   0 	4.8195e-14 	   0 	   0 	2.6224e-14 	 -1.2398e-20 	 -1.1445e-20 	1.9035e-14 	   0 	   0 	3.1002e-14 	 -2.6231e-16 	 -1.3152e-16 	2.2719e-14 	 1.1706e-19 	 7.6198e-19 	2.3501e-14 	   0 	   0 	1.5904e-14 	   0 	   0 	1.8014e-14 	   0 	   0 	1.5501e-14 	   0 	   0 	1.4596e-14 	   0 	   0 	1.3694e-14 	   0 	   0 	9.7528e-15 	   0 	   0 	7.4676e-15 	   0 	   0 	1.4254e-14 	 9.458e-18 	 1.4768e-16 	7.2764e-15 	   0 	   0 	9.9451e-15 	 -5.1503e-18 	 -7.7108e-18 	5.5821e-15 	   0 	   0 	3.2108e-15 	   0 	   0 	7.8515e-15 	   0 	   0 	
1.013e+04 	1.3549e-13 	 1.3842e-18 	 -1.1712e-18 	3.1311e-13 	 -7.7986e-14 	 2.8978e-14 	1.1615e-13 	   0 	   0 	2.5609e-13 	 1.1592e-16 	 -2.8293e-16 	1.3291e-13 	   0 	   0 	8.6137e-14 	 -1.2518e-20 	 -2.5493e-20 	9.4112e-14 	   0 	   0 	7.3254e-14 	 1.8986e-15 	 1.8962e-15 	6.6688e-14 	   0 	   0 	3.8714e-14 	   0 	   0 	2.7048e-14 	 -3.1556e-27 	 -2.0912e-27 	3.3977e-14 	 -1.542e-20 	 -1.5792e-20 	3.7969e-14 	 5.911e-18 	 -1.9705e-17 	2.1883e-14 	 1.0183e-16 	 5.0703e-21 	3.4414e-14 	   0 	   0 	2.0211e-14 	   0 	   0 	1.5397e-14 	 1.0657e-16 	   0 	2.1397e-14 	   0 	   0 	1.6787e-14 	   0 	   0 	1.3531e-14 	 -3.8423e-21 	 8.7668e-22 	1.2632e-14 	   0 	   0 	1.2317e-14 	   0 	   0 	1.6889e-14 	 -1.3536e-16 	 -2.4969e-16 	1.0584e-14 	   0 	   0 	9.4049e-15 	   0 	   0 	9.6705e-15 	   0 	   0 	7.7239e-15 	   0 	   0 	7.9808e-15 	   0 	   0 	7.5892e-15 	   0 	   0 	4.0701e-15 	   0 	   0 	
1.035e+04 	2.8363e-13 	 -1.3296e-13 	 1.5629e-13 	6.5003e-14 	 1.3738e-17 	 2.3372e-17 	2.5695e-13 	 3.1003e-15 	 7.1676e-15 	9.6695e-14 	 -1.4934e-19 	 -3.2446e-19 	8.3694e-14 	   0 	   0 	7.4348e-14 	   0 	   0 	4.6932e-14 	   0 	   0 	5.4342e-14 	 4.5535e-15 	 -5.7294e-16 	5.3976e-14 	   0 	   0 	4.786e-14 	   0 	   0 	4.1957e-14 	 -2.09e-16 	 -2.29e-16 	3.4164e-14 	   0 	   0 	3.3902e-14 	 5.2631e-17 	 -2.2108e-17 	2.9239e-14 	   0 	   0 	1.3655e-14 	   0 	   0 	1.5213e-14 	 -1.8691e-19 	 1.0657e-19 	3.1315e-14 	   0 	   0 	1.6278e-14 	 -1.7454e-17 	 4.8681e-17 	2.4651e-14 	   0 	   0 	1.3489e-14 	 -8.218e-18 	 -8.0799e-19 	1.1355e-14 	   0 	   0 	8.2147e-15 	   0 	   0 	1.1234e-14 	   0 	   0 	1.4686e-14 	   0 	   0 	9.5199e-15 	 1.1617e-17 	 2.1154e-17 	9.9623e-15 	   0 	   0 	7.8804e-15 	   0 	   0 	8.5463e-15 	   0 	   0 	6.1793e-15 	   0 	   0 	4.9416e-15 	   0 	   0 	
1.057e+04 	5.0436e-14 	   0 	   0 	7.5148e-14 	   0 	   0 	2.1403e-13 	   0 	   0 	1.1465e-13 	 1.0109e-17 	 -8.678e-18 	7.1486e-14 	   0 	   0 	9.3403e-14 	   0 	   0 	9.2126e-14 	   0 	   0 	8.2577e-14 	 2.2505e-15 	 2.1209e-16 	4.9748e-14 	 2.8829e-17 	 4.5874e-16 	4.3386e-14 	   0 	   0 	2.9701e-14 	   0 	   0 	3.6902e-14 	 -1.6391e-20 	 -1.1486e-20 	3.0158e-14 	 -6.7332e-16 	 1.3187e-15 	3.4472e-14 	   0 	   0 	1.6262e-14 	   0 	   0 	2.5779e-14 	 -1.0186e-17 	 -7.8185e-17 	1.8004e-14 	   0 	   0 	1.7961e-14 	   0 	   0 	1.6855e-14 	 2.9939e-16 	 -1.5053e-16 	1.0244e-14 	   0 	   0 	1.0807e-14 	 8.9458e-18 	   0 	1.6391e-14 	 3.4734e-16 	   0 	1.5503e-14 	   0 	   0 	9.9725e-15 	 -1.0166e-17 	 3.6872e-18 	1.0987e-14 	   0 	   0 	8.5501e-15 	   0 	   0 	6.7937e-15 	   0 	   0 	9.486e-15 	   0 	   0 	7.6256e-15 	   0 	   0 	7.0423e-15 	 -7.8587e-18 	 -2.8205e-17 	
1.079e+04 	6.0302e-14 	 3.8899e-19 	 -8.785e-19 	1.7814e-13 	 2.6494e-16 	 2.7221e-18 	8.9724e-14 	   0 	   0 	2.628e-13 	 -6.2159e-20 	 1.8226e-19 	8.032e-14 	   0 	   0 	7.4323e-14 	   0 	   0 	8.6302e-14 	 -2.6915e-16 	 -1.3079e-16 	7.4385e-14 	 2.7126e-18 	 3.7096e-18 	5.8343e-14 	 1.5144e-15 	 1.8226e-15 	3.6331e-14 	   0 	   0 	4.256e-14 	   0 	   0 	4.0557e-14 	   0 	   0 	3.5847e-14 	   0 	   0 	3.2912e-14 	   0 	   0 	1.9859e-14 	 1.1094e-16 	 2.5065e-17 	1.9422e-14 	 7.7557e-17 	 -3.9526e-17 	2.4968e-14 	   0 	   0 	1.686e-14 	   0 	   0 	1.6636e-14 	   0 	   0 	2.3624e-14 	   0 	   0 	1.8842e-14 	   0 	   0 	1.2825e-14 	 -1.1954e-16 	 -4.1195e-17 	1.9981e-14 	   0 	   0 	1.3334e-14 	   0 	   0 	8.2372e-15 	   0 	   0 	4.8421e-15 	 4.7086e-17 	   0 	6.7934e-15 	   0 	   0 	1.0958e-14 	   0 	   0 	6.2266e-15 	 2.002e-18 	 2.835e-18 	4.8469e-15 	   0 	   0 	
1.101e+04 	7.6632e-14 	 -1.3389e-15 	 3.7474e-15 	2.5188e-13 	 2.1406e-14 	 5.0468e-15 	1.7609e-13 	 -1.3877e-15 	 2.4657e-15 	9.0599e-14 	 1.0188e-18 	 -1.0183e-18 	1.2592e-13 	 -6.2578e-15 	 1.3913e-14 	1.0303e-13 	   0 	   0 	8.0894e-14 	 1.099e-16 	 1.3502e-16 	3.2414e-14 	 1.062e-16 	 -6.4412e-17 	5.2472e-14 	 -1.1458e-20 	 -8.3106e-21 	5.2037e-14 	 9.1367e-16 	 -2.2201e-15 	3.318e-14 	 1.2802e-15 	 1.8572e-19 	4.3646e-14 	   0 	   0 	1.834e-14 	   0 	   0 	2.9536e-14 	   0 	   0 	3.563e-14 	   0 	   0 	2.1453e-14 	 5.9769e-19 	 -1.5237e-19 	3.0363e-14 	   0 	   0 	1.6851e-14 	 1.7811e-17 	 1.4445e-16 	1.7277e-14 	 2.9088e-17 	 5.8183e-17 	1.5667e-14 	   0 	   0 	1.23e-14 	   0 	   0 	2.2123e-14 	   0 	   0 	1.2853e-14 	   0 	   0 	8.7169e-15 	   0 	   0 	9.5483e-15 	   0 	   0 	1.5634e-14 	   0 	   0 	9.4382e-15 	   0 	   0 	8.2919e-15 	   0 	   0 	8.4069e-15 	 -7.8495e-17 	 6.975e-17 	5.8083e-15 	   0 	   0 	
1.123e+04 	3.6427e-14 	 8.9811e-18 	 1.4474e-17 	1.1029e-13 	 -1.4288e-16 	 2.5236e-17 	8.7717e-14 	   0 	   0 	6.605e-14 	   0 	   0 	8.8857e-14 	   0 	   0 	6.4524e-14 	 -5.5617e-35 	 -4.1948e-35 	3.8181e-14 	   0 	   0 	1.1315e-13 	 -2.019e-15 	 2.1772e-15 	6.5767e-14 	   0 	   0 	5.0822e-14 	 2.0463e-15 	 -1.8261e-15 	4.5497e-14 	   0 	   0 	5.2623e-14 	   0 	   0 	3.476e-14 	 2.3237e-19 	 6.358e-20 	2.8638e-14 	   0 	   0 	3.479e-14 	   0 	   0 	2.6292e-14 	 -1.0745e-21 	 -5.6374e-22 	1.6093e-14 	   0 	   0 	2.2479e-14 	   0 	   0 	2.0927e-14 	   0 	   0 	1.5823e-14 	 8.4972e-17 	 -3.0433e-16 	1.7719e-14 	   0 	   0 	1.6644e-14 	   0 	   0 	1.4075e-14 	 1.041e-17 	 -6.0893e-18 	1.6025e-14 	   0 	   0 	1.0218e-14 	   0 	   0 	1.0226e-14 	 8.0256e-17 	   0 	1.2797e-14 	   0 	   0 	1.195e-14 	 8.2015e-18 	   0 	7.7025e-15 	   0 	   0 	8.1214e-15 	   0 	   0 	
1.145e+04 	9.077e-14 	 7.7531e-16 	 9.7e-16 	1.2279e-13 	 -5.8056e-21 	 1.9649e-22 	9.4723e-14 	   0 	   0 	4.6524e-14 	 2.449e-17 	 -5.8596e-17 	1.3596e-13 	 1.4842e-15 	 1.5558e-15 	8.9419e-14 	 -1.4216e-15 	 6.6794e-15 	6.323e-14 	 -3.0815e-20 	 -4.6546e-20 	6.8846e-14 	 9.6983e-16 	 -4.056e-16 	4.404e-14 	 -3.672e-30 	 -6.5305e-30 	3.9585e-14 	 -6.0721e-18 	 2.7688e-19 	1.962e-14 	   0 	   0 	5.0179e-14 	   0 	   0 	2.5761e-14 	   0 	   0 	2.5478e-14 	   0 	   0 	3.032e-14 	 7.8615e-19 	 -4.7959e-19 	1.8312e-14 	 -2.9227e-17 	 1.8513e-17 	2.3138e-14 	   0 	   0 	1.782e-14 	   0 	   0 	1.8969e-14 	 2.5354e-17 	 5.9377e-17 	1.2537e-14 	   0 	   0 	1.7806e-14 	   0 	   0 	1.1336e-14 	   0 	   0 	2.0644e-14 	 -2.1808e-18 	 1.4614e-19 	1.1029e-14 	 1.2015e-21 	 1.3761e-21 	1.6082e-14 	   0 	   0 	1.6392e-14 	 -4.7957e-17 	 2.2408e-16 	8.2818e-15 	   0 	   0 	7.9022e-15 	   0 	   0 	7.9328e-15 	   0 	   0 	7.9754e-15 	   0 	   0 	
1.167e+04 	2.0206e-13 	 -4.1055e-14 	 -3.6814e-14 	1.4723e-13 	 -1.3108e-15 	 -1.5371e-15 	1.1132e-13 	   0 	   0 	1.3088e-13 	   0 	   0 	6.6272e-14 	   0 	   0 	9.1454e-14 	 3.221e-15 	 2.0537e-15 	6.8884e-14 	 -3.1041e-15 	 3.2941e-15 	8.6213e-14 	 1.1357e-15 	 8.2534e-16 	4.5336e-14 	 2.8209e-16 	 -9.5825e-16 	5.0002e-14 	 2.808e-28 	 -4.6436e-29 	4.4336e-14 	 -3.9569e-20 	 1.1365e-19 	4.0198e-14 	   0 	   0 	3.4233e-14 	   0 	   0 	2.6974e-14 	 -2.3374e-17 	 -9.8399e-18 	3.478e-14 	   0 	   0 	2.6542e-14 	 -1.0071e-17 	 1.333e-17 	2.8117e-14 	 1.3459e-17 	 -7.2038e-19 	3.1335e-14 	 -1.6312e-16 	 8.3021e-17 	1.6016e-14 	 1.228e-16 	   0 	1.9622e-14 	   0 	   0 	2.3769e-14 	 -2.4083e-16 	 -2.009e-16 	1.329e-14 	 2.2582e-18 	 1.0532e-17 	1.2487e-14 	   0 	   0 	1.0588e-14 	 1.7284e-17 	 1.7977e-17 	1.2434e-14 	 -6.9343e-21 	 1.4662e-21 	1.5377e-14 	   0 	   0 	7.9353e-15 	   0 	   0 	7.8072e-15 	 4.4313e-19 	 -3.1824e-19 	9.1653e-15 	   0 	   0 	5.0443e-15 	   0 	   0 	
1.189e+04 	9.6795e-14 	 2.0826e-18 	 5.0824e-20 	2.3347e-13 	 7.4484e-15 	 1.6628e-14 	1.4629e-13 	 -5.5125e-15 	 1.3163e-15 	9.7158e-14 	   0 	   0 	7.9493e-14 	   0 	   0 	3.0583e-14 	   0 	   0 	2.9786e-14 	 -6.2992e-36 	 -9.422e-37 	6.4069e-14 	 -2.0024e-16 	 2.6964e-16 	6.0941e-14 	 5.4862e-16 	 -1.039e-15 	5.2522e-14 	 -3.8916e-16 	 -1.1883e-15 	2.8254e-14 	   0 	   0 	3.1962e-14 	   0 	   0 	2.5945e-14 	 -4.0401e-21 	 -4.8761e-21 	3.0177e-14 	   0 	   0 	3.2826e-14 	   0 	   0 	2.4786e-14 	   0 	   0 	1.8023e-14 	 -2.457e-17 	 4.0871e-17 	2.154e-14 	 1.4132e-17 	 1.1689e-17 	1.7616e-14 	 1.7035e-16 	 -1.7797e-22 	2.2408e-14 	 1.3378e-18 	 -2.2568e-18 	1.9081e-14 	 2.8384e-17 	   0 	1.5917e-14 	   0 	   0 	1.1029e-14 	   0 	   0 	1.0774e-14 	   0 	   0 	7.7982e-15 	   0 	   0 	7.5732e-15 	   0 	   0 	9.5913e-15 	   0 	   0 	8.4006e-15 	   0 	   0 	5.2791e-15 	   0 	   0 	5.7074e-15 	   0 	   0 	
1.211e+04 	6.3687e-14 	   0 	   0 	8.6042e-14 	   0 	   0 	8.6222e-14 	 -1.416e-19 	 1.1669e-19 	7.549e-14 	 -2.4202e-14 	 5.1003e-15 	8.1098e-14 	 2.4408e-19 	 -1.341e-19 	6.576e-14 	   0 	   0 	7.0679e-14 	   0 	   0 	9.6203e-14 	   0 	   0 	5.4794e-14 	   0 	   0 	6.3017e-14 	 8.1063e-19 	 -5.7505e-18 	4.1276e-14 	 -6.6145e-18 	 -9.2959e-19 	3.7825e-14 	   0 	   0 	3.8245e-14 	 4.0849e-18 	 -6.1615e-17 	2.3668e-14 	   0 	   0 	3.2878e-14 	 4.0683e-18 	 2.0383e-18 	3.4933e-14 	   0 	   0 	2.6103e-14 	   0 	   0 	2.4001e-14 	   0 	   0 	2.5325e-14 	   0 	   0 	2.2076e-14 	   0 	   0 	1.4944e-14 	   0 	   0 	1.9039e-14 	 4.3332e-17 	 -4.2517e-16 	1.5357e-14 	 2.1208e-16 	 -1.8109e-16 	1.1281e-14 	   0 	   0 	1.3169e-14 	   0 	   0 	1.209e-14 	   0 	   0 	1.1326e-14 	 -6.5855e-18 	 1.1144e-17 	1.0138e-14 	   0 	   0 	8.9906e-15 	   0 	   0 	5.4572e-15 	   0 	   0 	
1.233e+04 	7.6558e-14 	   0 	   0 	1.0453e-13 	 1.3201e-16 	 6.5635e-16 	1.8399e-13 	 -2.4928e-15 	 -1.4784e-14 	6.4145e-14 	   0 	   0 	1.107e-13 	 1.6162e-15 	 -3.7337e-15 	8.8108e-14 	 6.6766e-19 	 -2.8119e-19 	7.991e-14 	 -6.0232e-20 	 7.1461e-20 	7.0296e-14 	 -2.7472e-16 	 3.3211e-16 	4.8395e-14 	   0 	   0 	4.3816e-14 	 -4.234e-17 	 1.0996e-17 	3.7493e-14 	 -8.5768e-19 	 4.326e-18 	3.1982e-14 	 -1.7861e-19 	 3.1939e-20 	4.2651e-14 	 2.5746e-19 	 1.6117e-18 	2.7391e-14 	   0 	   0 	2.1132e-14 	   0 	   0 	2.5554e-14 	   0 	   0 	1.5314e-14 	   0 	   0 	2.462e-14 	   0 	   0 	2.4357e-14 	 9.7187e-17 	 6.5405e-17 	2.2464e-14 	   0 	   0 	1.6437e-14 	 5.1085e-21 	 -6.584e-23 	1.9106e-14 	   0 	   0 	1.3519e-14 	   0 	   0 	1.5456e-14 	   0 	   0 	1.3969e-14 	   0 	   0 	2.0418e-14 	   0 	   0 	1.2365e-14 	   0 	   0 	8.7332e-15 	   0 	   0 	1.1248e-14 	   0 	   0 	8.2353e-15 	   0 	   0 	
1.255e+04 	1.7374e-14 	 -2.1265e-15 	 -2.006e-15 	1.2614e-13 	 -5.6879e-15 	 -1.9209e-14 	1.5774e-13 	 -3.886e-16 	 -2.8573e-14 	8.1102e-14 	   0 	   0 	6.6553e-14 	 4.6545e-19 	 4.2416e-19 	8.8982e-14 	 2.1415e-19 	 6.8217e-20 	2.7805e-14 	   0 	   0 	5.7648e-14 	 -5.3014e-16 	 1.8604e-16 	4.1412e-14 	   0 	   0 	5.6931e-14 	   0 	   0 	3.8116e-14 	 -1.3705e-15 	 1.0557e-15 	2.3115e-14 	 3.7599e-17 	   0 	3.4171e-14 	 4.5901e-18 	 1.1893e-18 	2.9579e-14 	 -9.5633e-20 	 8.1793e-19 	2.1436e-14 	 -5.9848e-24 	 2.725e-24 	2.7269e-14 	   0 	   0 	1.4192e-14 	 4.1393e-18 	 2.8572e-19 	2.2846e-14 	   0 	   0 	2.0718e-14 	 1.2262e-17 	 -1.1982e-17 	2.1383e-14 	 9.9807e-16 	 -2.1461e-16 	2.5016e-14 	 -2.4347e-17 	 -1.5016e-18 	2.3624e-14 	   0 	   0 	2.0742e-14 	 -1.3051e-18 	 -2.3203e-18 	2.0572e-14 	   0 	   0 	1.8869e-14 	   0 	   0 	1.1139e-14 	   0 	   0 	1.2891e-14 	   0 	   0 	1.184e-14 	 1.6612e-17 	 1.233e-17 	8.0131e-15 	 1.9159e-16 	 -2.8036e-16 	8.3807e-15 	   0 	   0 	
1.277e+04 	1.4649e-13 	 2.9723e-14 	 -3.81e-14 	1.4828e-13 	 -4.8907e-19 	 1.3534e-17 	5.9884e-14 	   0 	   0 	1.1247e-13 	   0 	   0 	1.2462e-13 	 -3.3408e-17 	 -3.3939e-18 	6.4309e-14 	 2.3037e-15 	 1.5398e-15 	3.4256e-14 	 -2.0546e-21 	 -8.7782e-20 	6.9745e-14 	   0 	   0 	4.1197e-14 	   0 	   0 	3.4695e-14 	   0 	   0 	4.8246e-14 	   0 	   0 	3.7448e-14 	   0 	   0 	3.1143e-14 	 2.557e-18 	   0 	3.0775e-14 	   0 	   0 	3.5184e-14 	   0 	   0 	1.7258e-14 	 -1.2185e-15 	 -2.1612e-16 	1.5792e-14 	   0 	   0 	2.2691e-14 	   0 	   0 	2.4739e-14 	   0 	   0 	2.0607e-14 	 1.0901e-16 	   0 	2.1023e-14 	   0 	   0 	1.5426e-14 	   0 	   0 	1.9303e-14 	   0 	   0 	2.0361e-14 	 5.994e-17 	 1.8321e-18 	1.6123e-14 	   0 	   0 	1.3326e-14 	   0 	   0 	1.3768e-14 	 -1.5991e-18 	 6.7733e-20 	1.2882e-14 	   0 	   0 	1.0252e-14 	   0 	   0 	8.5193e-15 	   0 	   0 	
1.299e+04 	1.7049e-13 	 -1.0165e-14 	 -5.4379e-15 	1.5485e-13 	 1.4564e-19 	 4.4448e-19 	4.636e-14 	 -3.4833e-28 	 -1.0824e-27 	8.7493e-14 	   0 	   0 	7.4711e-14 	 1.1974e-19 	 2.1683e-19 	7.8073e-14 	 5.1221e-21 	 3.7064e-21 	8.1525e-14 	   0 	   0 	4.934e-14 	   0 	   0 	3.1599e-14 	   0 	   0 	4.3485e-14 	   0 	   0 	3.1964e-14 	   0 	   0 	4.9521e-14 	 -2.514e-17 	 -2.012e-16 	3.788e-14 	 -4.5633e-17 	 -1.8455e-17 	1.7511e-14 	   0 	   0 	4.0414e-14 	 -2.9881e-16 	 -8.6058e-16 	1.6119e-14 	 -8.8567e-16 	 -1.0028e-15 	2.8427e-14 	   0 	   0 	1.9129e-14 	   0 	   0 	2.948e-14 	 3.1744e-16 	 -1.8351e-16 	1.8908e-14 	   0 	   0 	2.1471e-14 	   0 	   0 	2.3548e-14 	   0 	   0 	1.2809e-14 	   0 	   0 	1.7888e-14 	   0 	   0 	1.1796e-14 	   0 	   0 	1.208e-14 	   0 	   0 	1.2209e-14 	   0 	   0 	2.0032e-14 	   0 	   0 	7.3094e-15 	 9.1025e-18 	 9.2403e-19 	8.0513e-15 	 1.7487e-17 	   0 	
1.321e+04 	2.2072e-14 	 -1.4611e-15 	 -2.0556e-15 	2.251e-13 	 -5.5838e-17 	 -4.2719e-17 	6.1259e-14 	 -1.5385e-15 	 -3.3989e-15 	1.6628e-13 	   0 	   0 	7.2202e-14 	   0 	   0 	8.3855e-14 	 3.2325e-36 	 -1.1449e-35 	5.2345e-14 	   0 	   0 	3.2988e-14 	   0 	   0 	2.7098e-14 	   0 	   0 	5.7156e-14 	 1.7296e-16 	 4.8617e-15 	4.5049e-14 	   0 	   0 	2.0357e-14 	 7.2954e-16 	   0 	3.0138e-14 	 -1.0464e-15 	 -1.2255e-16 	2.6174e-14 	 4.3045e-19 	 -7.8273e-19 	3.8725e-14 	 5.523e-17 	 -1.5264e-19 	2.22e-14 	   0 	   0 	2.6951e-14 	 2.8411e-17 	 -1.9953e-19 	2.3702e-14 	 -5.9268e-17 	 -2.5909e-17 	2.2645e-14 	 -7.7171e-16 	 -2.6859e-16 	1.5757e-14 	 2.7719e-21 	 -3.4768e-21 	9.4019e-15 	 -6.242e-18 	 -3.5012e-18 	2.3646e-14 	   0 	   0 	1.9718e-14 	 -5.3357e-18 	 1.856e-17 	1.7958e-14 	 4.034e-16 	 -4.5318e-18 	1.0597e-14 	   0 	   0 	1.6044e-14 	   0 	   0 	1.4123e-14 	 -3.0037e-16 	 -5.3089e-17 	1.2962e-14 	 3.8425e-18 	 -6.7837e-21 	1.5382e-14 	   0 	   0 	7.7413e-15 	   0 	   0 	
1.343e+04 	3.0755e-15 	   0 	   0 	1.6851e-13 	   0 	   0 	1.024e-13 	 -5.1601e-23 	 1.0223e-23 	6.5811e-14 	   0 	   0 	7.4927e-14 	 -2.0547e-21 	 7.5019e-20 	6.6215e-14 	   0 	   0 	5.141e-14 	   0 	   0 	3.4525e-14 	   0 	   0 	6.2362e-14 	   0 	   0 	5.3998e-14 	 -3.8588e-20 	 -6.8965e-21 	2.6533e-14 	 8.0054e-20 	 -2.6829e-20 	3.3027e-14 	   0 	   0 	3.2482e-14 	   0 	   0 	3.3833e-14 	 -1.9938e-17 	 1.5526e-17 	2.7315e-14 	   0 	   0 	1.4946e-14 	 -1.0444e-15 	 -4.6234e-16 	2.8349e-14 	   0 	   0 	2.4523e-14 	 3.4917e-16 	 -7.4672e-21 	1.5995e-14 	   0 	   0 	2.2826e-14 	   0 	   0 	2.2222e-14 	 -1.483e-18 	 -7.9732e-18 	2.0413e-14 	   0 	   0 	1.0173e-14 	   0 	   0 	1.4336e-14 	   0 	   0 	2.2284e-14 	   0 	   0 	2.2658e-14 	   0 	   0 	1.1532e-14 	   0 	   0 	1.7034e-14 	   0 	   0 	1.5052e-14 	   0 	   0 	6.8304e-15 	   0 	   0 	
1.365e+04 	4.198e-14 	   0 	   0 	3.3661e-14 	   0 	   0 	9.4871e-14 	   0 	   0 	1.2148e-13 	 2.7145e-15 	 -8.5076e-16 	7.5096e-14 	   0 	   0 	3.7463e-14 	 5.1562e-18 	   0 	5.9219e-14 	   0 	   0 	6.0652e-14 	 -6.7604e-24 	 -7.1786e-24 	3.526e-14 	 -2.0445e-15 	 -2.2793e-15 	6.9854e-14 	   0 	   0 	5.4225e-14 	   0 	   0 	3.6512e-14 	   0 	   0 	3.3028e-14 	   0 	   0 	3.8988e-14 	   0 	   0 	3.6461e-14 	   0 	   0 	1.6029e-14 	   0 	   0 	1.8153e-14 	 2.464e-17 	 -6.7731e-18 	2.618e-14 	   0 	   0 	2.665e-14 	 5.9446e-18 	 2.5107e-17 	1.793e-14 	   0 	   0 	9.9529e-15 	 -4.157e-19 	 -1.5292e-18 	1.6228e-14 	 2.3754e-16 	 -7.9529e-17 	1.2684e-14 	 1.0104e-16 	 3.4712e-17 	1.6629e-14 	   0 	   0 	2.2155e-14 	 7.6975e-17 	 -4.705e-18 	1.506e-14 	 -4.4314e-16 	 -1.4364e-16 	1.3925e-14 	 4.1847e-16 	   0 	9.8914e-15 	 4.6268e-19 	 -3.4267e-18 	1.6269e-14 	 -8.1799e-22 	 1.2451e-20 	1.0876e-14 	 4.5271e-18 	 2.6136e-17 	
1.387e+04 	1.717e-13 	 -3.1999e-14 	 1.145e-14 	4.1619e-14 	   0 	   0 	7.8472e-14 	 -1.5423e-14 	 -1.7992e-15 	6.7736e-14 	 -1.8339e-16 	 -4.9291e-16 	4.1797e-14 	 -2.0623e-20 	 -2.64e-21 	9.8349e-14 	   0 	   0 	6.8504e-14 	   0 	   0 	6.4055e-14 	   0 	   0 	3.9793e-14 	   0 	   0 	4.7497e-14 	 -5.5554e-22 	 -2.8252e-22 	4.2376e-14 	 1.4555e-16 	 2.2397e-15 	3.0685e-14 	   0 	   0 	3.0858e-14 	   0 	   0 	3.4312e-14 	   0 	   0 	3.4665e-14 	 4.0869e-18 	 -1.9355e-18 	2.2372e-14 	   0 	   0 	3.4621e-14 	   0 	   0 	1.9793e-14 	   0 	   0 	2.3079e-14 	   0 	   0 	2.6789e-14 	   0 	   0 	1.4791e-14 	 -5.2265e-18 	 1.662e-17 	2.9599e-14 	 6.6984e-17 	 5.3157e-18 	1.5638e-14 	   0 	   0 	2.0587e-14 	   0 	   0 	1.8983e-14 	   0 	   0 	1.4878e-14 	   0 	   0 	1.7481e-14 	 -8.1528e-18 	 2.4513e-17 	1.7573e-14 	   0 	   0 	8.1758e-15 	   0 	   0 	6.5518e-15 	 -1.6702e-17 	 -7.6106e-18 	
1.409e+04 	1.5055e-14 	   0 	   0 	2.4213e-13 	 -2.6076e-17 	 -1.2587e-17 	1.231e-13 	   0 	   0 	1.2632e-13 	   0 	   0 	5.0675e-14 	 8.3127e-19 	 9.2168e-19 	3.9265e-14 	   0 	   0 	8.5087e-14 	 -1.6544e-15 	 -2.149e-16 	3.8464e-14 	   0 	   0 	4.4605e-14 	   0 	   0 	4.2441e-14 	 -1.8292e-15 	 -6.8579e-16 	3.2425e-14 	 1.7146e-15 	 -6.316e-16 	4.1294e-14 	   0 	   0 	3.4818e-14 	 -2.1566e-16 	 -1.4281e-16 	1.9085e-14 	 2.9154e-18 	 -3.0728e-18 	2.8372e-14 	   0 	   0 	1.5798e-14 	   0 	   0 	2.3827e-14 	 -5.1641e-16 	 2.098e-16 	3.1067e-14 	   0 	   0 	2.2746e-14 	 1.8183e-16 	 -2.1497e-22 	1.1715e-14 	 4.9652e-18 	 2.9656e-18 	1.5624e-14 	 4.6405e-18 	 8.5038e-18 	1.4642e-14 	   0 	   0 	2.2011e-14 	   0 	   0 	1.5784e-14 	 3.297e-17 	 5.9069e-17 	1.3019e-14 	   0 	   0 	1.4993e-14 	 5.4458e-17 	   0 	1.2743e-14 	   0 	   0 	1.152e-14 	 -2.8937e-17 	 -1.1569e-18 	9.2606e-15 	 6.0833e-17 	 -8.4216e-17 	1.069e-14 	   0 	   0 	
1.431e+04 	2.6135e-13 	 9.704e-14 	 -2.3124e-14 	5.2309e-14 	   0 	   0 	2.1227e-13 	 6.1952e-15 	 3.5179e-15 	1.1719e-13 	   0 	   0 	5.841e-14 	 3.0525e-27 	 1.7707e-27 	5.699e-14 	 -4.8233e-18 	 -5.4105e-18 	3.2755e-14 	 -1.7726e-20 	 2.7138e-20 	5.2865e-14 	   0 	   0 	4.0698e-14 	   0 	   0 	4.3171e-14 	   0 	   0 	4.9711e-14 	   0 	   0 	3.1466e-14 	   0 	   0 	1.8455e-14 	 4.8642e-20 	 -1.6566e-20 	1.8973e-14 	   0 	   0 	3.4215e-14 	 -1.068e-15 	 -5.8959e-16 	2.4645e-14 	 -5.0086e-16 	 -6.9266e-16 	2.3025e-14 	 -6.0718e-18 	 -2.11e-17 	2.262e-14 	   0 	   0 	2.36e-14 	 7.0179e-18 	 -2.2596e-19 	2.3058e-14 	 1.5035e-17 	 -3.4979e-16 	2.0475e-14 	   0 	   0 	1.3864e-14 	   0 	   0 	2.1982e-14 	 9.9536e-20 	 -1.1027e-18 	1.5058e-14 	   0 	   0 	2.1193e-14 	   0 	   0 	9.3751e-15 	 -8.0709e-17 	 6.7906e-17 	1.5822e-14 	   0 	   0 	1.0758e-14 	 8.276e-18 	 -2.6064e-17 	1.5641e-14 	 -1.1281e-16 	 -5.1715e-17 	8.7956e-15 	   0 	   0 	
1.453e+04 	3.341e-13 	 -8.4174e-14 	 7.7296e-14 	6.1116e-14 	 4.2209e-15 	 -6.8189e-16 	5.1746e-14 	   0 	   0 	7.3141e-14 	   0 	   0 	7.7023e-14 	   0 	   0 	7.3087e-14 	   0 	   0 	3.0939e-14 	   0 	   0 	5.9e-14 	   0 	   0 	3.1621e-14 	   0 	   0 	3.9857e-14 	   0 	   0 	4.1868e-14 	 -1.2897e-16 	 -6.1415e-16 	4.2503e-14 	 5.1688e-16 	   0 	2.2983e-14 	   0 	   0 	2.488e-14 	 1.2244e-18 	   0 	1.4449e-14 	   0 	   0 	2.3597e-14 	 1.8939e-19 	 -3.3768e-21 	1.9657e-14 	   0 	   0 	2.7334e-14 	 -3.1259e-20 	 9.5332e-21 	2.818e-14 	 5.7672e-17 	   0 	1.9225e-14 	 1.6199e-17 	 4.3611e-17 	1.1301e-14 	 -1.5481e-17 	 2.4206e-17 	1.6159e-14 	   0 	   0 	2.0965e-14 	   0 	   0 	1.4698e-14 	 -9.1081e-18 	 -4.1975e-18 	2.0077e-14 	   0 	   0 	1.0744e-14 	   0 	   0 	1.1952e-14 	   0 	   0 	1.1238e-14 	   0 	   0 	1.3703e-14 	   0 	   0 	6.7965e-15 	 -5.7433e-17 	 9.6274e-17 	
1.475e+04 	1.5912e-13 	   0 	   0 	9.8521e-14 	 1.7256e-14 	 3.568e-14 	1.4422e-13 	   0 	   0 	1.0917e-13 	   0 	   0 	5.4759e-14 	   0 	   0 	3.1657e-14 	   0 	   0 	4.8768e-14 	   0 	   0 	4.0463e-14 	 -1.0004e-22 	 -2.682e-22 	2.4028e-14 	 4.8539e-21 	 -5.1529e-20 	4.2718e-14 	   0 	   0 	2.8069e-14 	 -6.7532e-17 	 -5.8496e-17 	3.9114e-14 	   0 	   0 	2.8356e-14 	 -7.1119e-20 	 -5.0477e-21 	3.3497e-14 	   0 	   0 	3.4208e-14 	 2.2793e-17 	 6.0072e-18 	3.9797e-14 	 -1.4985e-15 	 5.1452e-16 	2.8282e-14 	 -4.2678e-17 	 -2.07e-17 	1.8182e-14 	 -1.2205e-19 	 -2.2627e-18 	2.1517e-14 	 5.8346e-16 	   0 	1.9972e-14 	 6.2718e-17 	 -1.7572e-16 	1.9634e-14 	 1.2761e-18 	 1.7405e-18 	1.8171e-14 	   0 	   0 	2.2938e-14 	   0 	   0 	2.2144e-14 	 -1.1568e-16 	 -1.1997e-17 	1.5613e-14 	   0 	   0 	9.6608e-15 	   0 	   0 	1.179e-14 	   0 	   0 	1.3775e-14 	   0 	   0 	1.1894e-14 	   0 	   0 	8.5692e-15 	   0 	   0 	
1.497e+04 	8.7361e-14 	   0 	   0 	1.0548e-13 	   0 	   0 	4.3588e-14 	 1.0872e-16 	 2.5463e-15 	8.2643e-14 	   0 	   0 	6.4081e-14 	 -1.6409e-19 	 -1.158e-19 	7.861e-14 	 -1.4848e-19 	 -8.1247e-20 	4.7018e-14 	 2.1982e-20 	 -1.3509e-19 	4.6668e-14 	   0 	   0 	3.1268e-14 	   0 	   0 	2.5532e-14 	 -1.3081e-15 	 -1.5715e-15 	3.7452e-14 	 2.8352e-20 	 -1.4113e-19 	3.496e-14 	 -5.1791e-16 	 4.1541e-16 	4.1762e-14 	   0 	   0 	2.376e-14 	   0 	   0 	2.5202e-14 	   0 	   0 	1.7261e-14 	   0 	   0 	3.2156e-14 	   0 	   0 	2.5672e-14 	 -9.2854e-19 	 -3.5695e-19 	2.5864e-14 	   0 	   0 	1.9122e-14 	   0 	   0 	1.9255e-14 	 5.0431e-19 	 -7.4123e-17 	1.827e-14 	   0 	   0 	1.5346e-14 	 6.0287e-18 	 3.8849e-18 	2.224e-14 	 -1.728e-17 	 1.1975e-18 	1.8285e-14 	 1.1889e-16 	 1.3299e-17 	1.6906e-14 	 2.3922e-17 	 -1.0835e-17 	1.2006e-14 	   0 	   0 	1.5877e-14 	   0 	   0 	1.4833e-14 	   0 	   0 	1.2828e-14 	   0 	   0 	
1.519e+04 	3.7895e-14 	 3.1675e-18 	 6.2841e-19 	1.746e-13 	 -1.4181e-15 	 1.5409e-15 	6.8587e-14 	   0 	   0 	4.0775e-14 	   0 	   0 	9.2906e-14 	   0 	   0 	6.6635e-14 	   0 	   0 	4.2519e-14 	   0 	   0 	2.754e-14 	   0 	   0 	3.5737e-14 	 7.7167e-18 	 6.0646e-18 	2.9407e-14 	   0 	   0 	2.9011e-14 	 1.3532e-19 	 1.6301e-20 	3.5476e-14 	 9.5327e-17 	   0 	2.1763e-14 	 -5.8846e-19 	 -4.1387e-19 	1.6891e-14 	   0 	   0 	1.0477e-14 	 -4.5836e-18 	 6.8932e-18 	1.4117e-14 	 -1.7669e-16 	 -9.7302e-17 	2.5003e-14 	 9.8011e-17 	 8.329e-19 	1.6277e-14 	   0 	   0 	2.5433e-14 	   0 	   0 	2.1718e-14 	 3.9674e-17 	   0 	1.8983e-14 	   0 	   0 	1.9012e-14 	   0 	   0 	1.8523e-14 	   0 	   0 	2.5007e-14 	   0 	   0 	1.2045e-14 	 3.2815e-18 	   0 	1.8089e-14 	   0 	   0 	1.6834e-14 	 -4.5024e-17 	 -7.1548e-17 	1.6595e-14 	   0 	   0 	1.7152e-14 	   0 	   0 	8.8398e-15 	 1.8525e-18 	 2.9819e-19 	
1.541e+04 	1.0068e-14 	   0 	   0 	8.7285e-14 	   0 	   0 	8.2945e-14 	   0 	   0 	6.5562e-14 	 1.7437e-21 	 -9.7068e-22 	9.6268e-14 	 1.386e-15 	 -1.2957e-16 	7.6653e-14 	 1.008e-20 	 -1.013e-20 	4.8504e-14 	   0 	   0 	3.8162e-14 	   0 	   0 	4.6604e-14 	 8.2265e-17 	 -1.2258e-16 	3.6066e-14 	   0 	   0 	2.4271e-14 	   0 	   0 	2.9066e-14 	   0 	   0 	1.8955e-14 	   0 	   0 	2.3598e-14 	 2.5379e-19 	 5.7517e-19 	3.6374e-14 	   0 	   0 	2.0857e-14 	 -8.1488e-20 	 -2.0543e-19 	3.3818e-14 	 -4.6451e-17 	 -1.8405e-16 	2.2394e-14 	 7.3845e-21 	 -4.1296e-18 	1.7814e-14 	   0 	   0 	1.9056e-14 	 1.3221e-20 	 -2.7074e-21 	2.5302e-14 	 -3.141e-16 	 5.3326e-16 	2.2183e-14 	 1.6339e-17 	 1.5088e-17 	2.3177e-14 	   0 	   0 	1.5082e-14 	 1.875e-17 	 1.8134e-17 	1.8505e-14 	   0 	   0 	1.7313e-14 	 -6.1773e-17 	 6.0927e-17 	1.1576e-14 	 -2.0209e-18 	 -1.1197e-20 	1.4336e-14 	   0 	   0 	1.7352e-14 	   0 	   0 	7.9933e-15 	 -8.1712e-18 	 -1.6349e-16 	
1.563e+04 	7.3274e-14 	   0 	   0 	5.1647e-14 	   0 	   0 	4.5298e-14 	   0 	   0 	1.5247e-13 	   0 	   0 	1.1445e-13 	   0 	   0 	4.697e-14 	 -9.5606e-17 	 -5.3533e-18 	4.0103e-14 	   0 	   0 	4.19e-14 	   0 	   0 	2.2331e-14 	 9.3083e-25 	 -2.8856e-23 	2.0198e-14 	 5.8859e-20 	 2.2802e-21 	3.1779e-14 	 -1.0523e-15 	 1.8698e-15 	2.1256e-14 	 -5.6908e-20 	 -1.6555e-20 	2.021e-14 	 1.7434e-20 	 -7.8521e-20 	2.2687e-14 	 -8.6664e-20 	 1.7337e-20 	2.3116e-14 	 4.8791e-19 	 4.1222e-18 	3.0563e-14 	 -4.1584e-18 	 8.2938e-19 	2.1936e-14 	   0 	   0 	1.7743e-14 	   0 	   0 	2.0541e-14 	 -1.5114e-17 	 -6.0035e-18 	1.4231e-14 	   0 	   0 	1.3477e-14 	 6.3318e-18 	 -6.5023e-18 	2.316e-14 	   0 	   0 	1.6986e-14 	   0 	   0 	1.7218e-14 	   0 	   0 	1.788e-14 	 -3.938e-18 	 5.9309e-19 	1.3481e-14 	   0 	   0 	1.8906e-14 	   0 	   0 	1.6495e-14 	   0 	   0 	1.0415e-14 	   0 	   0 	1.1755e-14 	   0 	   0 	
1.585e+04 	8.8374e-14 	 2.3401e-14 	 -6.7026e-15 	4.3441e-14 	   0 	   0 	4.4284e-14 	   0 	   0 	4.2349e-14 	 4.7765e-51 	 -8.0456e-52 	7.4089e-14 	   0 	   0 	3.6681e-14 	 -9.7763e-20 	 1.0095e-21 	2.8895e-14 	 1.5333e-20 	 8.147e-20 	7.0944e-14 	   0 	   0 	3.9847e-14 	 3.4625e-20 	 2.1498e-20 	3.6869e-14 	   0 	   0 	4.173e-14 	   0 	   0 	2.9612e-14 	   0 	   0 	2.0182e-14 	 -1.3901e-20 	 7.9102e-20 	2.4808e-14 	 3.6488e-16 	 -1.473e-15 	1.4695e-14 	   0 	   0 	1.5596e-14 	 -9.363e-20 	 -7.4307e-19 	2.6356e-14 	   0 	   0 	2.7226e-14 	   0 	   0 	2.5684e-14 	 3.8904e-19 	 -1.2772e-17 	1.5567e-14 	   0 	   0 	1.9483e-14 	 1.6691e-17 	 2.5625e-17 	1.6342e-14 	   0 	   0 	1.8861e-14 	   0 	   0 	1.3414e-14 	 -6.5479e-17 	 5.0108e-17 	1.2241e-14 	 -4.6185e-21 	 3.6326e-21 	1.3607e-14 	 4.9418e-16 	   0 	1.0898e-14 	   0 	   0 	1.3953e-14 	   0 	   0 	1.622e-14 	 1.2161e-16 	 8.7444e-17 	1.671e-14 	   0 	   0 	
1.607e+04 	2.0114e-14 	 -1.7297e-14 	 -8.4799e-15 	2.8899e-14 	   0 	   0 	1.302e-13 	 4.4935e-15 	 3.6366e-15 	7.0785e-14 	 -4.5511e-15 	 -3.5358e-16 	8.0593e-14 	   0 	   0 	5.3229e-14 	 1.6849e-15 	 2.3454e-17 	4.7401e-14 	   0 	   0 	6.1343e-14 	   0 	   0 	3.5243e-14 	   0 	   0 	1.981e-14 	 8.9226e-21 	 5.2311e-21 	3.8356e-14 	   0 	   0 	3.4723e-14 	   0 	   0 	2.9001e-14 	   0 	   0 	2.4366e-14 	   0 	   0 	1.7487e-14 	 3.3839e-19 	 2.131e-18 	1.599e-14 	 1.9041e-16 	 -1.051e-16 	1.9144e-14 	   0 	   0 	1.1685e-14 	 -9.5229e-19 	 -3.3472e-18 	2.1588e-14 	 3.479e-16 	   0 	1.8989e-14 	 2.2194e-18 	 4.7604e-18 	1.9133e-14 	   0 	   0 	2.8647e-14 	   0 	   0 	2.3713e-14 	 3.0062e-17 	 2.5754e-17 	1.5798e-14 	   0 	   0 	2.5781e-14 	 -9.5426e-18 	 -2.152e-18 	1.5969e-14 	 -2.1173e-17 	 1.1134e-17 	1.2255e-14 	 -3.8092e-16 	 7.9229e-16 	1.3623e-14 	 6.4688e-17 	 9.7658e-19 	1.2769e-14 	 1.348e-17 	 -5.7511e-18 	1.0518e-14 	   0 	   0 	
1.629e+04 	2.003e-14 	   0 	   0 	5.5886e-14 	 -3.6052e-17 	 5.0656e-17 	6.0701e-14 	   0 	   0 	8.7609e-14 	 -7.8887e-22 	 -3.3822e-22 	6.7926e-14 	 9.4693e-43 	 -5.3743e-43 	7.8286e-14 	 -6.9086e-16 	 1.0731e-15 	4.2622e-14 	 8.6896e-16 	 8.0352e-16 	3.5778e-14 	   0 	   0 	4.2626e-14 	 1.7622e-16 	 2.369e-15 	2.9666e-14 	 4.1185e-18 	 -9.879e-19 	2.5176e-14 	   0 	   0 	1.9583e-14 	 3.696e-17 	 1.0556e-20 	3.3047e-14 	 1.238e-16 	   0 	2.7145e-14 	   0 	   0 	2.5801e-14 	   0 	   0 	2.3891e-14 	   0 	   0 	2.6425e-14 	   0 	   0 	1.5916e-14 	 5.886e-17 	   0 	1.6515e-14 	   0 	   0 	2.2034e-14 	   0 	   0 	1.3798e-14 	   0 	   0 	1.3954e-14 	   0 	   0 	1.9894e-14 	 3.0835e-17 	 -1.7566e-17 	1.9683e-14 	 6.7105e-17 	   0 	2.1689e-14 	   0 	   0 	1.7063e-14 	 -2.0668e-17 	 -1.5419e-16 	1.5352e-14 	 -1.5334e-16 	 8.3974e-18 	1.7867e-14 	   0 	   0 	1.217e-14 	   0 	   0 	1.3842e-14 	   0 	   0 	
1.651e+04 	3.794e-14 	   0 	   0 	5.391e-14 	 6.4284e-17 	 4.5999e-16 	4.5647e-14 	   0 	   0 	1.5606e-14 	 -5.6447e-18 	 5.8925e-17 	6.4263e-14 	   0 	   0 	4.0555e-14 	 -2.1494e-16 	 4.6032e-15 	4.2363e-14 	   0 	   0 	4.7263e-14 	   0 	   0 	4.7791e-14 	   0 	   0 	2.0564e-14 	 -4.387e-17 	 5.7611e-17 	1.9115e-14 	 -1.1815e-28 	 -2.6594e-28 	4.7123e-14 	 4.8422e-21 	 -1.0248e-20 	2.9927e-14 	 -1.181e-19 	 6.6272e-20 	2.1145e-14 	   0 	   0 	3.1248e-14 	 -6.7727e-19 	 5.6672e-19 	2.7484e-14 	   0 	   0 	1.6202e-14 	   0 	   0 	1.671e-14 	   0 	   0 	1.78e-14 	   0 	   0 	2.2533e-14 	   0 	   0 	7.7441e-15 	 -6.7994e-19 	 2.2137e-19 	1.9545e-14 	 1.6917e-17 	 3.5163e-17 	1.8523e-14 	 -5.7703e-17 	 -1.7133e-16 	1.3041e-14 	   0 	   0 	1.7732e-14 	 -1.8467e-18 	 4.7537e-18 	1.1022e-14 	 1.8648e-17 	 -6.6019e-19 	1.5285e-14 	 -2.2189e-16 	 6.2755e-17 	1.7315e-14 	   0 	   0 	1.3373e-14 	 9.9286e-18 	   0 	5.1571e-15 	   0 	   0 	
1.673e+04 	2.0701e-14 	   0 	   0 	4.0355e-14 	   0 	   0 	5.5631e-14 	   0 	   0 	3.528e-14 	   0 	   0 	2.3755e-14 	   0 	   0 	4.5238e-14 	   0 	   0 	4.5932e-14 	   0 	   0 	5.9515e-14 	 -1.2133e-16 	 -2.9974e-16 	3.5525e-14 	   0 	   0 	4.8724e-14 	 -6.4048e-16 	 -1.7199e-16 	2.103e-14 	 -1.947e-15 	 6.6286e-16 	3.7894e-14 	   0 	   0 	1.6457e-14 	   0 	   0 	1.4564e-14 	 -2.1416e-21 	 1.7479e-20 	3.1286e-14 	 -1.0196e-16 	 2.4582e-16 	1.9162e-14 	   0 	   0 	2.008e-14 	 2.0248e-18 	   0 	2.3835e-14 	   0 	   0 	1.843e-14 	   0 	   0 	2.3252e-14 	   0 	   0 	1.7549e-14 	 -4.1249e-18 	 3.5392e-18 	1.4961e-14 	   0 	   0 	1.9825e-14 	 -5.099e-21 	 4.2882e-22 	1.4993e-14 	 3.8927e-17 	 -8.6514e-19 	2.0434e-14 	   0 	   0 	1.7662e-14 	 -5.8646e-17 	 7.8232e-17 	1.2763e-14 	   0 	   0 	1.3202e-14 	   0 	   0 	1.2079e-14 	   0 	   0 	1.0202e-14 	   0 	   0 	
1.695e+04 	1.4281e-15 	   0 	   0 	5.4211e-14 	   0 	   0 	3.6199e-14 	   0 	   0 	6.6402e-14 	 -1.7122e-21 	 5.1036e-22 	4.1166e-14 	   0 	   0 	3.912e-14 	   0 	   0 	3.5545e-14 	   0 	   0 	4.7867e-14 	 1.2387e-16 	 5.0485e-16 	2.6296e-14 	 -7.7461e-22 	 -1.108e-23 	2.3847e-14 	   0 	   0 	3.3084e-14 	 -1.1412e-20 	 2.0836e-20 	2.4229e-14 	 -1.0501e-15 	 -7.4416e-16 	1.8788e-14 	 -6.5286e-20 	 -3.8978e-19 	2.1235e-14 	 -1.3326e-15 	 4.5962e-16 	1.8643e-14 	   0 	   0 	2.1296e-14 	   0 	   0 	1.6439e-14 	   0 	   0 	3.6067e-14 	   0 	   0 	1.8829e-14 	 7.3288e-17 	 4.5929e-16 	1.9154e-14 	   0 	   0 	1.3522e-14 	   0 	   0 	2.0338e-14 	   0 	   0 	1.605e-14 	   0 	   0 	1.503e-14 	   0 	   0 	1.7301e-14 	 3.8919e-17 	 -1.0292e-17 	2.5755e-14 	 1.2975e-16 	   0 	1.2701e-14 	   0 	   0 	1.3677e-14 	   0 	   0 	1.0583e-14 	   0 	   0 	9.1531e-15 	   0 	   0 	
1.717e+04 	3.9254e-16 	   0 	   0 	4.9298e-14 	   0 	   0 	3.4695e-14 	 -7.6438e-17 	 1.7304e-17 	2.5451e-14 	   0 	   0 	5.768e-14 	   0 	   0 	6.2027e-14 	 -6.2551e-16 	 -4.7755e-15 	4.7768e-14 	 -9.6611e-16 	 5.8937e-16 	2.7394e-14 	   0 	   0 	3.703e-14 	   0 	   0 	4.1624e-14 	 1.3368e-15 	 8.8155e-16 	3.6391e-14 	   0 	   0 	2.2287e-14 	 4.9971e-16 	 -9.877e-16 	2.2479e-14 	   0 	   0 	3.213e-14 	   0 	   0 	2.5711e-14 	 -1.2895e-16 	 -1.3345e-16 	2.5336e-14 	   0 	   0 	1.5648e-14 	   0 	   0 	2.3794e-14 	 1.4816e-17 	 1.1707e-17 	2.5116e-14 	   0 	   0 	2.6711e-14 	   0 	   0 	2.131e-14 	   0 	   0 	1.558e-14 	   0 	   0 	2.1183e-14 	 -2.063e-16 	 2.4279e-16 	1.5868e-14 	   0 	   0 	2.3377e-14 	   0 	   0 	1.1078e-14 	   0 	   0 	1.5365e-14 	 -1.4336e-17 	 -9.099e-18 	1.6972e-14 	 2.5048e-16 	 -2.8508e-16 	9.7833e-15 	   0 	   0 	1.105e-14 	   0 	   0 	
1.739e+04 	1.248e-14 	 -4.1354e-15 	 -9.5722e-15 	7.3973e-14 	 2.0655e-14 	 1.1657e-15 	3.5638e-14 	   0 	   0 	4.6393e-14 	   0 	   0 	4.5836e-14 	   0 	   0 	3.2199e-14 	   0 	   0 	2.8944e-14 	   0 	   0 	4.7639e-14 	 -2.251e-15 	 -1.0167e-16 	2.9789e-14 	 6.7259e-19 	 1.1847e-19 	2.574e-14 	   0 	   0 	1.8691e-14 	 -2.0356e-17 	 -3.9381e-17 	2.18e-14 	   0 	   0 	2.1898e-14 	 -6.5622e-20 	 5.7149e-20 	3.5679e-14 	   0 	   0 	2.2079e-14 	 4.8741e-25 	 5.5141e-24 	2.3394e-14 	   0 	   0 	1.3507e-14 	   0 	   0 	2.7528e-14 	 -7.413e-16 	 -7.2669e-16 	2.3256e-14 	 -2.2295e-16 	 8.397e-16 	2.271e-14 	 -1.2234e-20 	 3.8227e-21 	1.4282e-14 	   0 	   0 	2.7125e-14 	   0 	   0 	2.5384e-14 	 3.342e-16 	 4.5021e-18 	1.2773e-14 	 5.2836e-17 	 6.3224e-17 	1.7094e-14 	 8.2465e-17 	 5.3219e-17 	1.579e-14 	   0 	   0 	1.5748e-14 	 -4.4668e-17 	 -7.1349e-17 	1.2857e-14 	   0 	   0 	1.7807e-14 	   0 	   0 	9.5617e-15 	 -4.6694e-17 	 -4.8721e-17 	
1.761e+04 	7.6312e-14 	 2.7941e-14 	 4.5171e-14 	1.8875e-13 	   0 	   0 	5.7473e-14 	 1.7056e-28 	 2.8477e-28 	4.1819e-14 	 -8.2715e-16 	 9.9749e-16 	1.5396e-14 	   0 	   0 	6.2391e-14 	 -3.8857e-15 	 8.8667e-16 	2.2134e-14 	   0 	   0 	3.588e-14 	   0 	   0 	1.9393e-14 	   0 	   0 	3.4511e-14 	 3.192e-17 	 -1.7835e-17 	3.3305e-14 	   0 	   0 	3.9015e-14 	 -3.1867e-17 	 -2.4043e-17 	2.8563e-14 	   0 	   0 	2.6341e-14 	   0 	   0 	3.7398e-14 	 -1.2155e-17 	 -6.1572e-18 	1.4653e-14 	   0 	   0 	1.9744e-14 	   0 	   0 	2.3058e-14 	 -8.2176e-17 	 1.6527e-16 	2.1673e-14 	   0 	   0 	1.8958e-14 	   0 	   0 	2.1153e-14 	 -3.5688e-18 	 -3.1051e-19 	1.0964e-14 	   0 	   0 	1.3113e-14 	   0 	   0 	1.3815e-14 	   0 	   0 	1.9566e-14 	 -5.7853e-17 	 1.388e-17 	2.2639e-14 	 3.3682e-16 	 -1.8332e-16 	7.9476e-15 	   0 	   0 	1.7439e-14 	   0 	   0 	1.7621e-14 	 -1.0337e-16 	 4.6404e-17 	8.8648e-15 	 -7.4647e-17 	 -3.1418e-17 	
1.783e+04 	1.603e-14 	 1.9894e-16 	 -8.8672e-17 	1.4281e-13 	 -2.97e-14 	 -1.089e-13 	6.0786e-14 	 7.9855e-19 	 7.1301e-19 	6.3318e-14 	   0 	   0 	7.4013e-14 	 -3.2194e-15 	 1.2494e-15 	5.0754e-14 	   0 	   0 	1.9443e-14 	 8.6858e-18 	 -1.8051e-17 	2.3177e-14 	   0 	   0 	4.6542e-14 	   0 	   0 	2.0875e-14 	   0 	   0 	2.4152e-14 	   0 	   0 	3.6343e-14 	   0 	   0 	4.9738e-14 	   0 	   0 	1.6466e-14 	   0 	   0 	3.1048e-14 	   0 	   0 	1.1703e-14 	   0 	   0 	3.2121e-14 	   0 	   0 	2.6569e-14 	   0 	   0 	1.7454e-14 	 -4.8317e-16 	 -6.4408e-16 	1.538e-14 	 6.2051e-18 	 -5.8831e-18 	1.6585e-14 	 1.4493e-17 	 -2.477e-17 	1.7467e-14 	   0 	   0 	1.3879e-14 	   0 	   0 	1.2759e-14 	   0 	   0 	1.4186e-14 	   0 	   0 	1.2205e-14 	   0 	   0 	1.6442e-14 	   0 	   0 	1.3534e-14 	   0 	   0 	1.4698e-14 	   0 	   0 	1.2652e-14 	   0 	   0 	
1.805e+04 	7.2137e-14 	   0 	   0 	1.329e-13 	 -5.3909e-15 	 1.3637e-14 	1.312e-14 	   0 	   0 	6.3119e-14 	   0 	   0 	3.3305e-14 	 1.7227e-15 	 -4.5746e-15 	4.5545e-14 	   0 	   0 	3.1684e-14 	   0 	   0 	3.7919e-14 	   0 	   0 	3.0491e-14 	   0 	   0 	3.1285e-14 	   0 	   0 	3.1417e-14 	   0 	   0 	4.937e-14 	 6.9772e-16 	 -1.5802e-15 	1.4785e-14 	   0 	   0 	1.7938e-14 	 -5.3793e-16 	 1.9135e-16 	2.3083e-14 	   0 	   0 	7.2513e-15 	 -1.6712e-18 	 -1.6785e-18 	1.5483e-14 	 4.1663e-17 	   0 	1.3685e-14 	   0 	   0 	2.5264e-14 	   0 	   0 	2.9046e-14 	 4.6863e-17 	 2.3372e-17 	1.3788e-14 	   0 	   0 	2.1262e-14 	 1.4603e-17 	 -3.0182e-18 	1.882e-14 	 1.7911e-16 	 4.3694e-17 	1.8519e-14 	 5.878e-21 	   0 	1.731e-14 	   0 	   0 	2.2514e-14 	 1.648e-16 	 1.0835e-16 	1.4756e-14 	   0 	   0 	1.2563e-14 	   0 	   0 	1.8496e-14 	   0 	   0 	1.0549e-14 	   0 	   0 	
1.827e+04 	1.7288e-15 	   0 	   0 	1.3819e-13 	 1.0554e-13 	 -3.1065e-14 	1.4772e-14 	   0 	   0 	5.9353e-14 	   0 	   0 	5.402e-14 	   0 	   0 	3.664e-14 	   0 	   0 	3.7357e-14 	 -5.2894e-18 	 -2.6692e-17 	5.0795e-14 	 -2.3549e-20 	 3.4381e-20 	2.9691e-14 	 -2.7479e-16 	 -5.5561e-16 	3.5741e-14 	 6.9893e-20 	 -6.1955e-20 	2.576e-14 	   0 	   0 	1.3074e-14 	   0 	   0 	2.3231e-14 	   0 	   0 	2.5855e-14 	   0 	   0 	1.8351e-14 	 -1.246e-19 	 -7.7832e-20 	1.5002e-14 	   0 	   0 	1.6741e-14 	   0 	   0 	2.5733e-14 	 1.079e-16 	 3.6234e-17 	1.6761e-14 	   0 	   0 	3.3191e-14 	   0 	   0 	1.9076e-14 	   0 	   0 	1.5279e-14 	   0 	   0 	2.1806e-14 	   0 	   0 	2.1061e-14 	 -6.8247e-18 	 8.6193e-18 	1.6158e-14 	 1.7003e-16 	 -4.5186e-18 	1.7828e-14 	 -7.7231e-18 	 4.995e-18 	1.5273e-14 	   0 	   0 	1.1454e-14 	 6.749e-17 	 -1.206e-17 	1.4422e-14 	 -1.2578e-16 	 -8.9499e-17 	9.8986e-15 	   0 	   0 	
1.849e+04 	9.6207e-15 	   0 	   0 	6.6348e-14 	   0 	   0 	1.2627e-14 	   0 	   0 	3.133e-14 	   0 	   0 	5.3146e-14 	   0 	   0 	3.5388e-14 	   0 	   0 	4.3623e-14 	   0 	   0 	3.2877e-14 	   0 	   0 	3.664e-14 	 2.642e-17 	 -2.641e-17 	3.4873e-14 	   0 	   0 	2.6426e-14 	 -8.1372e-20 	 -9.3213e-20 	2.3537e-14 	   0 	   0 	1.3243e-14 	   0 	   0 	2.5906e-14 	 -1.5627e-15 	 2.8e-16 	2.4223e-14 	   0 	   0 	1.0394e-14 	   0 	   0 	1.7601e-14 	 -1.4734e-18 	 1.5866e-18 	1.5468e-14 	   0 	   0 	1.58e-14 	 6.0544e-19 	 -3.341e-19 	1.3979e-14 	 7.5528e-18 	 4.5606e-18 	1.6311e-14 	   0 	   0 	3.0728e-14 	   0 	   0 	2.1188e-14 	   0 	   0 	2.0846e-14 	   0 	   0 	1.7653e-14 	 1.5091e-18 	 -9.0915e-18 	2.1712e-14 	 -2.0217e-17 	 1.2203e-17 	1.5527e-14 	   0 	   0 	2.1391e-14 	 2.4433e-17 	 1.5606e-16 	1.3277e-14 	   0 	   0 	1.3577e-14 	 -7.337e-18 	 5.731e-18 	
1.871e+04 	2.5504e-14 	   0 	   0 	1.7887e-14 	   0 	   0 	7.5866e-14 	 1.1169e-14 	 4.131e-15 	5.6735e-14 	 -1.3656e-19 	 -9.9138e-20 	8.2265e-14 	 -2.083e-19 	 -1.7178e-20 	3.6858e-14 	 -8.514e-21 	 1.1387e-20 	2.2857e-14 	 -4.349e-20 	 3.2107e-20 	2.6039e-14 	   0 	   0 	3.1436e-14 	   0 	   0 	2.9553e-14 	   0 	   0 	2.1525e-14 	   0 	   0 	1.7772e-14 	   0 	   0 	2.4554e-14 	 -1.4049e-25 	 -5.6432e-26 	2.3103e-14 	 -1.8644e-24 	 -6.8898e-25 	1.6684e-14 	   0 	   0 	1.9145e-14 	 -6.4716e-18 	 1.7543e-17 	1.472e-14 	   0 	   0 	1.8334e-14 	   0 	   0 	1.363e-14 	   0 	   0 	1.9315e-14 	 1.1199e-18 	   0 	2.103e-14 	 3.447e-16 	 -2.177e-18 	2.4186e-14 	 8.6782e-18 	 2.5473e-18 	1.1386e-14 	   0 	   0 	1.7306e-14 	   0 	   0 	1.3336e-14 	   0 	   0 	1.7915e-14 	 -2.2688e-18 	 1.5846e-17 	1.2698e-14 	 -4.2839e-17 	 4.8736e-17 	1.13e-14 	 6.2595e-18 	   0 	1.208e-14 	   0 	   0 	9.778e-15 	 -5.0324e-18 	 -1.2953e-17 	
1.893e+04 	1.9676e-14 	   0 	   0 	5.1863e-14 	   0 	   0 	7.4475e-14 	 3.1278e-18 	 2.5691e-16 	2.419e-14 	   0 	   0 	4.9362e-14 	   0 	   0 	1.7023e-14 	   0 	   0 	2.3386e-14 	 2.7548e-20 	 3.2075e-19 	3.1884e-14 	   0 	   0 	2.9257e-14 	 5.4842e-16 	 -2.9283e-16 	1.8626e-14 	   0 	   0 	1.7812e-14 	   0 	   0 	8.3506e-15 	   0 	   0 	2.5135e-14 	   0 	   0 	1.2101e-14 	   0 	   0 	1.7418e-14 	   0 	   0 	1.4413e-14 	   0 	   0 	2.6334e-14 	   0 	   0 	1.527e-14 	   0 	   0 	2.147e-14 	 2.9618e-16 	   0 	1.2513e-14 	 6.8651e-19 	 -9.6598e-19 	1.3548e-14 	   0 	   0 	1.4213e-14 	   0 	   0 	1.8103e-14 	 7.3616e-17 	 -1.1846e-16 	1.5534e-14 	   0 	   0 	2.1981e-14 	 -1.8761e-16 	 4.0594e-17 	1.2743e-14 	 -7.4201e-17 	 1.172e-17 	7.3585e-15 	   0 	   0 	8.0812e-15 	 -4.2931e-21 	 3.7499e-21 	1.2368e-14 	 2.0518e-17 	 -3.5951e-17 	8.6804e-15 	   0 	   0 	
1.915e+04 	4.3123e-14 	   0 	   0 	6.7389e-14 	 -1.0502e-15 	 -1.2329e-16 	1.5359e-14 	   0 	   0 	3.3924e-14 	 -3.9288e-20 	 -2.2699e-21 	1.7556e-14 	   0 	   0 	3.2504e-14 	   0 	   0 	2.5227e-14 	   0 	   0 	4.7583e-14 	   0 	   0 	2.4666e-14 	   0 	   0 	2.2399e-14 	   0 	   0 	3.2543e-14 	   0 	   0 	1.9242e-14 	   0 	   0 	1.8122e-14 	 -2.8744e-16 	 4.9698e-16 	3.5443e-14 	   0 	   0 	2.6657e-14 	 -5.7633e-17 	 1.3968e-15 	2.2092e-14 	   0 	   0 	1.2154e-14 	   0 	   0 	1.4549e-14 	   0 	   0 	1.9539e-14 	   0 	   0 	2.2526e-14 	 -8.5329e-17 	 3.907e-17 	2.1936e-14 	   0 	   0 	1.5053e-14 	   0 	   0 	1.555e-14 	   0 	   0 	1.5751e-14 	 -6.832e-18 	 -3.5297e-19 	1.7873e-14 	   0 	   0 	2.1147e-14 	 -4.8317e-16 	 -4.4631e-17 	1.4375e-14 	   0 	   0 	1.243e-14 	   0 	   0 	1.2119e-14 	 -2.6553e-17 	 1.2585e-17 	1.1359e-14 	   0 	   0 	
1.937e+04 	  0 	   0 	   0 	3.0329e-14 	 -2.7374e-15 	 -2.1143e-15 	2.4833e-14 	   0 	   0 	4.0459e-14 	   0 	   0 	3.2775e-14 	   0 	   0 	5.1874e-14 	 3.1362e-15 	 5.9435e-16 	3.6899e-14 	   0 	   0 	2.9684e-14 	   0 	   0 	1.4833e-14 	 -2.5003e-20 	 -8.2597e-21 	4.0938e-14 	   0 	   0 	2.5162e-14 	 -1.4477e-15 	 -1.5303e-16 	3.5721e-14 	 -4.9481e-16 	 -4.5033e-16 	1.9932e-14 	 8.8966e-22 	 -6.4401e-21 	2.3129e-14 	   0 	   0 	1.4168e-14 	   0 	   0 	2.0068e-14 	   0 	   0 	1.6357e-14 	   0 	   0 	8.7891e-15 	   0 	   0 	2.0356e-14 	 -1.8232e-17 	 -3.7214e-17 	2.3251e-14 	 -3.0255e-16 	 5.7267e-16 	1.3367e-14 	   0 	   0 	2.4601e-14 	 8.6018e-17 	 -6.4701e-17 	1.338e-14 	   0 	   0 	1.7946e-14 	   0 	   0 	1.0731e-14 	   0 	   0 	1.3793e-14 	 1.0359e-16 	   0 	1.3061e-14 	 -2.0695e-17 	 -1.4036e-18 	1.4435e-14 	   0 	   0 	9.7319e-15 	   0 	   0 	9.2904e-15 	 -5.3421e-17 	 6.2706e-17 	
1.959e+04 	  0 	   0 	   0 	1.1644e-14 	   0 	   0 	2.2176e-14 	 5.1585e-17 	 1.928e-16 	6.3687e-14 	 -2.4599e-16 	 1.3808e-16 	2.7358e-14 	 1.1559e-42 	 2.7811e-43 	2.097e-14 	   0 	   0 	2.8514e-14 	 2.6205e-34 	 3.1727e-34 	5.5454e-15 	   0 	   0 	2.3349e-14 	   0 	   0 	1.7914e-14 	   0 	   0 	2.4352e-14 	   0 	   0 	3.8152e-14 	   0 	   0 	2.0704e-14 	   0 	   0 	2.3855e-14 	 2.1648e-18 	 8.2979e-20 	3.3812e-14 	   0 	   0 	1.9669e-14 	   0 	   0 	1.6564e-14 	   0 	   0 	1.5118e-14 	   0 	   0 	1.3472e-14 	 1.532e-17 	 4.8016e-17 	1.8676e-14 	   0 	   0 	2.0307e-14 	   0 	   0 	1.3105e-14 	 2.9871e-17 	 -1.1817e-17 	1.218e-14 	   0 	   0 	1.254e-14 	   0 	   0 	1.972e-14 	   0 	   0 	1.2379e-14 	   0 	   0 	1.4741e-14 	 2.347e-18 	 -6.9992e-18 	1.0497e-14 	   0 	   0 	1.1526e-14 	   0 	   0 	9.8044e-15 	   0 	   0 	
1.981e+04 	2.7723e-15 	   0 	   0 	1.1941e-14 	   0 	   0 	5.3651e-14 	   0 	   0 	5.5996e-14 	   0 	   0 	1.1309e-14 	 -1.6716e-43 	 -4.0276e-43 	3.1776e-14 	   0 	   0 	3.5277e-14 	 3.3504e-20 	   0 	4.3328e-14 	 -1.4244e-16 	 -1.4982e-16 	5.5078e-14 	 3.69e-16 	 -5.3487e-16 	3.9399e-14 	   0 	   0 	2.9145e-14 	   0 	   0 	2.7206e-14 	 1.917e-17 	   0 	1.5856e-14 	   0 	   0 	1.5525e-14 	   0 	   0 	1.9274e-14 	 -1.3097e-15 	 -5.0872e-17 	1.9058e-14 	   0 	   0 	1.9257e-14 	 3.2641e-23 	 2.6491e-23 	1.125e-14 	   0 	   0 	9.0074e-15 	   0 	   0 	9.973e-15 	   0 	   0 	2.1272e-14 	   0 	   0 	1.4369e-14 	   0 	   0 	1.5847e-14 	 5.9774e-17 	 -7.8046e-17 	1.4916e-14 	   0 	   0 	1.3591e-14 	   0 	   0 	1.7759e-14 	 8.0566e-16 	 2.3222e-15 	1.521e-14 	   0 	   0 	1.4618e-14 	 -3.8084e-18 	 4.6701e-18 	1.3315e-14 	   0 	   0 	9.4641e-15 	   0 	   0 	
2.003e+04 	1.1835e-15 	 -8.0433e-16 	 -4.3871e-16 	1.8538e-14 	   0 	   0 	9.8842e-14 	 4.8913e-15 	 1.0265e-15 	1.5303e-14 	   0 	   0 	1.6591e-14 	   0 	   0 	2.5306e-14 	   0 	   0 	2.9312e-14 	   0 	   0 	3.4065e-14 	   0 	   0 	2.6876e-14 	 -1.8865e-16 	 -2.133e-15 	1.3325e-14 	   0 	   0 	1.9006e-14 	   0 	   0 	1.4533e-14 	   0 	   0 	9.6074e-15 	   0 	   0 	1.3281e-14 	   0 	   0 	1.48e-14 	 2.1549e-19 	 5.0041e-21 	1.604e-14 	   0 	   0 	1.3511e-14 	 -3.3526e-18 	 -1.7714e-18 	1.7784e-14 	 3.0594e-17 	 -4.4298e-18 	1.4401e-14 	 -3.1962e-17 	 -1.1962e-16 	1.0085e-14 	   0 	   0 	1.6209e-14 	   0 	   0 	2.3007e-14 	 -2.368e-16 	 5.2804e-17 	1.3362e-14 	 2.3656e-17 	 3.4377e-17 	1.8916e-14 	   0 	   0 	1.5582e-14 	   0 	   0 	1.6828e-14 	   0 	   0 	1.1688e-14 	   0 	   0 	1.6842e-14 	   0 	   0 	1.688e-14 	   0 	   0 	7.38e-15 	 -6.859e-17 	 4.6734e-17 	
2.025e+04 	7.781e-15 	   0 	   0 	7.1026e-15 	   0 	   0 	9.1111e-15 	   0 	   0 	6.507e-14 	 -7.7089e-15 	 -1.7032e-14 	1.5541e-14 	   0 	   0 	2.8623e-14 	   0 	   0 	3.817e-14 	   0 	   0 	2.174e-14 	 -7.4322e-24 	 5.9975e-23 	2.2165e-14 	 1.8788e-15 	 4.1567e-16 	2.8411e-14 	   0 	   0 	2.1135e-14 	   0 	   0 	2.1003e-14 	   0 	   0 	3.461e-14 	   0 	   0 	1.8856e-14 	   0 	   0 	2.0316e-14 	   0 	   0 	2.5003e-14 	   0 	   0 	1.5012e-14 	   0 	   0 	1.5476e-14 	 -1.3943e-18 	 -2.8044e-18 	2.7078e-14 	   0 	   0 	1.189e-14 	   0 	   0 	2.219e-14 	 1.9413e-16 	 1.1938e-16 	1.3467e-14 	 3.6186e-17 	 5.6423e-17 	9.5383e-15 	   0 	   0 	1.4147e-14 	 -8.3961e-18 	 6.7303e-18 	1.7754e-14 	   0 	   0 	1.0879e-14 	   0 	   0 	1.3485e-14 	 -2.7192e-17 	 1.5037e-17 	1.193e-14 	 1.5787e-17 	 5.6949e-18 	1.9143e-14 	   0 	   0 	1.3173e-14 	 2.055e-17 	   0 	
2.047e+04 	1.4314e-15 	 4.9334e-18 	 -3.4116e-19 	1.849e-14 	 4.0214e-22 	 7.4431e-22 	2.4248e-14 	   0 	   0 	3.1198e-14 	   0 	   0 	5.7281e-14 	 2.9966e-15 	 6.2296e-15 	1.3198e-14 	   0 	   0 	1.2918e-14 	   0 	   0 	4.1455e-14 	 1.2743e-31 	 2.5584e-32 	3.0357e-14 	   0 	   0 	2.1431e-14 	 -1.0912e-19 	 -2.9456e-19 	1.6115e-14 	   0 	   0 	2.2505e-14 	   0 	   0 	2.3553e-14 	   0 	   0 	1.207e-14 	 3.7036e-17 	 -1.1294e-17 	2.1204e-14 	   0 	   0 	2.4089e-14 	   0 	   0 	1.6762e-14 	   0 	   0 	7.7555e-15 	   0 	   0 	2.6579e-14 	   0 	   0 	2.3482e-14 	 7.5709e-16 	 -6.6014e-16 	1.503e-14 	   0 	   0 	1.6719e-14 	 7.8309e-17 	 3.7729e-17 	1.5218e-14 	   0 	   0 	1.3387e-14 	 1.6802e-17 	   0 	1.3143e-14 	   0 	   0 	2.2574e-14 	   0 	   0 	1.3069e-14 	   0 	   0 	1.3537e-14 	   0 	   0 	1.3253e-14 	 -2.3955e-18 	 -2.8412e-17 	1.275e-14 	   0 	   0 	
2.069e+04 	1.5283e-15 	 -1.4553e-16 	 -1.1885e-15 	6.9824e-15 	 -1.9681e-19 	 1.0481e-18 	5.9889e-14 	   0 	   0 	1.6327e-14 	   0 	   0 	1.7976e-14 	   0 	   0 	2.6727e-14 	   0 	   0 	1.5693e-14 	   0 	   0 	1.0472e-14 	   0 	   0 	1.2154e-14 	 -2.1098e-15 	 -1.9554e-15 	1.2307e-14 	   0 	   0 	2.0561e-14 	   0 	   0 	2.0549e-14 	   0 	   0 	1.4318e-14 	   0 	   0 	8.9287e-15 	   0 	   0 	1.2573e-14 	   0 	   0 	1.5494e-14 	   0 	   0 	1.7363e-14 	   0 	   0 	2.0115e-14 	 1.2314e-21 	 4.9135e-22 	1.6617e-14 	   0 	   0 	1.8669e-14 	   0 	   0 	2.0666e-14 	   0 	   0 	1.8447e-14 	 -4.4713e-17 	 1.1928e-16 	1.724e-14 	 1.3281e-16 	   0 	1.6471e-14 	 4.1293e-18 	 -4.537e-18 	1.5758e-14 	   0 	   0 	1.4434e-14 	 5.5426e-18 	 1.3415e-17 	1.2173e-14 	   0 	   0 	1.0409e-14 	 -1.7003e-16 	 7.5891e-17 	1e-14 	   0 	   0 	1.2499e-14 	   0 	   0 	
2.091e+04 	8.0248e-18 	   0 	   0 	1.5594e-14 	 -1.7573e-18 	 -1.3501e-18 	1.7328e-14 	   0 	   0 	3.5121e-14 	 -8.0006e-15 	 -4.4402e-15 	3.7614e-14 	   0 	   0 	3.4354e-14 	   0 	   0 	3.0332e-14 	   0 	   0 	9.734e-15 	   0 	   0 	3.4446e-14 	 2.2634e-15 	 1.2845e-15 	1.4414e-14 	 1.3069e-28 	 -1.7115e-28 	1.7618e-14 	   0 	   0 	2.7498e-14 	   0 	   0 	1.0983e-14 	   0 	   0 	1.5803e-14 	   0 	   0 	1.7615e-14 	   0 	   0 	1.2808e-14 	   0 	   0 	1.4198e-14 	 1.3815e-16 	 1.0526e-16 	1.4364e-14 	   0 	   0 	1.8086e-14 	 3.352e-17 	 6.4294e-19 	1.3237e-14 	   0 	   0 	1.6673e-14 	   0 	   0 	1.7236e-14 	   0 	   0 	2.1462e-14 	   0 	   0 	7.7737e-15 	   0 	   0 	1.7513e-14 	   0 	   0 	1.3837e-14 	   0 	   0 	1.0289e-14 	   0 	   0 	1.6998e-14 	 2.5405e-17 	   0 	1.1052e-14 	   0 	   0 	7.1895e-15 	   0 	   0 	
2.113e+04 	1.5595e-14 	   0 	   0 	2.9816e-14 	 -7.2964e-19 	 -3.7021e-19 	4.5163e-14 	   0 	   0 	3.0857e-14 	   0 	   0 	1.0446e-14 	   0 	   0 	6.145e-15 	 -1.9001e-19 	 1.0316e-19 	2.5663e-14 	   0 	   0 	2.8427e-14 	   0 	   0 	2.4725e-14 	   0 	   0 	1.6657e-14 	   0 	   0 	2.02e-14 	 -1.1389e-15 	 2.2327e-16 	2.399e-14 	   0 	   0 	1.6604e-14 	   0 	   0 	8.6234e-15 	 9.1418e-16 	 -1.7092e-17 	1.0426e-14 	   0 	   0 	2.1252e-14 	   0 	   0 	1.1789e-14 	   0 	   0 	1.7478e-14 	   0 	   0 	1.7636e-14 	 5.4494e-18 	 -4.5854e-18 	1.6167e-14 	   0 	   0 	1.4546e-14 	   0 	   0 	1.9111e-14 	 -1.9297e-18 	 -4.9782e-19 	1.1792e-14 	 -2.4556e-17 	 4.8462e-18 	1.5714e-14 	   0 	   0 	1.1763e-14 	   0 	   0 	8.8128e-15 	 -3.1088e-17 	 -8.2256e-18 	8.8967e-15 	 1.4073e-18 	 -1.0531e-17 	1.4433e-14 	   0 	   0 	1.1962e-14 	   0 	   0 	8.173e-15 	   0 	   0 	
2.135e+04 	1.8048e-14 	 -2.5391e-15 	 2.5443e-15 	1.441e-15 	   0 	   0 	3.5351e-14 	   0 	   0 	6.6555e-14 	 6.872e-20 	 2.7158e-19 	2.8078e-14 	   0 	   0 	3.0496e-14 	 3.7607e-25 	 -5.4802e-25 	6.0772e-14 	   0 	   0 	1.2482e-14 	   0 	   0 	3.6569e-14 	   0 	   0 	1.8688e-14 	 4.692e-16 	 3.7552e-16 	2.9425e-14 	 1.2939e-15 	 -7.0145e-16 	1.3819e-14 	   0 	   0 	9.4038e-15 	   0 	   0 	8.2656e-15 	   0 	   0 	2.332e-14 	   0 	   0 	1.369e-14 	   0 	   0 	1.2705e-14 	   0 	   0 	1.5893e-14 	 -7.8081e-17 	 8.1336e-17 	1.4112e-14 	   0 	   0 	1.5375e-14 	   0 	   0 	1.1441e-14 	   0 	   0 	1.9706e-14 	 -1.4991e-17 	 5.3455e-17 	1.5639e-14 	 3.9368e-16 	 5.7728e-16 	1.6806e-14 	   0 	   0 	2.0883e-14 	   0 	   0 	8.3709e-15 	   0 	   0 	1.2637e-14 	   0 	   0 	1.2069e-14 	   0 	   0 	9.9703e-15 	   0 	   0 	9.7705e-15 	   0 	   0 	
2.157e+04 	  0 	   0 	   0 	8.0236e-15 	   0 	   0 	4.0994e-14 	 -6.878e-22 	 -8.2404e-22 	3.8879e-15 	 -3.5557e-19 	 3.6011e-19 	3.3816e-14 	   0 	   0 	2.361e-14 	   0 	   0 	9.4234e-15 	   0 	   0 	1.8056e-14 	   0 	   0 	1.9973e-14 	   0 	   0 	1.211e-14 	   0 	   0 	2.1185e-14 	   0 	   0 	3.1241e-14 	   0 	   0 	2.8023e-14 	   0 	   0 	1.4802e-14 	   0 	   0 	1.2726e-14 	 -2.5787e-19 	 -9.1864e-19 	1.6516e-14 	 -2.1594e-21 	 1.4686e-20 	1.3087e-14 	 3.2681e-19 	 -4.147e-19 	1.7393e-14 	 4.2559e-18 	 -3.5536e-18 	1.3415e-14 	 4.1061e-19 	 1.3118e-18 	1.6212e-14 	   0 	   0 	1.5113e-14 	   0 	   0 	1.5784e-14 	   0 	   0 	2.0321e-14 	   0 	   0 	1.4163e-14 	   0 	   0 	1.4699e-14 	   0 	   0 	1.2536e-14 	 -2.0202e-17 	 -9.5471e-19 	1.3089e-14 	 -1.9104e-18 	 -3.575e-18 	1.0545e-14 	 -1.7729e-17 	 3.711e-18 	1.2639e-14 	 2.3737e-17 	 1.1535e-16 	1.0624e-14 	   0 	   0 	
2.179e+04 	  0 	   0 	   0 	2.803e-14 	   0 	   0 	3.6154e-15 	 -2.484e-18 	 4.825e-18 	2.3929e-14 	   0 	   0 	5.3364e-14 	   0 	   0 	1.408e-14 	   0 	   0 	1.8803e-14 	   0 	   0 	3.1449e-14 	   0 	   0 	2.1004e-14 	   0 	   0 	1.3123e-14 	   0 	   0 	6.2901e-15 	 3.8358e-17 	 1.6389e-16 	2.7953e-14 	 1.3178e-17 	 -6.3273e-17 	1.6333e-14 	   0 	   0 	1.9305e-14 	   0 	   0 	1.4911e-14 	 -1.2629e-18 	 9.8928e-19 	9.4668e-15 	   0 	   0 	1.7117e-14 	   0 	   0 	1.5179e-14 	   0 	   0 	1.1115e-14 	 3.3942e-19 	 -4.2539e-19 	1.5506e-14 	   0 	   0 	1.7326e-14 	   0 	   0 	2.5489e-14 	 -3.1932e-16 	 -6.7184e-16 	1.7543e-14 	   0 	   0 	1.8431e-14 	   0 	   0 	1.3105e-14 	   0 	   0 	1.8026e-14 	 2.2605e-17 	 -4.3825e-17 	1.1588e-14 	   0 	   0 	7.8248e-15 	   0 	   0 	1.1502e-14 	   0 	   0 	9.4007e-15 	   0 	   0 	
2.201e+04 	  0 	   0 	   0 	4.127e-14 	   0 	   0 	2.2615e-14 	 -4.1413e-18 	 2.4413e-18 	4.5379e-14 	   0 	   0 	2.4861e-14 	   0 	   0 	6.0019e-15 	   0 	   0 	3.3631e-14 	   0 	   0 	1.9757e-14 	   0 	   0 	7.0221e-15 	 1.1103e-17 	   0 	2.5058e-14 	   0 	   0 	1.5214e-14 	   0 	   0 	2.7627e-14 	   0 	   0 	2.3306e-14 	   0 	   0 	2.1214e-14 	 -3.0306e-19 	 -1.7603e-20 	1.7801e-14 	 -1.2204e-16 	 -1.5748e-17 	9.4958e-15 	   0 	   0 	1.0172e-14 	   0 	   0 	1.6544e-14 	 -2.6386e-18 	 1.5014e-18 	7.6534e-15 	 8.4435e-17 	 1.0813e-16 	1.1034e-14 	   0 	   0 	1.1807e-14 	   0 	   0 	1.8023e-14 	 4.0095e-17 	 2.9002e-17 	1.4977e-14 	   0 	   0 	1.099e-14 	 5.8087e-17 	 -4.168e-17 	9.4584e-15 	   0 	   0 	1.2672e-14 	 1.8845e-17 	   0 	1.3625e-14 	   0 	   0 	1.2848e-14 	   0 	   0 	1.1924e-14 	   0 	   0 	1.1677e-14 	 4.5791e-17 	 -6.8136e-17 	
2.223e+04 	  0 	   0 	   0 	7.6971e-15 	   0 	   0 	8.4931e-14 	 -1.692e-15 	 -1.6748e-14 	2.347e-14 	 -9.1318e-51 	 -1.7134e-50 	1.592e-14 	   0 	   0 	1.5636e-14 	   0 	   0 	2.0497e-14 	   0 	   0 	3.9146e-14 	   0 	   0 	2.8768e-14 	 -7.3634e-16 	 -1.7405e-15 	1.6291e-14 	   0 	   0 	2.1716e-14 	 1.0186e-19 	 -3.0269e-20 	1.1683e-14 	 4.4833e-18 	 -4.4019e-18 	1.2744e-14 	   0 	   0 	1.3838e-14 	 4.3738e-17 	 -7.239e-16 	1.8086e-14 	   0 	   0 	8.3265e-15 	   0 	   0 	8.9107e-15 	   0 	   0 	2.2728e-14 	 -1.9707e-18 	 -3.1014e-19 	1.5179e-14 	 1.3533e-17 	   0 	1.3886e-14 	   0 	   0 	1.1168e-14 	 4.4066e-18 	 -4.9129e-17 	9.0225e-15 	   0 	   0 	1.7029e-14 	 5.0807e-18 	 7.4348e-18 	1.2061e-14 	   0 	   0 	1.279e-14 	 -5.3264e-21 	 7.4106e-21 	1.227e-14 	   0 	   0 	1.2238e-14 	   0 	   0 	1.1466e-14 	   0 	   0 	1.4023e-14 	 -1.4729e-17 	 -1.3958e-17 	1.1819e-14 	   0 	   0 	
2.245e+04 	7.5081e-14 	   0 	   0 	1.4316e-14 	   0 	   0 	4.4274e-14 	   0 	   0 	1.578e-14 	 1.3987e-19 	 -4.4027e-19 	4.0796e-14 	   0 	   0 	1.0515e-14 	   0 	   0 	1.6017e-14 	   0 	   0 	1.6751e-14 	   0 	   0 	1.6471e-14 	   0 	   0 	1.6064e-14 	   0 	   0 	1.8457e-14 	   0 	   0 	1.1192e-14 	   0 	   0 	1.9657e-14 	   0 	   0 	1.5325e-14 	   0 	   0 	1.1976e-14 	   0 	   0 	9.6068e-15 	   0 	   0 	1.1742e-14 	   0 	   0 	9.7929e-15 	 -1.7074e-18 	 3.7261e-19 	7.6672e-15 	   0 	   0 	1.727e-14 	   0 	   0 	1.4863e-14 	   0 	   0 	1.7629e-14 	   0 	   0 	1.2205e-14 	   0 	   0 	1.5615e-14 	 3.4708e-20 	 -1.9967e-16 	1.0785e-14 	   0 	   0 	1.2965e-14 	 1.9097e-17 	 -3.1004e-17 	9.5524e-15 	   0 	   0 	1.3202e-14 	   0 	   0 	1.4901e-14 	   0 	   0 	7.8609e-15 	 1.6918e-17 	 -6.3367e-18 	
2.267e+04 	1.2762e-14 	   0 	   0 	4.0482e-14 	   0 	   0 	7.5466e-15 	   0 	   0 	3.4307e-14 	   0 	   0 	6.2568e-15 	 1.0313e-16 	 1.9321e-16 	4.8459e-15 	   0 	   0 	9.6844e-15 	   0 	   0 	1.9506e-14 	 1.219e-15 	 3.1819e-16 	3.393e-14 	 -1.1806e-18 	 1.3192e-19 	6.4588e-15 	 1.3698e-17 	 1.7241e-16 	2.0243e-14 	   0 	   0 	1.3415e-14 	   0 	   0 	2.8074e-14 	   0 	   0 	2.3316e-14 	 -9.3618e-16 	 -1.6628e-15 	6.6242e-15 	   0 	   0 	1.2405e-14 	   0 	   0 	7.5488e-15 	   0 	   0 	1.5043e-14 	 1.3415e-17 	   0 	1.7603e-14 	   0 	   0 	1.1078e-14 	 -1.0941e-16 	 2.065e-17 	1.908e-14 	 7.1484e-18 	 4.5403e-18 	1.1183e-14 	   0 	   0 	1.3202e-14 	   0 	   0 	1.4488e-14 	   0 	   0 	1.7179e-14 	   0 	   0 	1.6617e-14 	 1.5796e-16 	 -1.4786e-16 	1.0097e-14 	   0 	   0 	9.7276e-15 	 -1.4853e-16 	 6.3783e-17 	8.8083e-15 	   0 	   0 	5.1749e-15 	   0 	   0 	
2.289e+04 	  0 	   0 	   0 	3.93e-14 	   0 	   0 	6.2878e-14 	   0 	   0 	1.5688e-14 	   0 	   0 	3.44e-15 	   0 	   0 	1.1116e-14 	   0 	   0 	1.4145e-14 	   0 	   0 	1.8283e-14 	 2.3045e-20 	 -1.5766e-19 	2.1976e-14 	 -9.2886e-16 	 -4.449e-16 	2.1954e-14 	 1.4565e-16 	 1.5513e-16 	1.4601e-14 	   0 	   0 	2.0071e-14 	   0 	   0 	1.6521e-14 	 -3.0582e-25 	 4.7022e-25 	1.3933e-14 	   0 	   0 	1.4481e-14 	   0 	   0 	1.6785e-14 	   0 	   0 	1.4613e-14 	 3.4211e-16 	 -2.4097e-16 	1.5591e-14 	   0 	   0 	1.1228e-14 	   0 	   0 	1.3535e-14 	 1.6918e-16 	 -3.5678e-16 	8.7332e-15 	 5.8772e-17 	 -1.7468e-17 	1.7525e-14 	   0 	   0 	1.5527e-14 	   0 	   0 	1.4995e-14 	 5.2093e-16 	 -5.9504e-18 	1.2559e-14 	 -9.2418e-18 	 -1.8027e-17 	1.3877e-14 	 7.581e-18 	 -1.1825e-19 	1.119e-14 	   0 	   0 	1.2261e-14 	   0 	   0 	9.4917e-15 	   0 	   0 	6.8812e-15 	   0 	   0 	
