1 
100
30 0.25 15.25 
1.110e+03 	9.506e-17 	   0 	   0 	  0 	   0 	   0 	  0 	   0 	   0 	  0 	   0 	   0 	  0 	   0 	   0 	  0 	   0 	   0 	  0 	   0 	   0 	  0 	   0 	   0 	  0 	   0 	   0 	  0 	   0 	   0 	  0 	   0 	   0 	  0 	   0 	   0 	  0 	   0 	   0 	  0 	   0 	   0 	  0 	   0 	   0 	  0 	   0 	   0 	  0 	   0 	   0 	  0 	   0 	   0 	  0 	   0 	   0 	  0 	   0 	   0 	  0 	   0 	   0 	  0 	   0 	   0 	  0 	   0 	   0 	  0 	   0 	   0 	  0 	   0 	   0 	  0 	   0 	   0 	  0 	   0 	   0 	  0 	   0 	   0 	  0 	   0 	   0 	  0 	   0 	   0 	
1.330e+03 	7.7069e-16 	   0 	   0 	  0 	   0 	   0 	9.8623e-18 	   0 	   0 	  0 	   0 	   0 	  0 	   0 	   0 	  0 	   0 	   0 	  0 	   0 	   0 	  0 	   0 	   0 	  0 	   0 	   0 	  0 	   0 	   0 	  0 	   0 	   0 	  0 	   0 	   0 	  0 	   0 	   0 	  0 	   0 	   0 	  0 	   0 	   0 	  0 	   0 	   0 	  0 	   0 	   0 	  0 	   0 	   0 	  0 	   0 	   0 	  0 	   0 	   0 	  0 	   0 	   0 	  0 	   0 	   0 	  0 	   0 	   0 	  0 	   0 	   0 	  0 	   0 	   0 	  0 	   0 	   0 	  0 	   0 	   0 	  0 	   0 	   0 	  0 	   0 	   0 	  0 	   0 	   0 	
1.550e+03 	9.4583e-16 	   0 	   0 	8.5553e-20 	   0 	   0 	  0 	   0 	   0 	  0 	   0 	   0 	  0 	   0 	   0 	  0 	   0 	   0 	  0 	   0 	   0 	  0 	   0 	   0 	  0 	   0 	   0 	  0 	   0 	   0 	  0 	   0 	   0 	  0 	   0 	   0 	  0 	   0 	   0 	  0 	   0 	   0 	  0 	   0 	   0 	  0 	   0 	   0 	  0 	   0 	   0 	  0 	   0 	   0 	  0 	   0 	   0 	  0 	   0 	   0 	  0 	   0 	   0 	  0 	   0 	   0 	  0 	   0 	   0 	  0 	   0 	   0 	  0 	   0 	   0 	  0 	   0 	   0 	  0 	   0 	   0 	  0 	   0 	   0 	  0 	   0 	   0 	  0 	   0 	   0 	
1.770e+03 	3.1285e-15 	 3.6884e-19 	 3.0836e-18 	1.9749e-17 	   0 	   0 	  0 	   0 	   0 	  0 	   0 	   0 	  0 	   0 	   0 	  0 	   0 	   0 	  0 	   0 	   0 	  0 	   0 	   0 	  0 	   0 	   0 	  0 	   0 	   0 	  0 	   0 	   0 	  0 	   0 	   0 	  0 	   0 	   0 	  0 	   0 	   0 	  0 	   0 	   0 	  0 	   0 	   0 	  0 	   0 	   0 	  0 	   0 	   0 	  0 	   0 	   0 	  0 	   0 	   0 	  0 	   0 	   0 	  0 	   0 	   0 	  0 	   0 	   0 	  0 	   0 	   0 	  0 	   0 	   0 	  0 	   0 	   0 	  0 	   0 	   0 	  0 	   0 	   0 	  0 	   0 	   0 	  0 	   0 	   0 	
1.990e+03 	4.8667e-15 	   0 	   0 	9.647e-17 	   0 	   0 	9.9599e-28 	   0 	   0 	8.4873e-17 	   0 	   0 	  0 	   0 	   0 	  0 	   0 	   0 	  0 	   0 	   0 	  0 	   0 	   0 	  0 	   0 	   0 	  0 	   0 	   0 	  0 	   0 	   0 	  0 	   0 	   0 	  0 	   0 	   0 	  0 	   0 	   0 	  0 	   0 	   0 	  0 	   0 	   0 	  0 	   0 	   0 	  0 	   0 	   0 	  0 	   0 	   0 	  0 	   0 	   0 	  0 	   0 	   0 	  0 	   0 	   0 	  0 	   0 	   0 	  0 	   0 	   0 	  0 	   0 	   0 	  0 	   0 	   0 	  0 	   0 	   0 	  0 	   0 	   0 	  0 	   0 	   0 	  0 	   0 	   0 	
2.210e+03 	1.2223e-14 	 4.3991e-19 	 -1.2694e-18 	3.124e-16 	   0 	   0 	1.4197e-17 	   0 	   0 	5.8097e-18 	   0 	   0 	3.5247e-18 	   0 	   0 	2.6095e-21 	   0 	   0 	2.2559e-18 	   0 	   0 	  0 	   0 	   0 	  0 	   0 	   0 	  0 	   0 	   0 	  0 	   0 	   0 	  0 	   0 	   0 	  0 	   0 	   0 	  0 	   0 	   0 	  0 	   0 	   0 	  0 	   0 	   0 	  0 	   0 	   0 	  0 	   0 	   0 	  0 	   0 	   0 	  0 	   0 	   0 	  0 	   0 	   0 	  0 	   0 	   0 	  0 	   0 	   0 	  0 	   0 	   0 	  0 	   0 	   0 	  0 	   0 	   0 	  0 	   0 	   0 	  0 	   0 	   0 	  0 	   0 	   0 	  0 	   0 	   0 	
2.430e+03 	9.429e-15 	   0 	   0 	4.7895e-16 	   0 	   0 	1.6845e-15 	   0 	   0 	4.4989e-17 	   0 	   0 	1.0177e-22 	   0 	   0 	4.9438e-22 	   0 	   0 	  0 	   0 	   0 	  0 	   0 	   0 	  0 	   0 	   0 	  0 	   0 	   0 	  0 	   0 	   0 	  0 	   0 	   0 	  0 	   0 	   0 	  0 	   0 	   0 	  0 	   0 	   0 	  0 	   0 	   0 	  0 	   0 	   0 	  0 	   0 	   0 	  0 	   0 	   0 	  0 	   0 	   0 	  0 	   0 	   0 	  0 	   0 	   0 	  0 	   0 	   0 	  0 	   0 	   0 	  0 	   0 	   0 	  0 	   0 	   0 	  0 	   0 	   0 	  0 	   0 	   0 	  0 	   0 	   0 	  0 	   0 	   0 	
2.650e+03 	9.522e-15 	 4.811e-18 	 1.8691e-17 	3.2861e-13 	   0 	   0 	7.1666e-17 	   0 	   0 	1.659e-14 	   0 	   0 	1.7479e-14 	   0 	   0 	1.4272e-17 	   0 	   0 	3.1011e-14 	   0 	   0 	2.1212e-77 	   0 	   0 	7.3957e-34 	   0 	   0 	  0 	   0 	   0 	  0 	   0 	   0 	  0 	   0 	   0 	  0 	   0 	   0 	  0 	   0 	   0 	  0 	   0 	   0 	  0 	   0 	   0 	  0 	   0 	   0 	  0 	   0 	   0 	  0 	   0 	   0 	  0 	   0 	   0 	  0 	   0 	   0 	  0 	   0 	   0 	  0 	   0 	   0 	  0 	   0 	   0 	  0 	   0 	   0 	  0 	   0 	   0 	  0 	   0 	   0 	  0 	   0 	   0 	  0 	   0 	   0 	  0 	   0 	   0 	
2.870e+03 	2.9137e-14 	 2.471e-18 	 -1.1515e-18 	9.6713e-16 	   0 	   0 	1.4837e-14 	   0 	   0 	2.5346e-17 	   0 	   0 	9.3439e-15 	   0 	   0 	2.585e-18 	   0 	   0 	7.5097e-19 	   0 	   0 	  0 	   0 	   0 	  0 	   0 	   0 	  0 	   0 	   0 	  0 	   0 	   0 	2.083e-14 	   0 	   0 	  0 	   0 	   0 	  0 	   0 	   0 	  0 	   0 	   0 	  0 	   0 	   0 	  0 	   0 	   0 	  0 	   0 	   0 	  0 	   0 	   0 	  0 	   0 	   0 	  0 	   0 	   0 	  0 	   0 	   0 	  0 	   0 	   0 	  0 	   0 	   0 	  0 	   0 	   0 	  0 	   0 	   0 	  0 	   0 	   0 	  0 	   0 	   0 	  0 	   0 	   0 	  0 	   0 	   0 	
3.090e+03 	2.2673e-13 	 -7.4151e-18 	 2.2004e-17 	2.3099e-14 	   0 	   0 	5.7696e-14 	   0 	   0 	9.3396e-14 	   0 	   0 	1.275e-17 	   0 	   0 	  0 	   0 	   0 	4.2517e-14 	   0 	   0 	5.4635e-19 	   0 	   0 	3.5803e-19 	   0 	   0 	2.6524e-18 	   0 	   0 	  0 	   0 	   0 	  0 	   0 	   0 	  0 	   0 	   0 	2.8173e-100 	   0 	   0 	  0 	   0 	   0 	  0 	   0 	   0 	  0 	   0 	   0 	  0 	   0 	   0 	1.0705e-14 	   0 	   0 	  0 	   0 	   0 	1.0161e-14 	   0 	   0 	  0 	   0 	   0 	  0 	   0 	   0 	  0 	   0 	   0 	  0 	   0 	   0 	  0 	   0 	   0 	  0 	   0 	   0 	  0 	   0 	   0 	  0 	   0 	   0 	  0 	   0 	   0 	
3.310e+03 	2.4856e-13 	 9.9806e-18 	 6.5614e-17 	1.4379e-14 	   0 	   0 	5.0711e-14 	   0 	   0 	1.009e-13 	   0 	   0 	2.5826e-17 	   0 	   0 	3.1241e-16 	   0 	   0 	2.1675e-15 	   0 	   0 	9.6219e-19 	   0 	   0 	4.0286e-18 	   0 	   0 	1.4091e-21 	   0 	   0 	3.2224e-22 	   0 	   0 	1.0825e-20 	   0 	   0 	  0 	   0 	   0 	  0 	   0 	   0 	  0 	   0 	   0 	4.2035e-83 	   0 	   0 	1.2348e-80 	   0 	   0 	1.4208e-71 	   0 	   0 	  0 	   0 	   0 	  0 	   0 	   0 	  0 	   0 	   0 	  0 	   0 	   0 	  0 	   0 	   0 	  0 	   0 	   0 	  0 	   0 	   0 	  0 	   0 	   0 	  0 	   0 	   0 	  0 	   0 	   0 	  0 	   0 	   0 	  0 	   0 	   0 	
3.530e+03 	1.0776e-13 	 2.7503e-18 	 1.5732e-18 	2.7601e-14 	   0 	   0 	1.6529e-13 	   0 	   0 	5.4969e-16 	 6.3098e-20 	 -8.3162e-19 	7.4197e-14 	   0 	   0 	4.8336e-14 	   0 	   0 	3.7462e-18 	   0 	   0 	6.4542e-18 	   0 	   0 	5.8967e-19 	   0 	   0 	5.6417e-18 	   0 	   0 	3.7886e-19 	   0 	   0 	  0 	   0 	   0 	5.866e-19 	   0 	   0 	1.0233e-18 	   0 	   0 	8.5802e-19 	   0 	   0 	  0 	   0 	   0 	3.3154e-19 	   0 	   0 	  0 	   0 	   0 	  0 	   0 	   0 	  0 	   0 	   0 	  0 	   0 	   0 	  0 	   0 	   0 	  0 	   0 	   0 	  0 	   0 	   0 	  0 	   0 	   0 	  0 	   0 	   0 	  0 	   0 	   0 	  0 	   0 	   0 	  0 	   0 	   0 	  0 	   0 	   0 	
3.750e+03 	3.4557e-13 	 -1.1245e-17 	 1.0998e-18 	1.7734e-14 	 -3.9251e-20 	 5.2271e-20 	3.0907e-13 	   0 	   0 	9.7545e-16 	   0 	   0 	3.4708e-17 	   0 	   0 	3.408e-14 	   0 	   0 	4.6678e-14 	   0 	   0 	1.1026e-17 	   0 	   0 	4.4023e-18 	   0 	   0 	2.6664e-18 	   0 	   0 	1.0757e-18 	   0 	   0 	8.6991e-21 	   0 	   0 	1.7925e-14 	   0 	   0 	6.4468e-19 	   0 	   0 	  0 	   0 	   0 	  0 	   0 	   0 	  0 	   0 	   0 	1.8713e-54 	   0 	   0 	1.1461e-50 	   0 	   0 	  0 	   0 	   0 	  0 	   0 	   0 	  0 	   0 	   0 	  0 	   0 	   0 	  0 	   0 	   0 	  0 	   0 	   0 	1.2744e-35 	   0 	   0 	  0 	   0 	   0 	  0 	   0 	   0 	  0 	   0 	   0 	  0 	   0 	   0 	
3.970e+03 	5.7582e-13 	   0 	   0 	1.2926e-13 	 1.062e-15 	 1.9841e-16 	1.174e-13 	   0 	   0 	2.59e-15 	   0 	   0 	4.6627e-16 	   0 	   0 	4.1704e-14 	   0 	   0 	9.2867e-18 	   0 	   0 	1.2176e-13 	   0 	   0 	4.7228e-18 	   0 	   0 	1.8813e-18 	   0 	   0 	2.3038e-14 	   0 	   0 	1.5084e-18 	   0 	   0 	1.8249e-69 	   0 	   0 	8.9676e-19 	   0 	   0 	  0 	   0 	   0 	6.2713e-19 	   0 	   0 	2.0316e-19 	   0 	   0 	1.0849e-17 	   0 	   0 	6.4838e-43 	   0 	   0 	  0 	   0 	   0 	2.3254e-41 	   0 	   0 	  0 	   0 	   0 	3.7027e-21 	   0 	   0 	  0 	   0 	   0 	  0 	   0 	   0 	  0 	   0 	   0 	  0 	   0 	   0 	2.2787e-30 	   0 	   0 	  0 	   0 	   0 	  0 	   0 	   0 	
4.190e+03 	3.4112e-13 	   0 	   0 	2.8584e-13 	   0 	   0 	1.0478e-13 	   0 	   0 	2.6371e-14 	   0 	   0 	2.0988e-14 	   0 	   0 	1.6586e-14 	   0 	   0 	8.0601e-14 	   0 	   0 	2.6317e-15 	   0 	   0 	3.8325e-14 	   0 	   0 	3.2624e-16 	   0 	   0 	1.671e-14 	   0 	   0 	1.948e-14 	   0 	   0 	2.3608e-15 	   0 	   0 	9.8549e-54 	   0 	   0 	  0 	   0 	   0 	  0 	   0 	   0 	6.7254e-19 	   0 	   0 	3.4865e-43 	   0 	   0 	  0 	   0 	   0 	  0 	   0 	   0 	3.3248e-36 	   0 	   0 	3.7421e-33 	   0 	   0 	3.1348e-19 	   0 	   0 	  0 	   0 	   0 	  0 	   0 	   0 	  0 	   0 	   0 	  0 	   0 	   0 	  0 	   0 	   0 	  0 	   0 	   0 	  0 	   0 	   0 	
4.410e+03 	8.4514e-13 	 -3.1061e-17 	 1.4697e-18 	4.5549e-13 	 -1.2532e-20 	 1.1714e-19 	1.3408e-13 	   0 	   0 	1.1053e-13 	 3.2419e-19 	 -2.6611e-18 	2.7681e-14 	   0 	   0 	5.5602e-14 	   0 	   0 	9.8203e-14 	   0 	   0 	1.7997e-15 	   0 	   0 	3.4381e-14 	   0 	   0 	2.249e-18 	   0 	   0 	2.1404e-15 	   0 	   0 	1.5785e-18 	   0 	   0 	2.9599e-14 	   0 	   0 	6.2837e-19 	   0 	   0 	1.9558e-16 	   0 	   0 	7.3889e-19 	   0 	   0 	2.3383e-14 	   0 	   0 	4.4884e-29 	   0 	   0 	4.7882e-19 	   0 	   0 	2.6613e-15 	   0 	   0 	  0 	   0 	   0 	1.2532e-30 	   0 	   0 	4.2784e-30 	   0 	   0 	3.1517e-28 	   0 	   0 	1.1722e-28 	   0 	   0 	  0 	   0 	   0 	  0 	   0 	   0 	  0 	   0 	   0 	1.5518e-17 	   0 	   0 	  0 	   0 	   0 	
4.630e+03 	9.5886e-15 	   0 	   0 	2.6835e-13 	   0 	   0 	4.3124e-13 	   0 	   0 	1.268e-13 	 8.5008e-20 	 3.3083e-20 	1.9137e-13 	   0 	   0 	4.2697e-14 	   0 	   0 	3.6526e-15 	   0 	   0 	1.9447e-14 	   0 	   0 	2.8175e-14 	   0 	   0 	1.2607e-16 	   0 	   0 	7.7437e-15 	   0 	   0 	4.2526e-18 	   0 	   0 	1.019e-14 	   0 	   0 	2.1166e-14 	   0 	   0 	2.6966e-21 	   0 	   0 	2.6621e-35 	   0 	   0 	7.4691e-19 	   0 	   0 	5.0155e-19 	   0 	   0 	4.9714e-22 	   0 	   0 	5.8236e-29 	   0 	   0 	6.8702e-26 	   0 	   0 	  0 	   0 	   0 	6.8664e-19 	   0 	   0 	  0 	   0 	   0 	  0 	   0 	   0 	4.7981e-25 	   0 	   0 	1.6809e-30 	   0 	   0 	  0 	   0 	   0 	  0 	   0 	   0 	  0 	   0 	   0 	
4.850e+03 	6.0866e-13 	 5.1354e-18 	 9.0121e-19 	1.9614e-13 	   0 	   0 	4.1169e-13 	   0 	   0 	6.4218e-14 	   0 	   0 	8.4052e-14 	   0 	   0 	7.2386e-14 	   0 	   0 	3.3381e-15 	   0 	   0 	7.3513e-17 	   0 	   0 	6.3077e-14 	 -5.0217e-39 	 5.5231e-39 	1.2758e-15 	   0 	   0 	1.8545e-14 	   0 	   0 	2.9131e-14 	   0 	   0 	2.8166e-14 	   0 	   0 	6.8038e-19 	   0 	   0 	1.8969e-18 	   0 	   0 	4.0969e-15 	   0 	   0 	6.9832e-20 	   0 	   0 	1.4908e-18 	   0 	   0 	7.6169e-20 	   0 	   0 	4.1787e-19 	   0 	   0 	9.0402e-24 	   0 	   0 	  0 	   0 	   0 	6.5994e-25 	   0 	   0 	  0 	   0 	   0 	  0 	   0 	   0 	4.2268e-15 	   0 	   0 	  0 	   0 	   0 	7.8322e-23 	   0 	   0 	  0 	   0 	   0 	5.9926e-23 	   0 	   0 	
5.070e+03 	3.1109e-14 	   0 	   0 	7.6961e-13 	 2.5826e-18 	 5.5733e-18 	1.5018e-13 	   0 	   0 	2.6375e-13 	   0 	   0 	7.9071e-15 	   0 	   0 	2.2491e-14 	   0 	   0 	9.8587e-15 	   0 	   0 	8.2015e-15 	   0 	   0 	6.7751e-14 	   0 	   0 	1.2812e-17 	   0 	   0 	1.951e-14 	   0 	   0 	2.5849e-18 	   0 	   0 	5.6012e-18 	   0 	   0 	3.8127e-19 	   0 	   0 	1.8263e-14 	   0 	   0 	1.7178e-20 	   0 	   0 	2.4244e-29 	   0 	   0 	8.5048e-15 	   0 	   0 	6.7695e-18 	   0 	   0 	1.8093e-17 	   0 	   0 	4.0242e-17 	   0 	   0 	9.8263e-21 	   0 	   0 	5.7074e-20 	   0 	   0 	  0 	   0 	   0 	3.8516e-24 	   0 	   0 	1.2239e-21 	   0 	   0 	  0 	   0 	   0 	  0 	   0 	   0 	  0 	   0 	   0 	  0 	   0 	   0 	
5.290e+03 	7.6485e-13 	 -3.6188e-17 	 4.458e-19 	9.2449e-13 	   0 	   0 	2.8819e-13 	   0 	   0 	4.5211e-14 	   0 	   0 	4.326e-14 	   0 	   0 	4.5178e-14 	 -3.7457e-19 	 5.1104e-19 	1.5208e-17 	   0 	   0 	3.3331e-17 	   0 	   0 	3.514e-14 	   0 	   0 	5.6252e-16 	   0 	   0 	8.8377e-15 	   0 	   0 	2.3232e-14 	   0 	   0 	4.5286e-18 	   0 	   0 	1.3832e-14 	   0 	   0 	1.7622e-14 	   0 	   0 	1.6238e-16 	   0 	   0 	4.94e-18 	   0 	   0 	6.4446e-19 	   0 	   0 	1.3008e-14 	   0 	   0 	2.5803e-17 	   0 	   0 	4.5812e-22 	   0 	   0 	2.709e-21 	   0 	   0 	3.0506e-19 	   0 	   0 	1.6913e-17 	   0 	   0 	4.3409e-19 	   0 	   0 	8.388e-21 	   0 	   0 	  0 	   0 	   0 	3.6172e-19 	   0 	   0 	  0 	   0 	   0 	  0 	   0 	   0 	
5.510e+03 	1.5949e-12 	 -2.3592e-13 	 1.064e-14 	7.5771e-13 	   0 	   0 	2.3215e-13 	   0 	   0 	2.522e-13 	   0 	   0 	1.943e-13 	 2.7415e-15 	 -3.3337e-15 	2.7427e-14 	   0 	   0 	5.27e-14 	 5.4372e-21 	 -5.9187e-20 	8.1643e-14 	   0 	   0 	1.7044e-15 	   0 	   0 	3.5894e-15 	   0 	   0 	3.5073e-14 	   0 	   0 	7.2296e-14 	   0 	   0 	1.6161e-14 	   0 	   0 	5.7208e-18 	   0 	   0 	2.6947e-15 	   0 	   0 	1.5663e-14 	   0 	   0 	1.5204e-14 	   0 	   0 	1.9461e-14 	   0 	   0 	4.3219e-19 	   0 	   0 	1.4477e-18 	   0 	   0 	5.6164e-15 	   0 	   0 	6.7931e-22 	   0 	   0 	7.0001e-19 	   0 	   0 	2.7697e-15 	   0 	   0 	4.7169e-19 	   0 	   0 	3.9398e-19 	   0 	   0 	1.7344e-19 	   0 	   0 	9.1814e-18 	   0 	   0 	  0 	   0 	   0 	5.5959e-23 	   0 	   0 	
5.730e+03 	1.561e-12 	 1.4872e-13 	 1.8849e-13 	5.6725e-13 	 4.3348e-14 	 -8.453e-14 	1.4384e-13 	   0 	   0 	1.4513e-13 	 -2.6729e-20 	 2.3075e-18 	1.9698e-13 	   0 	   0 	1.5389e-13 	   0 	   0 	8.424e-15 	   0 	   0 	1.3087e-14 	   0 	   0 	6.182e-14 	   0 	   0 	3.0243e-14 	   0 	   0 	3.6301e-15 	   0 	   0 	3.6245e-14 	   0 	   0 	2.4593e-18 	   0 	   0 	8.9388e-15 	   0 	   0 	1.6823e-15 	   0 	   0 	9.3837e-15 	   0 	   0 	3.0062e-16 	   0 	   0 	3.2007e-15 	   0 	   0 	1.317e-14 	   0 	   0 	1.0731e-14 	   0 	   0 	3.4162e-20 	   0 	   0 	1.0885e-19 	   0 	   0 	  0 	   0 	   0 	1.2967e-19 	   0 	   0 	3.6312e-19 	   0 	   0 	1.1369e-20 	   0 	   0 	9.9392e-19 	   0 	   0 	4.4902e-19 	   0 	   0 	8.1501e-20 	   0 	   0 	  0 	   0 	   0 	
5.950e+03 	4.0465e-13 	 -7.2893e-17 	 4.1816e-17 	3.6025e-13 	 1.5299e-18 	 -1.0415e-17 	1.983e-13 	   0 	   0 	1.8048e-13 	   0 	   0 	2.1582e-13 	   0 	   0 	2.7236e-13 	   0 	   0 	8.2569e-14 	   0 	   0 	6.1395e-14 	   0 	   0 	2.6051e-14 	   0 	   0 	6.6054e-14 	   0 	   0 	5.7149e-14 	   0 	   0 	1.4207e-14 	   0 	   0 	2.5272e-16 	   0 	   0 	1.9839e-14 	   0 	   0 	2.8846e-15 	   0 	   0 	1.502e-14 	   0 	   0 	4.8422e-14 	   0 	   0 	8.4063e-19 	   0 	   0 	1.4871e-14 	   0 	   0 	1.4196e-14 	   0 	   0 	3.7936e-19 	   0 	   0 	1.1675e-14 	   0 	   0 	1.1743e-18 	   0 	   0 	3.7162e-19 	   0 	   0 	9.7695e-22 	   0 	   0 	1.1468e-14 	   0 	   0 	2.2693e-19 	   0 	   0 	6.3006e-21 	   0 	   0 	9.052e-19 	   0 	   0 	  0 	   0 	   0 	
6.170e+03 	1.092e-13 	   0 	   0 	4.616e-13 	 -2.1436e-20 	 -6.4928e-20 	5.4143e-14 	   0 	   0 	1.7115e-15 	   0 	   0 	2.7277e-13 	   0 	   0 	4.9442e-14 	   0 	   0 	3.2538e-16 	   0 	   0 	6.1321e-15 	   0 	   0 	1.0026e-14 	   0 	   0 	1.8411e-14 	   0 	   0 	3.5299e-14 	   0 	   0 	2.6714e-16 	   0 	   0 	1.9881e-14 	   0 	   0 	1.78e-15 	   0 	   0 	2.1956e-16 	   0 	   0 	1.2072e-15 	   0 	   0 	1.2906e-14 	   0 	   0 	1.9612e-14 	   0 	   0 	4.323e-16 	   0 	   0 	1.2795e-14 	   0 	   0 	2.956e-18 	   0 	   0 	9.9987e-19 	   0 	   0 	1.0703e-18 	   0 	   0 	9.3441e-15 	   0 	   0 	2.0291e-15 	   0 	   0 	3.044e-19 	   0 	   0 	3.818e-15 	   0 	   0 	2.5102e-15 	   0 	   0 	2.9593e-19 	   0 	   0 	6.2042e-20 	   0 	   0 	
6.390e+03 	8.3411e-13 	   0 	   0 	5.0205e-14 	   0 	   0 	2.1019e-13 	 5.3496e-15 	 -3.1085e-15 	1.67e-13 	 4.97e-35 	 1.1527e-34 	2.042e-13 	 -4.8166e-16 	 -1.7612e-15 	1.1253e-13 	   0 	   0 	1.2728e-13 	   0 	   0 	8.034e-14 	   0 	   0 	1.7484e-14 	   0 	   0 	1.9256e-15 	   0 	   0 	1.2005e-14 	   0 	   0 	1.9332e-15 	   0 	   0 	4.5653e-14 	 1.2781e-16 	 -3.3361e-17 	1.5723e-14 	   0 	   0 	1.5136e-14 	   0 	   0 	2.2125e-18 	   0 	   0 	3.4e-15 	   0 	   0 	3.9156e-18 	   0 	   0 	1.2829e-14 	   0 	   0 	5.3988e-15 	   0 	   0 	1.1936e-14 	   0 	   0 	2.3228e-19 	   0 	   0 	1.0722e-14 	   0 	   0 	5.7449e-19 	   0 	   0 	8.3853e-19 	   0 	   0 	6.2526e-15 	   0 	   0 	  0 	   0 	   0 	8.4051e-19 	   0 	   0 	7.8085e-19 	   0 	   0 	2.0043e-19 	   0 	   0 	
6.610e+03 	5.2319e-13 	 -2.0596e-13 	 -1.141e-13 	2.5887e-13 	 6.2914e-14 	 -8.3148e-14 	1.1871e-13 	   0 	   0 	2.4062e-13 	   0 	   0 	2.3254e-13 	   0 	   0 	1.2503e-13 	   0 	   0 	1.3111e-14 	   0 	   0 	2.348e-16 	   0 	   0 	5.4935e-14 	   0 	   0 	1.3897e-14 	   0 	   0 	9.7623e-15 	   0 	   0 	6.3914e-15 	   0 	   0 	3.9347e-14 	   0 	   0 	1.0808e-14 	   0 	   0 	1.8679e-14 	   0 	   0 	2.0946e-14 	   0 	   0 	7.1739e-15 	   0 	   0 	1.2858e-18 	   0 	   0 	2.233e-15 	   0 	   0 	2.4508e-14 	   0 	   0 	6.5258e-19 	   0 	   0 	5.6166e-17 	   0 	   0 	1.0584e-14 	   0 	   0 	1.1228e-20 	   0 	   0 	6.3548e-19 	   0 	   0 	2.2508e-15 	   0 	   0 	2.7146e-16 	   0 	   0 	3.4264e-19 	   0 	   0 	1.4557e-19 	   0 	   0 	1.0188e-19 	   0 	   0 	
6.830e+03 	1.1017e-12 	 -1.7437e-13 	 -7.1934e-14 	4.0885e-13 	 -2.0698e-14 	 -2.0388e-15 	5.3397e-14 	   0 	   0 	1.8271e-13 	   0 	   0 	1.4898e-13 	   0 	   0 	1.2209e-13 	   0 	   0 	7.8274e-14 	   0 	   0 	2.3668e-14 	   0 	   0 	6.9267e-14 	   0 	   0 	6.6536e-14 	   0 	   0 	4.5307e-16 	   0 	   0 	2.4461e-15 	   0 	   0 	3.0358e-15 	   0 	   0 	5.6058e-15 	   0 	   0 	4.8071e-14 	 2.5383e-16 	 -2.2427e-15 	1.3742e-14 	   0 	   0 	3.7344e-16 	   0 	   0 	1.3632e-14 	   0 	   0 	2.1233e-15 	   0 	   0 	3.1562e-17 	   0 	   0 	1.7314e-14 	   0 	   0 	9.9431e-16 	   0 	   0 	1.518e-14 	   0 	   0 	3.9355e-15 	   0 	   0 	3.8734e-19 	   0 	   0 	4.5018e-15 	   0 	   0 	2.5292e-15 	   0 	   0 	1.065e-18 	   0 	   0 	4.4811e-19 	   0 	   0 	4.2767e-19 	   0 	   0 	
7.050e+03 	3.6135e-13 	 4.7646e-17 	 -1.2842e-17 	3.5279e-13 	 -7.8297e-14 	 -1.6177e-14 	1.7744e-13 	   0 	   0 	3.3436e-14 	   0 	   0 	9.2657e-14 	   0 	   0 	7.975e-14 	   0 	   0 	1.3118e-13 	   0 	   0 	9.9704e-14 	   0 	   0 	5.2466e-14 	   0 	   0 	1.9838e-14 	   0 	   0 	3.9544e-14 	   0 	   0 	4.3429e-14 	   0 	   0 	3.6463e-14 	   0 	   0 	1.2586e-14 	   0 	   0 	1.784e-14 	   0 	   0 	2.3411e-16 	   0 	   0 	3.0524e-15 	 7.9914e-18 	 -2.7963e-18 	1.0043e-17 	   0 	   0 	2.1735e-14 	   0 	   0 	2.2472e-14 	   0 	   0 	1.0296e-14 	   0 	   0 	7.8917e-19 	   0 	   0 	1.4922e-18 	   0 	   0 	1.5944e-18 	   0 	   0 	5.3133e-15 	   0 	   0 	1.3992e-15 	   0 	   0 	1.0964e-14 	   0 	   0 	1.0207e-18 	   0 	   0 	2.0502e-16 	   0 	   0 	1.1795e-19 	   0 	   0 	
7.270e+03 	7.2813e-13 	 -5.2662e-14 	 -2.3601e-13 	5.6517e-13 	 -1.7731e-19 	 -5.037e-19 	8.0536e-13 	   0 	   0 	1.1775e-13 	 1.6796e-18 	 6.1695e-19 	1.6422e-14 	   0 	   0 	2.1599e-13 	   0 	   0 	9.434e-14 	   0 	   0 	7.5596e-14 	   0 	   0 	1.1058e-14 	   0 	   0 	3.7279e-14 	   0 	   0 	4.2183e-16 	   0 	   0 	2.6428e-14 	   0 	   0 	4.6503e-14 	   0 	   0 	3.1518e-14 	   0 	   0 	2.3549e-14 	   0 	   0 	9.3675e-15 	   0 	   0 	4.2753e-14 	   0 	   0 	1.6689e-14 	   0 	   0 	2.5775e-14 	   0 	   0 	1.9142e-16 	   0 	   0 	2.1381e-14 	   0 	   0 	1.2605e-16 	   0 	   0 	8.8439e-18 	   0 	   0 	1.9036e-18 	   0 	   0 	3.2116e-15 	   0 	   0 	1.4445e-14 	   0 	   0 	1.6638e-18 	   0 	   0 	6.5375e-19 	   0 	   0 	3.8742e-16 	   0 	   0 	8.4969e-20 	   0 	   0 	
7.490e+03 	1.1042e-12 	 -2.8689e-17 	 4.8635e-17 	3.768e-13 	 -1.739e-13 	 -7.1332e-14 	3.4488e-13 	   0 	   0 	2.3267e-13 	   0 	   0 	1.4788e-13 	   0 	   0 	1.0694e-13 	   0 	   0 	3.426e-14 	   0 	   0 	4.3965e-14 	   0 	   0 	4.918e-14 	   0 	   0 	4.9355e-14 	   0 	   0 	3.3794e-15 	 3.4513e-17 	 -1.3233e-16 	8.2058e-14 	   0 	   0 	2.9542e-14 	   0 	   0 	2.4966e-14 	   0 	   0 	2.8834e-14 	   0 	   0 	2.6063e-15 	   0 	   0 	9.3517e-15 	   0 	   0 	1.7218e-15 	   0 	   0 	4.9476e-14 	   0 	   0 	2.5385e-14 	   0 	   0 	1.2422e-14 	   0 	   0 	1.0276e-15 	   0 	   0 	2.64e-20 	   0 	   0 	8.6239e-18 	   0 	   0 	9.8888e-15 	   0 	   0 	7.6004e-19 	   0 	   0 	1.1637e-18 	   0 	   0 	1.4484e-18 	   0 	   0 	5.2091e-17 	   0 	   0 	6.2619e-17 	   0 	   0 	
7.710e+03 	1.877e-13 	 -1.5633e-17 	 1.5273e-17 	3.5874e-13 	   0 	   0 	1.2348e-13 	   0 	   0 	3.3494e-14 	   0 	   0 	2.9301e-14 	   0 	   0 	3.2294e-14 	   0 	   0 	1.5608e-13 	   0 	   0 	4.8152e-14 	   0 	   0 	1.0477e-13 	   0 	   0 	2.0575e-14 	   0 	   0 	3.5543e-14 	   0 	   0 	6.2544e-14 	   0 	   0 	2.0407e-14 	   0 	   0 	3.4136e-14 	   0 	   0 	1.1171e-16 	   0 	   0 	4.7938e-14 	   0 	   0 	1.9538e-14 	   0 	   0 	2.1837e-14 	   0 	   0 	1.2085e-14 	   0 	   0 	9.1447e-15 	   0 	   0 	3.2137e-15 	   0 	   0 	3.7707e-15 	   0 	   0 	8.9011e-15 	   0 	   0 	3.4257e-16 	   0 	   0 	1.7758e-14 	   0 	   0 	9.3328e-15 	   0 	   0 	1.3227e-14 	   0 	   0 	7.9362e-15 	   0 	   0 	2.1324e-16 	   0 	   0 	6.5363e-15 	   0 	   0 	
7.930e+03 	6.5742e-13 	 -4.1337e-19 	 -9.7188e-19 	4.4081e-14 	   0 	   0 	1.6986e-14 	   0 	   0 	1.0691e-13 	   0 	   0 	1.8618e-13 	   0 	   0 	1.2567e-13 	   0 	   0 	8.4932e-14 	   0 	   0 	6.1851e-14 	   0 	   0 	2.0522e-14 	   0 	   0 	6.3163e-14 	   0 	   0 	3.7631e-14 	   0 	   0 	2.4907e-14 	   0 	   0 	1.053e-14 	   0 	   0 	3.103e-14 	   0 	   0 	6.4776e-15 	   0 	   0 	3.9243e-14 	   0 	   0 	2.8318e-14 	   0 	   0 	9.9657e-15 	   0 	   0 	3.2694e-15 	   0 	   0 	2.9916e-16 	   0 	   0 	1.0678e-14 	   0 	   0 	7.0983e-18 	   0 	   0 	9.1424e-15 	   0 	   0 	1.5385e-14 	   0 	   0 	1.0131e-15 	   0 	   0 	9.9616e-15 	   0 	   0 	1.3836e-18 	   0 	   0 	7.6325e-15 	   0 	   0 	1.616e-16 	   0 	   0 	3.5266e-17 	   0 	   0 	
8.150e+03 	3.6251e-13 	 -1.0863e-13 	 -3.0861e-14 	3.8321e-13 	   0 	   0 	1.3693e-14 	   0 	   0 	4.2946e-14 	   0 	   0 	6.6115e-15 	   0 	   0 	7.0285e-14 	   0 	   0 	6.7351e-14 	   0 	   0 	8.2202e-14 	   0 	   0 	8.2529e-14 	   0 	   0 	1.2877e-14 	   0 	   0 	2.3765e-14 	   0 	   0 	4.6813e-14 	 7.4563e-19 	 -2.7236e-19 	2.614e-14 	   0 	   0 	4.3558e-15 	   0 	   0 	7.4076e-15 	   0 	   0 	4.1198e-14 	   0 	   0 	1.5715e-14 	   0 	   0 	6.2576e-17 	   0 	   0 	1.6192e-14 	   0 	   0 	4.8346e-16 	   0 	   0 	3.029e-14 	   0 	   0 	6.7789e-15 	   0 	   0 	1.5173e-15 	   0 	   0 	2.6542e-18 	   0 	   0 	4.4268e-15 	   0 	   0 	5.8525e-15 	   0 	   0 	1.2287e-14 	   0 	   0 	3.8463e-18 	   0 	   0 	9.3523e-16 	   0 	   0 	7.4626e-21 	   0 	   0 	
8.370e+03 	6.8685e-13 	   0 	   0 	3.8483e-13 	   0 	   0 	4.0572e-14 	   0 	   0 	3.0196e-13 	   0 	   0 	4.0906e-14 	   0 	   0 	1.5347e-13 	   0 	   0 	4.4032e-14 	   0 	   0 	6.2648e-14 	   0 	   0 	8.3991e-14 	   0 	   0 	1.3064e-13 	   0 	   0 	1.0784e-15 	   0 	   0 	5.8789e-14 	   0 	   0 	7.3824e-15 	   0 	   0 	1.3439e-14 	   0 	   0 	1.755e-15 	   0 	   0 	2.4346e-14 	   0 	   0 	2.9572e-14 	   0 	   0 	2.0461e-14 	   0 	   0 	2.8916e-14 	   0 	   0 	1.1543e-14 	   0 	   0 	1.4569e-18 	   0 	   0 	2.1845e-14 	   0 	   0 	8.0632e-15 	   0 	   0 	1.0058e-14 	   0 	   0 	6.7721e-16 	   0 	   0 	1.698e-14 	   0 	   0 	4.3687e-16 	   0 	   0 	6.7438e-15 	   0 	   0 	5.1276e-15 	   0 	   0 	2.6361e-18 	   0 	   0 	
8.590e+03 	1.3488e-12 	   0 	   0 	1.5832e-14 	   0 	   0 	5.1467e-13 	   0 	   0 	1.9093e-13 	   0 	   0 	9.1168e-15 	   0 	   0 	1.3352e-13 	   0 	   0 	4.1771e-15 	   0 	   0 	1.4291e-16 	   0 	   0 	2.106e-14 	   0 	   0 	6.1957e-14 	   0 	   0 	1.8996e-14 	   0 	   0 	5.1306e-14 	 3.3515e-18 	 -2.9709e-18 	3.3504e-14 	   0 	   0 	9.6117e-17 	   0 	   0 	5.2641e-14 	   0 	   0 	3.7105e-14 	   0 	   0 	7.5228e-15 	   0 	   0 	8.9011e-16 	   0 	   0 	2.3485e-14 	   0 	   0 	1.8051e-14 	   0 	   0 	6.6179e-16 	   0 	   0 	2.6712e-14 	   0 	   0 	4.9066e-16 	 1.0963e-16 	 6.6544e-17 	4.663e-15 	   0 	   0 	1.1509e-14 	   0 	   0 	2.9051e-17 	   0 	   0 	1.9646e-16 	   0 	   0 	1.0676e-15 	   0 	   0 	1.2097e-14 	   0 	   0 	6.384e-15 	   0 	   0 	
8.810e+03 	5.7982e-13 	   0 	   0 	5.1757e-14 	   0 	   0 	2.2492e-13 	   0 	   0 	1.0489e-13 	   0 	   0 	1.2921e-13 	   0 	   0 	5.7727e-14 	   0 	   0 	7.6515e-14 	   0 	   0 	1.3163e-13 	   0 	   0 	3.2767e-14 	 2.3272e-16 	 -6.8136e-15 	1.7245e-14 	   0 	   0 	9.748e-16 	   0 	   0 	1.4447e-14 	   0 	   0 	4.4243e-14 	 -4.755e-19 	 2.5188e-19 	1.5847e-14 	   0 	   0 	1.0828e-14 	   0 	   0 	4.983e-14 	   0 	   0 	5.0742e-14 	   0 	   0 	5.6775e-14 	 -6.9706e-19 	 2.905e-17 	2.7243e-14 	   0 	   0 	1.4327e-14 	   0 	   0 	2.8921e-15 	   0 	   0 	5.4835e-15 	   0 	   0 	2.0749e-16 	   0 	   0 	3.8525e-16 	   0 	   0 	1.0904e-14 	   0 	   0 	1.5118e-14 	   0 	   0 	1.9485e-15 	   0 	   0 	9.5902e-16 	   0 	   0 	1.1028e-15 	   0 	   0 	6.9474e-15 	   0 	   0 	
9.030e+03 	2.5556e-14 	 -5.4396e-15 	 4.6866e-15 	1.5854e-13 	   0 	   0 	1.1226e-13 	   0 	   0 	2.5406e-13 	 -7.6815e-14 	 9.0691e-14 	3.0538e-14 	   0 	   0 	1.9391e-13 	   0 	   0 	1.0221e-13 	   0 	   0 	1.2601e-13 	   0 	   0 	1.2851e-13 	   0 	   0 	1.6863e-15 	   0 	   0 	3.5419e-14 	   0 	   0 	8.2011e-14 	   0 	   0 	2.4005e-14 	   0 	   0 	6.1491e-14 	   0 	   0 	4.9304e-16 	   0 	   0 	3.2525e-15 	   0 	   0 	2.1424e-14 	   0 	   0 	4.1311e-16 	   0 	   0 	1.8318e-15 	   0 	   0 	8.2794e-16 	   0 	   0 	2.9114e-14 	   0 	   0 	1.2753e-14 	   0 	   0 	4.9806e-15 	   0 	   0 	4.25e-15 	   0 	   0 	1.1586e-14 	   0 	   0 	1.2192e-14 	   0 	   0 	9.3265e-15 	   0 	   0 	5.0832e-15 	   0 	   0 	4.3816e-15 	   0 	   0 	4.4295e-16 	   0 	   0 	
9.250e+03 	6.3196e-13 	   0 	   0 	1.0287e-15 	   0 	   0 	1.2592e-13 	   0 	   0 	3.3568e-13 	   0 	   0 	3.9309e-14 	   0 	   0 	8.7523e-14 	   0 	   0 	8.5485e-14 	   0 	   0 	6.9883e-14 	   0 	   0 	1.1705e-14 	   0 	   0 	3.8066e-15 	   0 	   0 	1.6607e-14 	   0 	   0 	8.4258e-14 	   0 	   0 	2.1417e-15 	   0 	   0 	2.1264e-14 	   0 	   0 	2.2426e-14 	 4.3655e-20 	 -3.4042e-19 	4.8809e-16 	   0 	   0 	2.2723e-14 	   0 	   0 	3.4156e-14 	 3.5715e-24 	 1.0041e-23 	1.0163e-14 	   0 	   0 	1.6516e-15 	   0 	   0 	3.1548e-14 	   0 	   0 	3.4658e-15 	   0 	   0 	6.639e-15 	   0 	   0 	1.0535e-14 	   0 	   0 	1.2019e-14 	   0 	   0 	3.8081e-15 	   0 	   0 	9.058e-15 	   0 	   0 	9.049e-15 	   0 	   0 	2.3609e-15 	   0 	   0 	2.0612e-15 	   0 	   0 	
9.470e+03 	3.8122e-16 	   0 	   0 	9.6107e-15 	   0 	   0 	1.861e-14 	   0 	   0 	2.2033e-13 	   0 	   0 	1.5526e-14 	   0 	   0 	4.0997e-14 	   0 	   0 	1.7126e-13 	   0 	   0 	1.882e-14 	   0 	   0 	9.0445e-14 	   0 	   0 	8.2157e-14 	   0 	   0 	2.8295e-14 	   0 	   0 	2.755e-14 	   0 	   0 	2.6667e-15 	   0 	   0 	3.2729e-14 	   0 	   0 	2.6533e-14 	   0 	   0 	4.5903e-16 	   0 	   0 	2.997e-14 	   0 	   0 	3.9549e-14 	   0 	   0 	2.5589e-14 	   0 	   0 	7.0493e-15 	   0 	   0 	5.8976e-15 	   0 	   0 	7.0873e-17 	   0 	   0 	2.5006e-15 	   0 	   0 	1.1345e-14 	   0 	   0 	2.0173e-15 	   0 	   0 	1.4331e-15 	 1.1786e-17 	   0 	8.3379e-15 	   0 	   0 	2.1754e-15 	   0 	   0 	5.1048e-15 	   0 	   0 	1.625e-15 	   0 	   0 	
9.690e+03 	1.759e-16 	 -1.9728e-18 	 -1.4781e-18 	1.3485e-15 	   0 	   0 	1.2762e-16 	   0 	   0 	1.7428e-13 	   0 	   0 	7.611e-14 	   0 	   0 	1.1527e-13 	 -1.6093e-14 	 -5.2384e-14 	4.4189e-14 	   0 	   0 	4.2591e-14 	   0 	   0 	5.2032e-15 	   0 	   0 	3.1533e-14 	   0 	   0 	1.2547e-14 	   0 	   0 	5.4519e-14 	   0 	   0 	1.4499e-14 	   0 	   0 	3.2749e-14 	   0 	   0 	1.834e-14 	   0 	   0 	4.0572e-14 	   0 	   0 	6.1042e-15 	   0 	   0 	6.7652e-14 	   0 	   0 	6.3806e-15 	   0 	   0 	8.4049e-15 	   0 	   0 	1.6509e-14 	   0 	   0 	1.3421e-14 	   0 	   0 	3.8914e-16 	   0 	   0 	2.8828e-16 	   0 	   0 	1.0951e-14 	   0 	   0 	1.1351e-15 	   0 	   0 	1.0162e-15 	   0 	   0 	2.5331e-15 	   0 	   0 	6.6513e-15 	   0 	   0 	4.4174e-15 	   0 	   0 	
9.910e+03 	5.5275e-14 	   0 	   0 	1.6711e-13 	   0 	   0 	6.4955e-13 	   0 	   0 	4.6391e-17 	   0 	   0 	1.6239e-13 	   0 	   0 	7.1129e-14 	   0 	   0 	1.2222e-13 	 -3.8897e-14 	 -1.383e-14 	6.4513e-15 	   0 	   0 	9.5107e-15 	   0 	   0 	3.5452e-14 	   0 	   0 	2.9095e-14 	   0 	   0 	4.1648e-14 	   0 	   0 	3.4188e-14 	   0 	   0 	6.3311e-14 	 -4.1523e-15 	 -8.1145e-15 	3.3904e-14 	   0 	   0 	2.2095e-15 	   0 	   0 	2.8679e-14 	   0 	   0 	5.7309e-14 	   0 	   0 	7.3938e-15 	   0 	   0 	5.7022e-15 	   0 	   0 	2.754e-15 	   0 	   0 	4.6815e-14 	   0 	   0 	1.9663e-14 	   0 	   0 	3.6826e-16 	   0 	   0 	1.3191e-15 	   0 	   0 	1.0801e-14 	   0 	   0 	2.6863e-15 	   0 	   0 	2.8446e-15 	   0 	   0 	2.7063e-15 	   0 	   0 	7.2343e-18 	   0 	   0 	
1.013e+04 	1.0037e-16 	   0 	   0 	3.0715e-15 	   0 	   0 	4.7448e-14 	   0 	   0 	1.1618e-13 	   0 	   0 	3.0216e-13 	   0 	   0 	1.0594e-13 	   0 	   0 	5.6908e-14 	   0 	   0 	3.3222e-14 	   0 	   0 	1.7498e-14 	   0 	   0 	3.0614e-14 	   0 	   0 	4.4126e-14 	   0 	   0 	1.632e-14 	   0 	   0 	5.0224e-14 	   0 	   0 	2.0702e-14 	   0 	   0 	3.6803e-14 	   0 	   0 	4.8649e-14 	   0 	   0 	1.9413e-14 	   0 	   0 	1.3354e-15 	   0 	   0 	1.0311e-14 	   0 	   0 	1.4382e-14 	   0 	   0 	5.6389e-15 	   0 	   0 	2.8374e-14 	   0 	   0 	1.5815e-14 	   0 	   0 	1.293e-18 	   0 	   0 	4.8262e-15 	 6.7142e-17 	 -3.4413e-17 	7.8493e-15 	   0 	   0 	1.2883e-14 	   0 	   0 	2.1714e-14 	   0 	   0 	5.4786e-15 	   0 	   0 	1.3196e-14 	   0 	   0 	
1.035e+04 	5.4455e-14 	   0 	   0 	8.0602e-14 	 1.3738e-16 	 2.3372e-16 	1.4296e-13 	   0 	   0 	1.1637e-13 	   0 	   0 	1.0022e-14 	   0 	   0 	2.4032e-13 	   0 	   0 	3.7209e-14 	   0 	   0 	1.421e-14 	   0 	   0 	5.7308e-14 	   0 	   0 	1.6145e-14 	   0 	   0 	5.2385e-14 	   0 	   0 	9.7482e-15 	   0 	   0 	3.9657e-15 	 -3.6564e-18 	 6.1011e-18 	4.7036e-15 	   0 	   0 	9.8656e-14 	   0 	   0 	4.7039e-14 	   0 	   0 	2.4263e-14 	   0 	   0 	2.1604e-14 	   0 	   0 	1.0759e-14 	   0 	   0 	3.8607e-14 	   0 	   0 	1.4621e-14 	   0 	   0 	5.5986e-15 	   0 	   0 	1.5127e-14 	   0 	   0 	9.83e-15 	   0 	   0 	8.0534e-15 	   0 	   0 	1.9696e-14 	   0 	   0 	6.4701e-17 	   0 	   0 	8.966e-16 	   0 	   0 	1.1575e-14 	   0 	   0 	3.2102e-15 	   0 	   0 	
1.057e+04 	1.022e-13 	   0 	   0 	1.0002e-14 	   0 	   0 	3.5041e-13 	   0 	   0 	3.9179e-15 	   0 	   0 	7.4607e-14 	   0 	   0 	1.688e-13 	   0 	   0 	4.1047e-14 	   0 	   0 	1.8166e-13 	   0 	   0 	6.224e-14 	 -2.2282e-15 	 1.8089e-15 	4.5438e-14 	   0 	   0 	5.7761e-14 	   0 	   0 	4.7694e-14 	   0 	   0 	6.0407e-14 	   0 	   0 	5.1463e-14 	   0 	   0 	5.142e-15 	   0 	   0 	2.272e-14 	   0 	   0 	1.5433e-14 	 -1.5699e-15 	 9.4877e-16 	3.3504e-14 	   0 	   0 	6.1022e-15 	 9.3942e-16 	 9.3929e-16 	2.2203e-14 	   0 	   0 	3.3664e-14 	   0 	   0 	1.4317e-15 	   0 	   0 	1.0912e-14 	   0 	   0 	2.4373e-14 	   0 	   0 	1.0968e-14 	   0 	   0 	1.0223e-14 	   0 	   0 	9.9963e-16 	   0 	   0 	1.4157e-14 	   0 	   0 	7.5628e-16 	   0 	   0 	1.1143e-15 	   0 	   0 	
1.079e+04 	5.0978e-14 	   0 	   0 	3.946e-13 	 1.6523e-17 	 2.7541e-17 	9.4444e-15 	   0 	   0 	1.3915e-13 	   0 	   0 	1.2969e-14 	 4.5006e-18 	 3.3412e-18 	4.5942e-14 	   0 	   0 	4.551e-16 	   0 	   0 	1.1766e-13 	   0 	   0 	1.4405e-13 	   0 	   0 	2.3184e-14 	   0 	   0 	7.0197e-14 	   0 	   0 	3.5903e-14 	   0 	   0 	5.7677e-14 	   0 	   0 	3.5467e-14 	   0 	   0 	6.0022e-14 	   0 	   0 	6.902e-15 	   0 	   0 	3.2422e-14 	   0 	   0 	1.6791e-14 	   0 	   0 	1.4986e-14 	   0 	   0 	2.3919e-14 	   0 	   0 	4.7551e-15 	   0 	   0 	1.8069e-15 	   0 	   0 	9.3709e-15 	   0 	   0 	9.9616e-15 	   0 	   0 	8.4677e-15 	   0 	   0 	1.2443e-14 	   0 	   0 	2.5353e-14 	   0 	   0 	1.7055e-14 	   0 	   0 	1.5829e-14 	   0 	   0 	1.1898e-15 	   0 	   0 	
1.101e+04 	3.9848e-14 	 -1.3401e-14 	 3.7486e-14 	7.5706e-14 	   0 	   0 	8.0854e-14 	   0 	   0 	1.0708e-13 	   0 	   0 	1.6472e-13 	   0 	   0 	8.5979e-14 	   0 	   0 	1.0621e-14 	   0 	   0 	1.0034e-14 	   0 	   0 	2.1211e-14 	   0 	   0 	1.5099e-13 	   0 	   0 	1.3608e-14 	   0 	   0 	4.4603e-17 	   0 	   0 	4.4363e-14 	 7.8776e-21 	 -2.7734e-19 	1.8939e-15 	   0 	   0 	5.0278e-14 	   0 	   0 	1.4049e-14 	   0 	   0 	2.7963e-15 	   0 	   0 	2.4014e-14 	   0 	   0 	2.0422e-14 	   0 	   0 	6.7266e-15 	   0 	   0 	1.6621e-15 	   0 	   0 	3.8881e-14 	   0 	   0 	5.2457e-16 	   0 	   0 	2.022e-14 	 1.9935e-15 	 1.5112e-15 	2.0777e-15 	   0 	   0 	2.9352e-15 	   0 	   0 	1.5505e-15 	   0 	   0 	2.8745e-15 	   0 	   0 	3.2216e-15 	   0 	   0 	3.7198e-15 	   0 	   0 	
1.123e+04 	  0 	   0 	   0 	3.1385e-13 	   0 	   0 	3.4007e-14 	   0 	   0 	2.9583e-14 	   0 	   0 	1.8322e-13 	   0 	   0 	1.2388e-13 	   0 	   0 	2.3332e-14 	   0 	   0 	1.9928e-16 	   0 	   0 	1.8675e-14 	   0 	   0 	3.4107e-14 	   0 	   0 	4.6129e-14 	   0 	   0 	7.1461e-14 	   0 	   0 	3.754e-15 	   0 	   0 	1.8971e-14 	   0 	   0 	3.6666e-14 	   0 	   0 	2.8977e-14 	   0 	   0 	3.7647e-14 	   0 	   0 	3.4717e-14 	   0 	   0 	1.6685e-14 	   0 	   0 	3.8631e-15 	   0 	   0 	2.7532e-15 	   0 	   0 	2.6713e-14 	   0 	   0 	2.019e-14 	   0 	   0 	1.6473e-14 	   0 	   0 	6.7651e-15 	   0 	   0 	1.2219e-14 	   0 	   0 	4.7105e-15 	   0 	   0 	1.989e-15 	   0 	   0 	3.126e-14 	   0 	   0 	9.9288e-15 	   0 	   0 	
1.145e+04 	7.4467e-14 	 1.5485e-14 	 8.9173e-15 	6.0551e-17 	   0 	   0 	3.9275e-13 	   0 	   0 	2.1472e-14 	   0 	   0 	2.2102e-14 	   0 	   0 	9.9124e-14 	   0 	   0 	2.9536e-15 	   0 	   0 	6.751e-14 	   0 	   0 	6.4898e-14 	   0 	   0 	6.0766e-14 	   0 	   0 	1.1225e-14 	   0 	   0 	1.4667e-14 	   0 	   0 	5.4315e-14 	   0 	   0 	3.052e-14 	   0 	   0 	5.0801e-14 	   0 	   0 	1.1026e-15 	   0 	   0 	5.8452e-16 	   0 	   0 	7.2799e-15 	   0 	   0 	1.0147e-14 	   0 	   0 	6.5667e-15 	   0 	   0 	2.6167e-14 	   0 	   0 	1.4539e-14 	   0 	   0 	1.3477e-14 	   0 	   0 	4.8558e-16 	   0 	   0 	4.0434e-15 	   0 	   0 	7.2654e-15 	   0 	   0 	4.9024e-15 	   0 	   0 	4.2817e-16 	   0 	   0 	1.4768e-14 	   0 	   0 	1.2679e-17 	   0 	   0 	
1.167e+04 	3.8845e-16 	   0 	   0 	1.314e-13 	   0 	   0 	3.1029e-13 	   0 	   0 	9.6036e-15 	   0 	   0 	8.6281e-14 	   0 	   0 	9.0034e-14 	   0 	   0 	3.719e-14 	   0 	   0 	9.0812e-14 	   0 	   0 	3.8217e-14 	   0 	   0 	3.1837e-14 	   0 	   0 	1.6029e-14 	   0 	   0 	2.5732e-14 	 1.4932e-18 	   0 	8.5481e-14 	   0 	   0 	3.6706e-16 	   0 	   0 	5.5208e-14 	   0 	   0 	2.1991e-14 	   0 	   0 	4.1742e-15 	   0 	   0 	3.2219e-15 	   0 	   0 	1.2443e-14 	   0 	   0 	2.6642e-14 	   0 	   0 	1.8293e-14 	   0 	   0 	2.4725e-14 	   0 	   0 	4.7648e-16 	   0 	   0 	6.8638e-16 	   0 	   0 	3.9002e-15 	   0 	   0 	1.3532e-14 	   0 	   0 	8.1764e-15 	   0 	   0 	1.5268e-14 	   0 	   0 	1.3493e-14 	 -5.9096e-24 	 1.254e-23 	8.0393e-15 	   0 	   0 	
1.189e+04 	  0 	   0 	   0 	3.8528e-17 	 -9.7453e-19 	 5.6771e-19 	3.1811e-14 	   0 	   0 	2.3533e-17 	   0 	   0 	2.9857e-14 	   0 	   0 	7.3748e-14 	   0 	   0 	8.6759e-14 	   0 	   0 	1.0579e-13 	   0 	   0 	4.9011e-14 	   0 	   0 	4.0706e-14 	   0 	   0 	2.7775e-15 	 -5.9846e-17 	 2.5749e-16 	3.8591e-14 	   0 	   0 	3.0076e-15 	   0 	   0 	6.2358e-15 	   0 	   0 	2.9816e-14 	   0 	   0 	2.5172e-14 	   0 	   0 	4.9382e-14 	   0 	   0 	2.0446e-14 	   0 	   0 	1.3952e-14 	   0 	   0 	1.1673e-14 	   0 	   0 	1.1899e-15 	   0 	   0 	1.5697e-14 	   0 	   0 	1.7064e-14 	   0 	   0 	1.8267e-14 	   0 	   0 	1.5695e-14 	   0 	   0 	3.1799e-14 	   0 	   0 	1.1437e-14 	   0 	   0 	4.2852e-15 	   0 	   0 	9.0122e-15 	   0 	   0 	1.4834e-14 	   0 	   0 	
1.211e+04 	3.3944e-15 	   0 	   0 	4.3301e-15 	   0 	   0 	1.1833e-15 	   0 	   0 	1.0895e-15 	   0 	   0 	8.4903e-14 	   0 	   0 	1.0183e-13 	   0 	   0 	6.4386e-14 	   0 	   0 	1.4854e-13 	   0 	   0 	1.0435e-13 	   0 	   0 	5.0701e-15 	   0 	   0 	4.1273e-14 	   0 	   0 	3.5607e-14 	   0 	   0 	2.3959e-14 	   0 	   0 	5.7448e-14 	   0 	   0 	2.2418e-14 	   0 	   0 	4.5928e-15 	   0 	   0 	2.2285e-14 	   0 	   0 	2.3834e-15 	   0 	   0 	8.548e-15 	   0 	   0 	1.0387e-14 	   0 	   0 	2.0179e-14 	   0 	   0 	2.157e-14 	   0 	   0 	9.4603e-15 	   0 	   0 	1.1238e-14 	   0 	   0 	1.7907e-14 	   0 	   0 	9.7932e-16 	   0 	   0 	8.5371e-15 	   0 	   0 	5.2297e-15 	 -5.8839e-17 	 -1.427e-16 	4.1388e-16 	   0 	   0 	1.3063e-14 	   0 	   0 	
1.233e+04 	2.7602e-14 	   0 	   0 	1.5729e-17 	   0 	   0 	1.2553e-14 	   0 	   0 	5.6267e-14 	   0 	   0 	8.4371e-14 	   0 	   0 	6.8703e-14 	   0 	   0 	6.4256e-14 	 -6.7472e-15 	 -5.6038e-15 	2.2679e-14 	   0 	   0 	2.2251e-14 	   0 	   0 	8.8798e-14 	   0 	   0 	8.9803e-15 	   0 	   0 	4.6281e-14 	   0 	   0 	4.7208e-14 	   0 	   0 	5.1375e-14 	   0 	   0 	2.5523e-14 	   0 	   0 	4.2867e-14 	   0 	   0 	1.6096e-14 	   0 	   0 	8.891e-15 	   0 	   0 	3.7376e-14 	   0 	   0 	5.3659e-14 	   0 	   0 	2.0987e-14 	 -2.3649e-16 	 1.8888e-16 	1.1652e-14 	   0 	   0 	6.3101e-15 	   0 	   0 	1.9437e-14 	   0 	   0 	1.3303e-14 	   0 	   0 	9.8232e-15 	   0 	   0 	1.4806e-15 	   0 	   0 	5.1516e-15 	   0 	   0 	4.2786e-15 	   0 	   0 	2.0099e-14 	   0 	   0 	
1.255e+04 	  0 	   0 	   0 	1.7673e-17 	   0 	   0 	4.9967e-13 	   0 	   0 	7.5821e-14 	   0 	   0 	1.2167e-14 	   0 	   0 	1.2444e-13 	   0 	   0 	8.4939e-14 	   0 	   0 	4.4013e-14 	   0 	   0 	4.0973e-14 	   0 	   0 	3.9802e-18 	   0 	   0 	5.6242e-14 	   0 	   0 	6.9403e-14 	   0 	   0 	1.6698e-14 	   0 	   0 	2.0045e-16 	   0 	   0 	1.0617e-14 	   0 	   0 	1.2164e-14 	   0 	   0 	3.6488e-14 	   0 	   0 	1.5312e-14 	   0 	   0 	1.7834e-15 	   0 	   0 	7.5203e-14 	   0 	   0 	1.972e-14 	   0 	   0 	2.4052e-14 	   0 	   0 	1.2376e-14 	   0 	   0 	2.9317e-14 	   0 	   0 	2.8024e-14 	   0 	   0 	2.511e-14 	   0 	   0 	8.4769e-15 	   0 	   0 	1.1813e-15 	   0 	   0 	1.3071e-14 	   0 	   0 	1.342e-14 	   0 	   0 	
1.277e+04 	6.3589e-15 	   0 	   0 	1.1219e-13 	   0 	   0 	9.8805e-15 	   0 	   0 	5.3823e-16 	   0 	   0 	7.0441e-15 	   0 	   0 	7.8005e-14 	   0 	   0 	2.199e-15 	   0 	   0 	2.5304e-14 	   0 	   0 	5.283e-14 	   0 	   0 	5.6577e-14 	   0 	   0 	5.9724e-14 	   0 	   0 	2.1194e-14 	   0 	   0 	3.0977e-14 	   0 	   0 	2.3318e-17 	   0 	   0 	5.6131e-14 	 1.6333e-15 	   0 	6.9449e-14 	   0 	   0 	2.8637e-14 	   0 	   0 	6.5891e-14 	   0 	   0 	3.6725e-14 	   0 	   0 	2.7513e-14 	   0 	   0 	2.2176e-14 	   0 	   0 	3.1401e-14 	   0 	   0 	3.7526e-15 	   0 	   0 	1.8326e-14 	   0 	   0 	6.9606e-15 	   0 	   0 	5.291e-15 	   0 	   0 	1.4194e-14 	   0 	   0 	5.9281e-16 	   0 	   0 	4.0741e-14 	   0 	   0 	1.008e-15 	   0 	   0 	
1.299e+04 	8.8277e-16 	   0 	   0 	1.3001e-14 	   0 	   0 	1.332e-13 	   0 	   0 	1.2043e-15 	   0 	   0 	2.2101e-13 	   0 	   0 	5.1362e-17 	   0 	   0 	2.5804e-14 	   0 	   0 	1.2045e-13 	   0 	   0 	9.0636e-14 	   0 	   0 	2.4373e-14 	   0 	   0 	5.9394e-15 	   0 	   0 	1.727e-14 	   0 	   0 	5.1349e-14 	   0 	   0 	3.6333e-15 	   0 	   0 	3.8925e-14 	   0 	   0 	2.4478e-14 	   0 	   0 	4.6997e-15 	   0 	   0 	9.9507e-15 	   0 	   0 	3.0652e-14 	   0 	   0 	3.1016e-16 	   0 	   0 	3.4109e-14 	   0 	   0 	9.8364e-15 	   0 	   0 	1.1747e-14 	   0 	   0 	1.8554e-14 	   0 	   0 	6.9537e-16 	   0 	   0 	5.9972e-15 	   0 	   0 	6.0764e-15 	   0 	   0 	2.6428e-14 	   0 	   0 	2.2441e-15 	   0 	   0 	9.9969e-15 	   0 	   0 	
1.321e+04 	  0 	   0 	   0 	2.0963e-17 	   0 	   0 	1.6381e-14 	   0 	   0 	1.5358e-13 	   0 	   0 	  0 	   0 	   0 	8.0415e-14 	   0 	   0 	4.8072e-14 	   0 	   0 	1.576e-14 	   0 	   0 	1.681e-14 	   0 	   0 	2.737e-14 	   0 	   0 	2.9111e-14 	   0 	   0 	2.8512e-15 	   0 	   0 	3.1771e-14 	   0 	   0 	1.6464e-16 	   0 	   0 	8.1181e-15 	   0 	   0 	4.3267e-14 	   0 	   0 	3.4417e-14 	   0 	   0 	3.7512e-14 	 3.3775e-17 	 -4.5776e-18 	1.7522e-14 	   0 	   0 	1.9167e-14 	   0 	   0 	3.5811e-14 	   0 	   0 	1.5681e-14 	   0 	   0 	1.2258e-14 	   0 	   0 	1.3581e-14 	   0 	   0 	2.3482e-14 	   0 	   0 	1.804e-14 	   0 	   0 	8.7931e-15 	   0 	   0 	8.5305e-15 	   0 	   0 	3.1681e-14 	 2.3099e-15 	 -2.2561e-16 	8.7062e-15 	   0 	   0 	
1.343e+04 	3.7347e-16 	   0 	   0 	3.525e-13 	   0 	   0 	2.3929e-14 	   0 	   0 	1.3632e-13 	   0 	   0 	6.7139e-15 	   0 	   0 	4.6363e-17 	   0 	   0 	1.2202e-14 	   0 	   0 	2.2167e-14 	   0 	   0 	1.6254e-14 	   0 	   0 	1.3553e-14 	   0 	   0 	2.9385e-16 	   0 	   0 	2.3105e-14 	   0 	   0 	3.1819e-14 	   0 	   0 	2.6223e-14 	   0 	   0 	8.5244e-15 	   0 	   0 	2.1179e-14 	   0 	   0 	1.3757e-15 	   0 	   0 	1.6165e-14 	   0 	   0 	5.631e-14 	 -2.3309e-16 	 2.0583e-16 	1.9997e-14 	   0 	   0 	1.1998e-14 	   0 	   0 	1.1666e-14 	   0 	   0 	1.142e-14 	   0 	   0 	1.9882e-14 	   0 	   0 	1.3668e-14 	   0 	   0 	7.7606e-15 	   0 	   0 	1.6458e-14 	   0 	   0 	1.0388e-14 	   0 	   0 	1.6064e-14 	   0 	   0 	4.1272e-15 	   0 	   0 	
1.365e+04 	  0 	   0 	   0 	1.5803e-13 	   0 	   0 	8.1044e-14 	   0 	   0 	5.2753e-13 	 -3.9394e-15 	 5.5754e-15 	7.5008e-14 	   0 	   0 	2.2853e-13 	   0 	   0 	1.0475e-13 	   0 	   0 	4.2201e-15 	   0 	   0 	6.2553e-15 	   0 	   0 	7.6528e-14 	   0 	   0 	2.6506e-14 	   0 	   0 	1.0182e-13 	 4.3597e-15 	 -5.3142e-15 	2.3829e-14 	   0 	   0 	1.1732e-14 	   0 	   0 	4.2639e-14 	   0 	   0 	6.68e-15 	   0 	   0 	1.5341e-14 	   0 	   0 	9.7291e-15 	   0 	   0 	5.106e-14 	   0 	   0 	5.4955e-14 	   0 	   0 	6.2321e-14 	   0 	   0 	2.4969e-14 	   0 	   0 	1.2119e-14 	   0 	   0 	1.1218e-14 	   0 	   0 	3.4449e-15 	 5.1751e-17 	 -2.7428e-16 	1.4122e-14 	   0 	   0 	5.6225e-16 	   0 	   0 	8.7898e-16 	 -5.1295e-20 	 -7.5009e-21 	9.5729e-15 	   0 	   0 	6.5074e-15 	   0 	   0 	
1.387e+04 	  0 	   0 	   0 	4.9675e-15 	   0 	   0 	8.5636e-14 	   0 	   0 	1.1666e-13 	   0 	   0 	1.1039e-13 	   0 	   0 	1.7428e-14 	   0 	   0 	1.0635e-13 	   0 	   0 	2.1987e-14 	   0 	   0 	3.408e-14 	   0 	   0 	1.0346e-14 	   0 	   0 	2.5643e-14 	   0 	   0 	1.2113e-14 	   0 	   0 	1.5204e-14 	   0 	   0 	1.4388e-14 	   0 	   0 	3.9531e-14 	   0 	   0 	1.521e-14 	   0 	   0 	1.3681e-14 	   0 	   0 	1.7749e-14 	   0 	   0 	2.0469e-14 	   0 	   0 	4.9997e-14 	   0 	   0 	3.3647e-14 	   0 	   0 	1.2672e-14 	   0 	   0 	1.622e-14 	   0 	   0 	3.0015e-14 	   0 	   0 	1.3966e-14 	 -1.0427e-16 	 6.871e-17 	4.8972e-14 	 1.1092e-15 	   0 	1.9879e-16 	   0 	   0 	7.6941e-15 	   0 	   0 	1.7294e-14 	   0 	   0 	1.3091e-14 	   0 	   0 	
1.409e+04 	  0 	   0 	   0 	1.4875e-13 	   0 	   0 	3.1026e-15 	   0 	   0 	4.0616e-18 	   0 	   0 	6.9529e-14 	   0 	   0 	9.4717e-14 	   0 	   0 	1.7846e-14 	   0 	   0 	7.3016e-14 	   0 	   0 	4.1356e-14 	   0 	   0 	7.8478e-14 	   0 	   0 	1.2039e-14 	   0 	   0 	3.6502e-14 	   0 	   0 	1.5835e-15 	   0 	   0 	7.9209e-16 	   0 	   0 	6.1416e-14 	   0 	   0 	5.081e-14 	   0 	   0 	6.1079e-14 	   0 	   0 	1.3048e-14 	   0 	   0 	9.5868e-15 	   0 	   0 	2.0208e-14 	   0 	   0 	3.6212e-14 	   0 	   0 	2.0996e-14 	   0 	   0 	1.6682e-14 	   0 	   0 	1.1123e-14 	   0 	   0 	5.086e-14 	 9.3752e-16 	 -3.3523e-16 	1.5888e-14 	   0 	   0 	1.0738e-14 	   0 	   0 	1.0989e-14 	   0 	   0 	2.3716e-14 	   0 	   0 	2.2189e-14 	   0 	   0 	
1.431e+04 	  0 	   0 	   0 	1.4645e-14 	   0 	   0 	6.5697e-17 	   0 	   0 	7.2715e-17 	   0 	   0 	1.0124e-13 	   0 	   0 	7.6791e-14 	   0 	   0 	3.2844e-16 	   0 	   0 	2.2992e-14 	   0 	   0 	5.6597e-14 	   0 	   0 	2.3498e-15 	   0 	   0 	4.7472e-14 	   0 	   0 	8.3487e-14 	   0 	   0 	4.9559e-14 	   0 	   0 	9.1388e-15 	   0 	   0 	1.2284e-14 	   0 	   0 	3.8154e-14 	 -1.0764e-15 	 1.66e-15 	3.7973e-14 	   0 	   0 	1.2306e-14 	 8.4186e-19 	 -6.1425e-18 	2.5991e-14 	   0 	   0 	1.6164e-14 	   0 	   0 	1.4241e-14 	   0 	   0 	4.5174e-14 	   0 	   0 	1.6394e-14 	   0 	   0 	6.5227e-15 	   0 	   0 	5.3434e-15 	   0 	   0 	2.9232e-15 	   0 	   0 	1.3524e-14 	   0 	   0 	9.6405e-15 	   0 	   0 	1.3261e-14 	   0 	   0 	8.0881e-15 	   0 	   0 	
1.453e+04 	2.8837e-12 	 -6.001e-13 	 7.7195e-13 	  0 	   0 	   0 	2.2775e-13 	   0 	   0 	7.881e-15 	   0 	   0 	5.8448e-14 	   0 	   0 	1.4292e-13 	   0 	   0 	1.1924e-14 	   0 	   0 	1.1898e-15 	   0 	   0 	1.4245e-14 	   0 	   0 	1.688e-14 	   0 	   0 	3.2137e-14 	   0 	   0 	3.5493e-14 	   0 	   0 	9.1688e-16 	   0 	   0 	9.9397e-16 	   0 	   0 	4.2782e-14 	   0 	   0 	5.6549e-14 	   0 	   0 	3.5145e-14 	   0 	   0 	2.5443e-14 	   0 	   0 	2.9812e-14 	   0 	   0 	3.152e-14 	   0 	   0 	3.0787e-14 	   0 	   0 	1.111e-14 	   0 	   0 	1.1167e-14 	   0 	   0 	6.1134e-15 	   0 	   0 	9.8819e-15 	   0 	   0 	2.3608e-15 	   0 	   0 	4.0006e-15 	   0 	   0 	1.6382e-15 	   0 	   0 	2.3688e-14 	   0 	   0 	1.7056e-14 	   0 	   0 	
1.475e+04 	5.8708e-14 	   0 	   0 	2.391e-16 	   0 	   0 	4.2078e-14 	   0 	   0 	3.8598e-18 	   0 	   0 	6.5026e-14 	   0 	   0 	1.2517e-16 	   0 	   0 	7.1683e-15 	   0 	   0 	4.6945e-15 	   0 	   0 	8.0767e-15 	   0 	   0 	1.2307e-14 	   0 	   0 	3.1804e-14 	   0 	   0 	7.1017e-14 	   0 	   0 	7.207e-14 	   0 	   0 	2.0009e-14 	   0 	   0 	1.1235e-13 	   0 	   0 	4.8957e-14 	   0 	   0 	2.0988e-14 	   0 	   0 	2.395e-15 	   0 	   0 	3.083e-14 	   0 	   0 	1.3329e-15 	   0 	   0 	1.6933e-14 	   0 	   0 	5.0052e-14 	   0 	   0 	1.4171e-14 	   0 	   0 	1.8268e-14 	   0 	   0 	1.061e-14 	   0 	   0 	3.1057e-16 	   0 	   0 	3.1958e-15 	   0 	   0 	9.9771e-16 	   0 	   0 	5.145e-15 	   0 	   0 	1.0536e-14 	   0 	   0 	
1.497e+04 	8.842e-13 	   0 	   0 	  0 	   0 	   0 	1.7962e-14 	   0 	   0 	3.4548e-14 	   0 	   0 	1.6308e-13 	   0 	   0 	6.5719e-14 	   0 	   0 	2.1019e-13 	   0 	   0 	5.5092e-16 	   0 	   0 	1.4886e-13 	 2.4427e-21 	 1.4569e-21 	3.7448e-14 	   0 	   0 	7.3514e-14 	   0 	   0 	1.7451e-14 	   0 	   0 	1.9407e-14 	   0 	   0 	2.1752e-14 	   0 	   0 	2.6198e-14 	   0 	   0 	5.7164e-14 	   0 	   0 	2.2161e-15 	   0 	   0 	2.4053e-14 	   0 	   0 	2.4574e-14 	   0 	   0 	1.7913e-14 	   0 	   0 	4.456e-14 	   0 	   0 	4.3241e-15 	   0 	   0 	9.5534e-15 	 -1.2223e-15 	 -7.5289e-16 	1.7397e-15 	   0 	   0 	7.7694e-15 	   0 	   0 	6.5419e-16 	   0 	   0 	2.4366e-15 	   0 	   0 	1.5043e-14 	   0 	   0 	6.3322e-15 	   0 	   0 	1.8678e-14 	   0 	   0 	
1.519e+04 	  0 	   0 	   0 	1.015e-13 	   0 	   0 	4.0495e-16 	   0 	   0 	1.8689e-14 	   0 	   0 	1.5266e-13 	   0 	   0 	9.7987e-15 	   0 	   0 	2.6822e-15 	 7.1142e-20 	 -2.517e-21 	3.6082e-17 	   0 	   0 	1.8895e-14 	   0 	   0 	5.1085e-15 	   0 	   0 	9.3521e-14 	   0 	   0 	5.1873e-14 	 5.5379e-21 	 -4.8311e-20 	1.5169e-17 	   0 	   0 	2.2953e-15 	   0 	   0 	8.0841e-14 	   0 	   0 	1.8966e-14 	   0 	   0 	1.4399e-14 	   0 	   0 	4.6997e-14 	   0 	   0 	2.8614e-15 	   0 	   0 	2.3587e-14 	   0 	   0 	1.4948e-14 	   0 	   0 	2.4515e-15 	   0 	   0 	1.7693e-14 	   0 	   0 	1.1716e-14 	   0 	   0 	1.7808e-14 	   0 	   0 	3.6939e-15 	   0 	   0 	6.5927e-15 	   0 	   0 	2.1886e-14 	   0 	   0 	1.0545e-14 	   0 	   0 	3.0283e-15 	   0 	   0 	
1.541e+04 	  0 	   0 	   0 	1.5526e-14 	   0 	   0 	1.5165e-14 	   0 	   0 	1.2254e-13 	   0 	   0 	1.0287e-14 	   0 	   0 	1.9871e-13 	   0 	   0 	5.2456e-14 	   0 	   0 	7.7169e-14 	   0 	   0 	2.7054e-14 	   0 	   0 	4.9697e-14 	   0 	   0 	4.3747e-14 	   0 	   0 	2.1573e-14 	   0 	   0 	1.9481e-16 	   0 	   0 	3.808e-18 	   0 	   0 	6.0149e-14 	 -1.0763e-15 	 -2.7377e-15 	5.429e-14 	   0 	   0 	1.1397e-14 	 2.7855e-15 	 -1.1514e-15 	2.7786e-14 	   0 	   0 	1.1819e-14 	   0 	   0 	2.1094e-15 	   0 	   0 	3.3323e-14 	   0 	   0 	1.1467e-14 	   0 	   0 	8.4595e-15 	   0 	   0 	2.2407e-14 	   0 	   0 	2.2217e-14 	   0 	   0 	9.3527e-15 	   0 	   0 	1.0743e-14 	   0 	   0 	2.9303e-14 	   0 	   0 	2.061e-14 	   0 	   0 	1.2141e-14 	   0 	   0 	
1.563e+04 	  0 	   0 	   0 	3.527e-13 	   0 	   0 	1.5706e-15 	   0 	   0 	1.9148e-14 	   0 	   0 	4.2092e-14 	   0 	   0 	6.2197e-14 	 1.8034e-19 	 -2.4737e-19 	4.7139e-15 	   0 	   0 	2.2342e-15 	   0 	   0 	3.0434e-14 	   0 	   0 	2.31e-15 	   0 	   0 	5.0007e-14 	   0 	   0 	4.3686e-14 	   0 	   0 	1.227e-14 	   0 	   0 	2.1516e-16 	   0 	   0 	6.9045e-14 	   0 	   0 	1.9241e-14 	   0 	   0 	4.8635e-14 	   0 	   0 	2.8944e-14 	   0 	   0 	7.057e-14 	   0 	   0 	2.7792e-14 	   0 	   0 	5.2257e-14 	   0 	   0 	1.8507e-14 	   0 	   0 	3.9502e-15 	   0 	   0 	2.0807e-15 	 1.3782e-17 	 1.3792e-16 	3.8919e-14 	   0 	   0 	9.1629e-15 	   0 	   0 	5.0552e-16 	   0 	   0 	8.6122e-16 	   0 	   0 	1.123e-14 	   0 	   0 	1.1436e-14 	   0 	   0 	
1.585e+04 	  0 	   0 	   0 	8.8099e-15 	   0 	   0 	8.3297e-13 	 -2.6932e-14 	 7.3576e-14 	3.2493e-14 	   0 	   0 	  0 	   0 	   0 	3.388e-15 	   0 	   0 	2.2672e-14 	 -7.3534e-19 	 -2.0082e-19 	1.3629e-14 	   0 	   0 	4.6883e-14 	   0 	   0 	6.3995e-15 	   0 	   0 	2.3719e-14 	   0 	   0 	3.6795e-15 	   0 	   0 	4.7115e-14 	   0 	   0 	6.3901e-14 	   0 	   0 	3.7352e-14 	   0 	   0 	2.1752e-14 	   0 	   0 	4.119e-14 	   0 	   0 	3.0604e-14 	   0 	   0 	4.1001e-14 	   0 	   0 	1.1106e-14 	   0 	   0 	2.5439e-14 	   0 	   0 	3.584e-14 	   0 	   0 	4.9697e-15 	   0 	   0 	9.5367e-15 	   0 	   0 	2.2493e-14 	   0 	   0 	1.3528e-14 	   0 	   0 	1.0128e-14 	   0 	   0 	1.0548e-14 	   0 	   0 	6.735e-15 	   0 	   0 	4.1341e-15 	   0 	   0 	
1.607e+04 	7.8881e-15 	   0 	   0 	1.5384e-17 	   0 	   0 	6.4881e-15 	   0 	   0 	4.3474e-14 	   0 	   0 	1.091e-14 	   0 	   0 	9.9822e-14 	   0 	   0 	1.6251e-14 	   0 	   0 	1.2069e-14 	   0 	   0 	4.6953e-18 	   0 	   0 	1.7383e-14 	   0 	   0 	5.6545e-14 	   0 	   0 	1.2186e-15 	   0 	   0 	2.3938e-14 	   0 	   0 	3.3403e-14 	   0 	   0 	1.228e-14 	   0 	   0 	2.8268e-14 	   0 	   0 	3.9174e-15 	   0 	   0 	5.1719e-14 	   0 	   0 	3.1664e-14 	   0 	   0 	1.7786e-14 	   0 	   0 	5.3748e-15 	   0 	   0 	1.4475e-14 	   0 	   0 	3.8826e-14 	   0 	   0 	4.1714e-16 	   0 	   0 	1.0129e-14 	   0 	   0 	1.6694e-14 	   0 	   0 	2.8857e-14 	   0 	   0 	1.4367e-14 	   0 	   0 	2.4776e-14 	 1.6484e-15 	 -7.7433e-17 	2.6948e-16 	   0 	   0 	
1.629e+04 	3.0023e-13 	   0 	   0 	1.4135e-17 	   0 	   0 	3.3899e-15 	   0 	   0 	2.8281e-13 	   0 	   0 	9.1784e-14 	   0 	   0 	2.2979e-14 	   0 	   0 	5.3397e-14 	   0 	   0 	1.9145e-16 	   0 	   0 	7.6721e-14 	   0 	   0 	5.5575e-14 	   0 	   0 	1.9533e-15 	   0 	   0 	4.9609e-15 	   0 	   0 	7.268e-16 	   0 	   0 	5.4433e-17 	   0 	   0 	1.5756e-14 	   0 	   0 	6.1412e-14 	   0 	   0 	8.1804e-15 	   0 	   0 	2.4275e-14 	   0 	   0 	2.611e-14 	   0 	   0 	4.5394e-15 	   0 	   0 	2.5982e-14 	   0 	   0 	1.9411e-14 	   0 	   0 	6.4123e-14 	   0 	   0 	2.5158e-14 	   0 	   0 	4.4886e-15 	   0 	   0 	1.5583e-14 	   0 	   0 	1.5486e-14 	   0 	   0 	9.8287e-15 	   0 	   0 	4.2538e-15 	   0 	   0 	3.0775e-15 	   0 	   0 	
1.651e+04 	8.531e-15 	   0 	   0 	  0 	   0 	   0 	2.0224e-13 	   0 	   0 	1.7446e-15 	   0 	   0 	1.3426e-14 	   0 	   0 	4.4855e-14 	   0 	   0 	3.1018e-14 	   0 	   0 	4.2688e-14 	   0 	   0 	1.3777e-14 	   0 	   0 	4.3917e-14 	   0 	   0 	3.0898e-14 	   0 	   0 	5.3198e-14 	   0 	   0 	1.5511e-14 	   0 	   0 	4.8975e-14 	   0 	   0 	1.5353e-14 	   0 	   0 	1.1066e-14 	   0 	   0 	1.4086e-14 	   0 	   0 	5.968e-15 	   0 	   0 	1.6843e-14 	   0 	   0 	1.5947e-14 	   0 	   0 	1.4142e-14 	   0 	   0 	1.3262e-14 	   0 	   0 	1.8538e-14 	   0 	   0 	2.5486e-14 	   0 	   0 	3.7141e-14 	   0 	   0 	6.0575e-15 	   0 	   0 	1.0798e-14 	   0 	   0 	3.6879e-14 	 2.0591e-16 	   0 	8.6777e-15 	   0 	   0 	8.7452e-15 	   0 	   0 	
1.673e+04 	  0 	   0 	   0 	4.8213e-17 	   0 	   0 	  0 	   0 	   0 	1.1205e-14 	   0 	   0 	6.2655e-14 	   0 	   0 	4.2804e-14 	   0 	   0 	1.1465e-16 	   0 	   0 	2.8619e-14 	   0 	   0 	3.0803e-14 	   0 	   0 	2.831e-14 	   0 	   0 	2.6021e-14 	   0 	   0 	5.0578e-14 	   0 	   0 	4.0331e-14 	   0 	   0 	4.7124e-14 	   0 	   0 	2.0678e-15 	   0 	   0 	3.4919e-14 	   0 	   0 	6.915e-15 	   0 	   0 	4.6123e-15 	   0 	   0 	3.4709e-14 	   0 	   0 	1.1032e-14 	   0 	   0 	4.2432e-14 	   0 	   0 	2.445e-14 	 -2.2266e-19 	 5.8172e-20 	3.8641e-14 	   0 	   0 	1.44e-15 	   0 	   0 	2.9304e-14 	   0 	   0 	2.3468e-14 	   0 	   0 	2.0306e-15 	   0 	   0 	1.4644e-14 	   0 	   0 	1.9441e-14 	   0 	   0 	9.4674e-15 	   0 	   0 	
1.695e+04 	  0 	   0 	   0 	1.1027e-14 	   0 	   0 	9.3217e-18 	   0 	   0 	2.6936e-17 	   0 	   0 	1.2737e-13 	   0 	   0 	2.7452e-16 	   0 	   0 	1.5337e-15 	   0 	   0 	1.0607e-14 	   0 	   0 	8.6077e-14 	   0 	   0 	5.1241e-14 	   0 	   0 	6.3418e-17 	   0 	   0 	5.1684e-15 	   0 	   0 	2.5947e-14 	   0 	   0 	2.8917e-14 	   0 	   0 	2.1773e-14 	   0 	   0 	4.8224e-14 	   0 	   0 	1.9163e-14 	   0 	   0 	1.2641e-14 	   0 	   0 	2.7473e-15 	   0 	   0 	1.6842e-14 	   0 	   0 	1.6239e-14 	   0 	   0 	1.7291e-15 	   0 	   0 	1.3303e-14 	   0 	   0 	3.7747e-14 	   0 	   0 	5.8977e-15 	   0 	   0 	1.0008e-14 	   0 	   0 	3.6719e-14 	   0 	   0 	6.1278e-15 	   0 	   0 	5.7743e-15 	   0 	   0 	1.8141e-14 	   0 	   0 	
1.717e+04 	  0 	   0 	   0 	  0 	   0 	   0 	9.8967e-18 	   0 	   0 	  0 	   0 	   0 	1.8746e-13 	   0 	   0 	2.7963e-18 	   0 	   0 	4.198e-14 	   0 	   0 	6.0924e-14 	   0 	   0 	3.8951e-14 	   0 	   0 	2.9997e-15 	   0 	   0 	1.2213e-13 	   0 	   0 	2.4608e-14 	   0 	   0 	6.1446e-14 	   0 	   0 	6.3899e-15 	   0 	   0 	2.7417e-14 	   0 	   0 	3.0184e-14 	   0 	   0 	3.3052e-14 	   0 	   0 	5.7196e-14 	   0 	   0 	2.686e-14 	   0 	   0 	4.3685e-14 	   0 	   0 	3.5804e-14 	   0 	   0 	2.9697e-14 	   0 	   0 	2.1725e-14 	   0 	   0 	1.2221e-14 	   0 	   0 	6.1682e-15 	   0 	   0 	5.2909e-15 	   0 	   0 	2.1498e-14 	   0 	   0 	9.9246e-15 	   0 	   0 	6.2052e-15 	   0 	   0 	1.1063e-14 	   0 	   0 	
1.739e+04 	  0 	   0 	   0 	4.5305e-13 	   0 	   0 	  0 	   0 	   0 	4.6888e-14 	   0 	   0 	1.5592e-17 	   0 	   0 	4.4408e-14 	   0 	   0 	5.9134e-14 	   0 	   0 	3.3084e-14 	   0 	   0 	5.3609e-15 	 -1.0211e-15 	 -6.3483e-16 	4.9056e-14 	   0 	   0 	2.4898e-15 	   0 	   0 	3.2321e-14 	   0 	   0 	2.5136e-15 	   0 	   0 	3.6156e-14 	   0 	   0 	2.9114e-14 	   0 	   0 	5.1579e-14 	   0 	   0 	1.3916e-14 	   0 	   0 	2.1274e-14 	   0 	   0 	1.4902e-14 	   0 	   0 	4.7072e-15 	   0 	   0 	3.0068e-15 	   0 	   0 	5.2623e-14 	   0 	   0 	1.1145e-14 	   0 	   0 	4.0078e-15 	   0 	   0 	2.7452e-14 	   0 	   0 	5.0301e-15 	   0 	   0 	6.5179e-16 	   0 	   0 	2.9181e-14 	   0 	   0 	8.0088e-15 	   0 	   0 	9.6509e-15 	   0 	   0 	
1.761e+04 	  0 	   0 	   0 	  0 	   0 	   0 	  0 	   0 	   0 	9.7859e-15 	   0 	   0 	2.2662e-16 	   0 	   0 	1.9633e-13 	   0 	   0 	3.2703e-18 	   0 	   0 	5.9605e-15 	   0 	   0 	4.5324e-16 	   0 	   0 	6.4831e-15 	   0 	   0 	3.678e-14 	   0 	   0 	3.6811e-14 	   0 	   0 	8.9595e-16 	 3.9733e-18 	 -9.9799e-19 	2.934e-16 	   0 	   0 	1.9311e-14 	   0 	   0 	2.0265e-14 	   0 	   0 	2.9883e-14 	   0 	   0 	1.9367e-15 	   0 	   0 	8.2569e-15 	   0 	   0 	2.9103e-16 	   0 	   0 	1.1947e-17 	   0 	   0 	1.3217e-14 	   0 	   0 	3.0456e-14 	   0 	   0 	1.9677e-14 	   0 	   0 	2.0147e-14 	   0 	   0 	8.2733e-15 	   0 	   0 	1.0693e-14 	   0 	   0 	3.4507e-14 	   0 	   0 	1.7629e-14 	   0 	   0 	1.0703e-14 	   0 	   0 	
1.783e+04 	2.2745e-15 	 1.9894e-15 	 -8.8672e-16 	9.4823e-17 	   0 	   0 	  0 	   0 	   0 	2.0324e-14 	   0 	   0 	4.8265e-17 	   0 	   0 	1.2361e-16 	   0 	   0 	1.5737e-16 	   0 	   0 	2.0603e-15 	   0 	   0 	6.9485e-14 	   0 	   0 	3.2487e-14 	   0 	   0 	3.3658e-14 	   0 	   0 	3.0871e-14 	   0 	   0 	2.0112e-14 	   0 	   0 	3.5194e-14 	   0 	   0 	1.7759e-14 	   0 	   0 	9.5885e-16 	   0 	   0 	1.6205e-14 	   0 	   0 	3.6346e-14 	   0 	   0 	1.9658e-14 	   0 	   0 	2.6638e-14 	   0 	   0 	8.06e-15 	   0 	   0 	1.4554e-14 	   0 	   0 	1.8269e-14 	 -1.2735e-15 	 1.6586e-15 	1.4642e-14 	   0 	   0 	4.1949e-15 	   0 	   0 	2.1553e-14 	   0 	   0 	9.566e-15 	   0 	   0 	2.8142e-15 	   0 	   0 	1.9506e-15 	   0 	   0 	2.3153e-15 	   0 	   0 	
1.805e+04 	  0 	   0 	   0 	  0 	   0 	   0 	9.9722e-15 	   0 	   0 	3.3404e-14 	   0 	   0 	3.5287e-14 	   0 	   0 	5.2744e-15 	   0 	   0 	4.6365e-14 	   0 	   0 	4.1045e-14 	   0 	   0 	1.3093e-14 	   0 	   0 	4.4344e-15 	   0 	   0 	4.6226e-14 	   0 	   0 	2.6814e-14 	   0 	   0 	3.6443e-16 	   0 	   0 	3.4356e-14 	   0 	   0 	2.9473e-14 	   0 	   0 	5.2609e-14 	   0 	   0 	2.5054e-14 	   0 	   0 	2.2356e-14 	   0 	   0 	2.9761e-14 	   0 	   0 	9.5668e-15 	   0 	   0 	1.5724e-14 	 1.1939e-15 	   0 	4.8021e-15 	   0 	   0 	3.256e-14 	   0 	   0 	2.4934e-15 	   0 	   0 	4.0773e-15 	   0 	   0 	2.5058e-14 	   0 	   0 	1.3752e-14 	   0 	   0 	1.3339e-14 	   0 	   0 	2.7852e-14 	   0 	   0 	8.3782e-15 	   0 	   0 	
1.827e+04 	  0 	   0 	   0 	7.1386e-14 	   0 	   0 	1.2875e-14 	   0 	   0 	4.1822e-14 	   0 	   0 	  0 	   0 	   0 	  0 	   0 	   0 	3.3567e-15 	   0 	   0 	3.5778e-15 	   0 	   0 	6.7091e-14 	   0 	   0 	3.8807e-14 	   0 	   0 	1.9464e-14 	 -1.495e-14 	 -5.7978e-15 	8.8916e-14 	   0 	   0 	2.8965e-14 	   0 	   0 	3.9028e-14 	   0 	   0 	4.9169e-14 	   0 	   0 	4.5579e-15 	   0 	   0 	3.1765e-16 	   0 	   0 	2.5126e-14 	   0 	   0 	1.0615e-14 	   0 	   0 	2.9787e-14 	   0 	   0 	3.0778e-14 	   0 	   0 	4.8824e-15 	   0 	   0 	6.9016e-15 	   0 	   0 	2.6337e-14 	   0 	   0 	4.7285e-14 	 1.1989e-15 	   0 	8.6881e-16 	   0 	   0 	2.002e-16 	   0 	   0 	1.5654e-14 	   0 	   0 	6.5332e-15 	   0 	   0 	1.3503e-14 	   0 	   0 	
1.849e+04 	  0 	   0 	   0 	2.7883e-15 	   0 	   0 	  0 	   0 	   0 	4.3399e-14 	   0 	   0 	  0 	   0 	   0 	1.1439e-13 	   0 	   0 	6.6264e-14 	   0 	   0 	2.7137e-14 	   0 	   0 	7.1157e-14 	   0 	   0 	2.2081e-14 	   0 	   0 	2.2509e-15 	   0 	   0 	9.6457e-16 	   0 	   0 	7.5356e-16 	   0 	   0 	3.8377e-16 	   0 	   0 	4.22e-14 	   0 	   0 	4.128e-14 	   0 	   0 	1.9455e-15 	   0 	   0 	2.655e-14 	   0 	   0 	1.985e-14 	   0 	   0 	9.7108e-15 	   0 	   0 	2.9646e-14 	   0 	   0 	2.9753e-14 	   0 	   0 	2.5706e-14 	 1.8074e-18 	 1.531e-18 	4.78e-15 	   0 	   0 	1.1376e-14 	   0 	   0 	7.0626e-15 	   0 	   0 	1.367e-14 	   0 	   0 	8.1314e-15 	   0 	   0 	2.6081e-14 	   0 	   0 	8.5484e-15 	   0 	   0 	
1.871e+04 	  0 	   0 	   0 	  0 	   0 	   0 	3.0117e-14 	   0 	   0 	1.7096e-15 	   0 	   0 	4.669e-15 	   0 	   0 	9.9473e-20 	   0 	   0 	5.3261e-14 	   0 	   0 	2.3875e-14 	   0 	   0 	3.4344e-14 	   0 	   0 	1.6002e-17 	   0 	   0 	2.8837e-14 	   0 	   0 	3.3275e-16 	   0 	   0 	2.8677e-14 	   0 	   0 	1.5279e-16 	   0 	   0 	4.0776e-14 	   0 	   0 	7.6427e-15 	   0 	   0 	2.1667e-14 	   0 	   0 	5.1379e-14 	   0 	   0 	3.5313e-14 	   0 	   0 	3.2005e-15 	   0 	   0 	1.5827e-14 	   0 	   0 	1.4897e-14 	   0 	   0 	2.6627e-14 	   0 	   0 	1.2715e-14 	   0 	   0 	1.8936e-14 	   0 	   0 	3.2909e-14 	   0 	   0 	4.3554e-14 	   0 	   0 	2.2995e-14 	   0 	   0 	3.6454e-15 	   0 	   0 	5.4887e-15 	   0 	   0 	
1.893e+04 	  0 	   0 	   0 	  0 	   0 	   0 	4.5327e-15 	   0 	   0 	3.3502e-16 	   0 	   0 	  0 	   0 	   0 	1.5814e-14 	   0 	   0 	2.6331e-14 	   0 	   0 	1.991e-15 	   0 	   0 	1.7806e-14 	   0 	   0 	5.9842e-14 	   0 	   0 	9.4743e-16 	   0 	   0 	2.9361e-14 	   0 	   0 	4.3713e-14 	   0 	   0 	2.8284e-14 	   0 	   0 	5.2368e-14 	   0 	   0 	1.2675e-14 	   0 	   0 	4.9694e-14 	   0 	   0 	1.1556e-14 	   0 	   0 	4.474e-14 	   0 	   0 	9.8737e-15 	   0 	   0 	2.9889e-14 	   0 	   0 	5.73e-15 	   0 	   0 	5.5169e-15 	   0 	   0 	1.5538e-14 	   0 	   0 	3.6772e-15 	   0 	   0 	7.3491e-15 	   0 	   0 	2.9429e-14 	   0 	   0 	1.2737e-14 	   0 	   0 	1.5535e-14 	   0 	   0 	1.088e-14 	   0 	   0 	
1.915e+04 	  0 	   0 	   0 	  0 	   0 	   0 	2.8276e-17 	   0 	   0 	3.6499e-15 	   0 	   0 	4.7882e-15 	   0 	   0 	4.1135e-14 	   0 	   0 	1.0878e-17 	   0 	   0 	9.8796e-16 	   0 	   0 	1.0167e-13 	   0 	   0 	8.5623e-15 	   0 	   0 	2.1196e-16 	   0 	   0 	2.2755e-14 	   0 	   0 	3.3936e-14 	   0 	   0 	2.0881e-16 	   0 	   0 	3.487e-14 	 1.7977e-15 	 5.2865e-15 	2.9624e-14 	   0 	   0 	3.7698e-15 	   0 	   0 	2.3001e-14 	   0 	   0 	4.8433e-14 	   0 	   0 	2.8659e-14 	   0 	   0 	1.0496e-14 	   0 	   0 	1.0609e-14 	   0 	   0 	2.5473e-14 	   0 	   0 	1.3587e-14 	   0 	   0 	2.3965e-15 	   0 	   0 	1.584e-14 	   0 	   0 	3.8742e-16 	   0 	   0 	5.4112e-15 	   0 	   0 	2.0477e-14 	   0 	   0 	1.2626e-14 	   0 	   0 	
1.937e+04 	  0 	   0 	   0 	2.2053e-13 	   0 	   0 	1.8508e-16 	   0 	   0 	7.8788e-14 	   0 	   0 	  0 	   0 	   0 	  0 	   0 	   0 	2.4271e-15 	   0 	   0 	3.4001e-14 	   0 	   0 	2.2524e-15 	   0 	   0 	1.2484e-17 	   0 	   0 	4.2515e-15 	   0 	   0 	2.8292e-15 	   0 	   0 	6.2184e-14 	   0 	   0 	1.1013e-14 	   0 	   0 	7.6137e-14 	   0 	   0 	2.1359e-14 	   0 	   0 	4.3286e-14 	   0 	   0 	4.6187e-14 	   0 	   0 	8.8559e-15 	   0 	   0 	3.4352e-14 	   0 	   0 	2.4304e-14 	   0 	   0 	8.8449e-15 	   0 	   0 	2.435e-15 	   0 	   0 	1.1675e-14 	   0 	   0 	1.8586e-14 	   0 	   0 	1.8395e-14 	   0 	   0 	1.2801e-14 	   0 	   0 	2.2141e-14 	   0 	   0 	1.186e-14 	 -8.9883e-17 	 3.0921e-17 	1.4168e-14 	   0 	   0 	
1.959e+04 	  0 	   0 	   0 	6.3167e-15 	   0 	   0 	5.4584e-17 	   0 	   0 	2.2218e-15 	   0 	   0 	8.121e-17 	   0 	   0 	  0 	   0 	   0 	1.7337e-14 	   0 	   0 	5.6526e-15 	   0 	   0 	1.7091e-14 	   0 	   0 	1.8268e-14 	   0 	   0 	1.3472e-13 	   0 	   0 	6.2686e-15 	   0 	   0 	1.8716e-15 	   0 	   0 	1.7692e-14 	   0 	   0 	2.5524e-15 	   0 	   0 	2.2063e-16 	   0 	   0 	3.6498e-14 	   0 	   0 	3.8713e-15 	   0 	   0 	2.3269e-14 	   0 	   0 	2.7963e-15 	   0 	   0 	7.1389e-15 	   0 	   0 	3.7579e-14 	   0 	   0 	1.1964e-15 	   0 	   0 	4.1386e-15 	 -1.8095e-16 	 -7.7094e-17 	2.2216e-14 	   0 	   0 	1.27e-14 	   0 	   0 	1.3811e-15 	   0 	   0 	1.0292e-14 	   0 	   0 	8.6736e-16 	   0 	   0 	6.1681e-16 	   0 	   0 	
1.981e+04 	  0 	   0 	   0 	7.0702e-15 	   0 	   0 	4.0235e-14 	   0 	   0 	7.0293e-16 	   0 	   0 	7.6251e-14 	   0 	   0 	1.3767e-14 	   0 	   0 	1.1035e-13 	   0 	   0 	3.8016e-17 	   0 	   0 	2.825e-14 	   0 	   0 	1.3499e-17 	   0 	   0 	6.3369e-14 	   0 	   0 	3.4738e-14 	   0 	   0 	3.0602e-14 	   0 	   0 	1.4649e-14 	   0 	   0 	1.7274e-14 	   0 	   0 	7.2093e-16 	   0 	   0 	1.6076e-14 	   0 	   0 	1.7521e-16 	   0 	   0 	5.2879e-14 	   0 	   0 	4.9987e-14 	   0 	   0 	1.924e-14 	   0 	   0 	9.1354e-15 	   0 	   0 	8.5714e-15 	   0 	   0 	9.2533e-15 	   0 	   0 	3.0502e-14 	   0 	   0 	1.3562e-14 	   0 	   0 	1.2415e-14 	   0 	   0 	3.8328e-15 	   0 	   0 	2.0214e-14 	   0 	   0 	3.1052e-14 	   0 	   0 	
2.003e+04 	  0 	   0 	   0 	  0 	   0 	   0 	6.4014e-15 	   0 	   0 	3.0173e-13 	   0 	   0 	  0 	   0 	   0 	8.1749e-16 	   0 	   0 	5.1146e-16 	   0 	   0 	8.3868e-15 	   0 	   0 	9.5853e-14 	   0 	   0 	3.503e-16 	   0 	   0 	7.5191e-15 	   0 	   0 	8.691e-15 	   0 	   0 	3.2948e-14 	   0 	   0 	1.0343e-14 	   0 	   0 	1.6533e-15 	   0 	   0 	2.9043e-14 	   0 	   0 	2.1008e-14 	   0 	   0 	3.0894e-14 	   0 	   0 	3.9223e-14 	   0 	   0 	1.0185e-14 	   0 	   0 	2.8826e-14 	   0 	   0 	9.5589e-15 	   0 	   0 	2.6852e-14 	   0 	   0 	6.954e-16 	   0 	   0 	1.4348e-14 	   0 	   0 	1.3102e-15 	   0 	   0 	5.986e-16 	   0 	   0 	1.6618e-14 	   0 	   0 	1.0192e-14 	   0 	   0 	9.6487e-15 	   0 	   0 	
2.025e+04 	  0 	   0 	   0 	1.2665e-15 	   0 	   0 	  0 	   0 	   0 	3.2275e-16 	   0 	   0 	  0 	   0 	   0 	  0 	   0 	   0 	5.2056e-14 	 3.6834e-17 	   0 	5.1591e-14 	   0 	   0 	4.9206e-14 	   0 	   0 	7.8036e-14 	   0 	   0 	5.7146e-14 	   0 	   0 	2.9727e-14 	   0 	   0 	7.3628e-16 	   0 	   0 	2.6496e-14 	   0 	   0 	4.4183e-14 	   0 	   0 	3.1095e-14 	   0 	   0 	3.3178e-14 	   0 	   0 	1.6806e-14 	   0 	   0 	1.688e-14 	   0 	   0 	1.7075e-14 	   0 	   0 	1.1242e-15 	   0 	   0 	1.4351e-15 	   0 	   0 	1.5325e-14 	   0 	   0 	6.638e-15 	   0 	   0 	6.3919e-15 	 -3.8984e-17 	 -3.0799e-16 	9.2634e-16 	   0 	   0 	8.0838e-15 	   0 	   0 	2.2791e-14 	   0 	   0 	1.2427e-14 	   0 	   0 	8.7272e-15 	   0 	   0 	
2.047e+04 	  0 	   0 	   0 	  0 	   0 	   0 	  0 	   0 	   0 	2.1201e-14 	   0 	   0 	1.342e-14 	   0 	   0 	1.9056e-15 	   0 	   0 	1.9767e-14 	   0 	   0 	3.5587e-14 	   0 	   0 	1.3264e-14 	   0 	   0 	9.0257e-15 	   0 	   0 	2.3654e-17 	   0 	   0 	3.4851e-14 	   0 	   0 	9.3372e-15 	   0 	   0 	1.5976e-14 	   0 	   0 	4.9633e-15 	   0 	   0 	2.8525e-14 	   0 	   0 	2.8147e-15 	   0 	   0 	1.2347e-14 	   0 	   0 	1.2426e-14 	   0 	   0 	1.9293e-14 	   0 	   0 	8.5092e-15 	   0 	   0 	1.4586e-15 	   0 	   0 	2.7709e-14 	   0 	   0 	1.1175e-14 	   0 	   0 	1.0076e-15 	   0 	   0 	3.6537e-15 	   0 	   0 	7.8087e-15 	   0 	   0 	3.3762e-15 	   0 	   0 	8.2974e-15 	   0 	   0 	1.2151e-14 	   0 	   0 	
2.069e+04 	  0 	   0 	   0 	2.717e-16 	   0 	   0 	  0 	   0 	   0 	2.9003e-15 	   0 	   0 	  0 	   0 	   0 	1.4763e-14 	   0 	   0 	4.7903e-17 	   0 	   0 	2.2856e-14 	   0 	   0 	1.6324e-14 	   0 	   0 	3.3896e-18 	   0 	   0 	5.31e-14 	   0 	   0 	2.7537e-14 	   0 	   0 	5.0157e-14 	   0 	   0 	3.1776e-14 	   0 	   0 	2.5613e-14 	   0 	   0 	1.4783e-14 	   0 	   0 	6.2882e-14 	   0 	   0 	1.6155e-14 	   0 	   0 	2.5344e-14 	   0 	   0 	2.6955e-14 	   0 	   0 	1.3752e-14 	   0 	   0 	6.6573e-15 	   0 	   0 	1.552e-14 	   0 	   0 	2.7463e-14 	   0 	   0 	1.9932e-15 	   0 	   0 	1.6067e-15 	   0 	   0 	9.1353e-15 	   0 	   0 	6.2756e-15 	   0 	   0 	1.6214e-14 	   0 	   0 	7.0077e-15 	   0 	   0 	
2.091e+04 	  0 	   0 	   0 	  0 	   0 	   0 	1.3806e-14 	   0 	   0 	2.9693e-14 	   0 	   0 	  0 	   0 	   0 	8.6864e-15 	   0 	   0 	9.6517e-14 	   0 	   0 	2.7653e-14 	   0 	   0 	2.5234e-18 	   0 	   0 	1.186e-13 	   0 	   0 	2.9329e-14 	   0 	   0 	2.9459e-14 	   0 	   0 	3.9396e-15 	   0 	   0 	5.1283e-14 	   0 	   0 	2.0715e-14 	   0 	   0 	1.4133e-14 	   0 	   0 	1.41e-14 	   0 	   0 	7.9532e-15 	   0 	   0 	1.5292e-14 	   0 	   0 	2.3827e-14 	   0 	   0 	1.6222e-14 	   0 	   0 	2.5483e-14 	   0 	   0 	5.0795e-15 	   0 	   0 	7.3485e-15 	   0 	   0 	1.7067e-14 	   0 	   0 	1.7523e-14 	   0 	   0 	6.3025e-15 	 1.0117e-16 	 1.3387e-17 	1.5304e-14 	   0 	   0 	1.5351e-14 	   0 	   0 	2.4467e-14 	   0 	   0 	
2.113e+04 	  0 	   0 	   0 	  0 	   0 	   0 	  0 	   0 	   0 	  0 	   0 	   0 	4.5446e-14 	   0 	   0 	3.2163e-18 	   0 	   0 	1.9885e-14 	 -2.284e-19 	 6.0708e-19 	1.0775e-14 	   0 	   0 	3.5047e-15 	   0 	   0 	4.0411e-14 	   0 	   0 	8.0439e-16 	   0 	   0 	4.2316e-15 	   0 	   0 	2.5395e-14 	   0 	   0 	4.999e-14 	   0 	   0 	2.0946e-14 	   0 	   0 	9.5128e-15 	   0 	   0 	3.9652e-17 	 2.9334e-21 	 -3.7391e-21 	1.885e-14 	   0 	   0 	1.5708e-14 	   0 	   0 	6.3465e-14 	 -2.2827e-15 	 8.2201e-16 	3.7638e-14 	   0 	   0 	2.1938e-14 	   0 	   0 	2.0251e-14 	   0 	   0 	1.5312e-14 	   0 	   0 	5.7128e-15 	   0 	   0 	1.4003e-14 	   0 	   0 	2.5556e-15 	   0 	   0 	1.102e-14 	   0 	   0 	2.6932e-14 	   0 	   0 	9.5743e-15 	   0 	   0 	
2.135e+04 	  0 	   0 	   0 	  0 	   0 	   0 	  0 	   0 	   0 	  0 	   0 	   0 	  0 	   0 	   0 	9.7428e-14 	   0 	   0 	1.538e-14 	   0 	   0 	3.851e-15 	 -5.6374e-20 	 -1.7514e-19 	2.5987e-18 	   0 	   0 	3.7399e-14 	   0 	   0 	1.2063e-16 	   0 	   0 	2.1173e-14 	   0 	   0 	3.7495e-15 	 8.0787e-19 	 -8.2245e-19 	3.9775e-15 	   0 	   0 	2.1512e-15 	   0 	   0 	5.6435e-14 	   0 	   0 	3.9251e-14 	   0 	   0 	1.1085e-14 	   0 	   0 	3.3227e-14 	   0 	   0 	5.8028e-15 	   0 	   0 	1.273e-14 	   0 	   0 	2.1287e-14 	   0 	   0 	8.2026e-16 	   0 	   0 	8.23e-15 	   0 	   0 	1.1304e-14 	   0 	   0 	1.2543e-14 	   0 	   0 	1.4227e-14 	   0 	   0 	6.585e-15 	   0 	   0 	1.5864e-14 	   0 	   0 	1.9636e-14 	   0 	   0 	
2.157e+04 	  0 	   0 	   0 	1.3584e-13 	   0 	   0 	8.9623e-18 	   0 	   0 	1.5978e-15 	   0 	   0 	7.1518e-15 	   0 	   0 	2.929e-14 	   0 	   0 	2.232e-16 	   0 	   0 	7.5785e-14 	   0 	   0 	3.6875e-14 	   0 	   0 	3.5261e-18 	   0 	   0 	3.5779e-16 	   0 	   0 	6.6683e-15 	   0 	   0 	3.4144e-14 	   0 	   0 	5.5881e-14 	   0 	   0 	5.612e-14 	   0 	   0 	5.7909e-14 	   0 	   0 	1.0588e-14 	   0 	   0 	1.8155e-14 	   0 	   0 	4.1237e-15 	   0 	   0 	1.9169e-14 	   0 	   0 	3.6665e-14 	   0 	   0 	3.6106e-14 	   0 	   0 	1.0506e-14 	   0 	   0 	3.6324e-15 	   0 	   0 	1.3958e-14 	   0 	   0 	1.2475e-14 	   0 	   0 	1.3204e-14 	   0 	   0 	4.5476e-15 	   0 	   0 	7.6079e-15 	   0 	   0 	3.9454e-16 	   0 	   0 	
2.179e+04 	  0 	   0 	   0 	  0 	   0 	   0 	4.3477e-14 	   0 	   0 	7.1989e-18 	   0 	   0 	  0 	   0 	   0 	3.9472e-15 	   0 	   0 	6.8969e-14 	   0 	   0 	2.4253e-16 	   0 	   0 	  0 	   0 	   0 	4.4833e-14 	   0 	   0 	2.4216e-14 	   0 	   0 	4.7839e-15 	   0 	   0 	2.1386e-14 	   0 	   0 	9.9728e-17 	   0 	   0 	2.8326e-16 	   0 	   0 	1.3597e-14 	   0 	   0 	1.5381e-14 	   0 	   0 	1.7088e-14 	 5.5611e-16 	   0 	1.7068e-14 	   0 	   0 	1.9849e-14 	   0 	   0 	3.0128e-14 	   0 	   0 	3.5146e-14 	   0 	   0 	1.6952e-14 	   0 	   0 	2.2458e-14 	   0 	   0 	1.1761e-14 	   0 	   0 	3.489e-15 	   0 	   0 	1.5559e-14 	   0 	   0 	9.9051e-15 	   0 	   0 	3.9586e-15 	   0 	   0 	1.2011e-15 	   0 	   0 	
2.201e+04 	  0 	   0 	   0 	8.5737e-14 	   0 	   0 	  0 	   0 	   0 	1.0727e-14 	   0 	   0 	1.4373e-14 	   0 	   0 	1.0797e-14 	   0 	   0 	1.2042e-14 	   0 	   0 	2.1847e-14 	   0 	   0 	6.5399e-16 	   0 	   0 	1.1411e-14 	   0 	   0 	2.6841e-14 	   0 	   0 	2.5749e-14 	   0 	   0 	2.4401e-17 	   0 	   0 	4.5781e-14 	   0 	   0 	3.3739e-15 	   0 	   0 	1.6509e-16 	   0 	   0 	1.7196e-15 	 1.7726e-16 	 -1.9382e-16 	2.5825e-14 	   0 	   0 	1.8662e-14 	   0 	   0 	5.4726e-18 	   0 	   0 	1.6214e-14 	 -8.1369e-17 	 6.8097e-16 	1.0479e-14 	   0 	   0 	3.5072e-14 	   0 	   0 	1.9414e-14 	   0 	   0 	1.9278e-14 	   0 	   0 	1.874e-16 	   0 	   0 	1.2108e-14 	   0 	   0 	2.6464e-15 	   0 	   0 	9.119e-15 	   0 	   0 	4.2539e-15 	   0 	   0 	
2.223e+04 	  0 	   0 	   0 	1.2981e-13 	   0 	   0 	2.2419e-14 	   0 	   0 	1.0202e-14 	   0 	   0 	  0 	   0 	   0 	9.9614e-14 	   0 	   0 	4.2312e-14 	   0 	   0 	2.1355e-17 	   0 	   0 	3.9363e-14 	   0 	   0 	1.5759e-14 	   0 	   0 	2.2663e-17 	   0 	   0 	5.215e-15 	   0 	   0 	1.0417e-14 	   0 	   0 	3.3639e-18 	   0 	   0 	1.7975e-14 	   0 	   0 	1.1946e-14 	   0 	   0 	5.7546e-18 	   0 	   0 	3.0196e-14 	   0 	   0 	4.4684e-14 	   0 	   0 	1.9836e-14 	   0 	   0 	8.6486e-15 	   0 	   0 	1.6413e-14 	   0 	   0 	2.6879e-14 	   0 	   0 	1.2125e-14 	   0 	   0 	1.4103e-14 	   0 	   0 	5.3493e-16 	   0 	   0 	7.6068e-15 	   0 	   0 	3.5693e-15 	 -3.295e-17 	 -7.9975e-17 	1.7137e-14 	   0 	   0 	1.6261e-14 	   0 	   0 	
2.245e+04 	  0 	   0 	   0 	  0 	   0 	   0 	  0 	   0 	   0 	1.2906e-13 	   0 	   0 	  0 	   0 	   0 	2.6416e-18 	   0 	   0 	4.3317e-14 	   0 	   0 	1.5229e-14 	   0 	   0 	2.6691e-14 	   0 	   0 	1.653e-14 	   0 	   0 	4.8163e-14 	   0 	   0 	2.256e-14 	   0 	   0 	3.4085e-14 	   0 	   0 	2.2324e-14 	   0 	   0 	6.3405e-15 	   0 	   0 	6.7553e-16 	   0 	   0 	4.6828e-16 	   0 	   0 	3.3058e-14 	   0 	   0 	1.8121e-14 	   0 	   0 	2.4115e-15 	   0 	   0 	2.4282e-14 	   0 	   0 	6.5356e-15 	   0 	   0 	3.1832e-14 	   0 	   0 	1.4642e-14 	   0 	   0 	1.2044e-14 	   0 	   0 	1.43e-14 	   0 	   0 	1.4792e-14 	   0 	   0 	2.0472e-14 	   0 	   0 	1.2558e-14 	   0 	   0 	2.8865e-14 	   0 	   0 	
2.267e+04 	9.1449e-14 	   0 	   0 	  0 	   0 	   0 	  0 	   0 	   0 	9.5344e-15 	   0 	   0 	8.5681e-14 	   0 	   0 	1.6512e-14 	   0 	   0 	1.0317e-14 	   0 	   0 	6.904e-16 	   0 	   0 	4.4136e-14 	   0 	   0 	4.1166e-14 	   0 	   0 	2.8571e-14 	   0 	   0 	1.3643e-16 	   0 	   0 	1.4903e-14 	   0 	   0 	4.6732e-17 	   0 	   0 	3.8541e-14 	   0 	   0 	3.0108e-17 	   0 	   0 	4.0403e-15 	   0 	   0 	1.3836e-14 	   0 	   0 	1.7546e-14 	   0 	   0 	6.0376e-15 	   0 	   0 	1.4461e-14 	   0 	   0 	2.3435e-14 	   0 	   0 	5.6277e-15 	   0 	   0 	4.7412e-15 	   0 	   0 	2.4842e-14 	   0 	   0 	3.206e-15 	   0 	   0 	1.6383e-14 	 -5.5926e-16 	 1.1061e-15 	1.2008e-14 	   0 	   0 	3.4866e-15 	   0 	   0 	3.7316e-14 	   0 	   0 	
2.289e+04 	  0 	   0 	   0 	  0 	   0 	   0 	  0 	   0 	   0 	1.3679e-15 	   0 	   0 	2.8454e-16 	   0 	   0 	  0 	   0 	   0 	4.2821e-14 	   0 	   0 	4.3809e-16 	   0 	   0 	1.7773e-18 	   0 	   0 	2.4211e-14 	   0 	   0 	5.4946e-16 	   0 	   0 	6.5929e-16 	   0 	   0 	5.8292e-18 	   0 	   0 	3.1258e-16 	   0 	   0 	5.885e-16 	   0 	   0 	1.904e-14 	   0 	   0 	4.3428e-16 	   0 	   0 	4.374e-15 	   0 	   0 	1.9811e-14 	   0 	   0 	3.242e-14 	   0 	   0 	2.9689e-14 	   0 	   0 	2.5472e-15 	   0 	   0 	6.7746e-15 	   0 	   0 	8.5415e-15 	   0 	   0 	7.4805e-16 	   0 	   0 	1.2506e-15 	   0 	   0 	6.9324e-16 	   0 	   0 	1.0689e-14 	   0 	   0 	8.0006e-15 	   0 	   0 	9.5662e-15 	   0 	   0 	
