8640 	 	 138657 
25920 	 	 60910.9 
43200 	 	 40177.8 
60480 	 	 30343.6 
77760 	 	 24526.5 
95040 	 	 20547.1 
112320 	 	 17804.3 
129600 	 	 15731.3 
146880 	 	 14106.3 
164160 	 	 12796.6 
181440 	 	 11690.8 
198720 	 	 10790.2 
216000 	 	 10023.1 
233280 	 	 9361.35 
250560 	 	 8784.53 
267840 	 	 8265.6 
285120 	 	 7817.08 
302400 	 	 7416.42 
319680 	 	 7056.27 
336960 	 	 6730.72 
354240 	 	 6428.6 
371520 	 	 6159.3 
388800 	 	 5912.47 
406080 	 	 5685.38 
423360 	 	 5475.73 
440640 	 	 5277.51 
457920 	 	 5097.46 
475200 	 	 4929.74 
492480 	 	 4773.11 
509760 	 	 4623.5 
527040 	 	 4486.15 
544320 	 	 4357.02 
561600 	 	 4235.38 
578880 	 	 4120.6 
596160 	 	 4009.94 
613440 	 	 3907.33 
630720 	 	 3810.04 
648000 	 	 3717.64 
665280 	 	 3629.77 
682560 	 	 3544.48 
699840 	 	 3464.8 
717120 	 	 3388.75 
734400 	 	 3316.08 
751680 	 	 3246.56 
768960 	 	 3178.74 
786240 	 	 3115 
803520 	 	 3053.86 
820800 	 	 2995.15 
838080 	 	 2938.72 
855360 	 	 2883.45 
872640 	 	 2831.25 
889920 	 	 2780.98 
907200 	 	 2732.52 
924480 	 	 2685.77 
941760 	 	 2639.82 
959040 	 	 2596.26 
976320 	 	 2554.16 
993600 	 	 2513.45 
1.01088e+06 	 	 2474.06 
1.02816e+06 	 	 2435.23 
1.04544e+06 	 	 2398.31 
1.06272e+06 	 	 2362.53 
1.08e+06 	 	 2327.82 
1.09728e+06 	 	 2294.16 
1.11456e+06 	 	 2260.91 
1.13184e+06 	 	 2229.19 
1.14912e+06 	 	 2198.38 
1.1664e+06 	 	 2168.44 
1.18368e+06 	 	 2139.32 
1.20096e+06 	 	 2110.51 
1.21824e+06 	 	 2082.97 
1.23552e+06 	 	 2056.15 
1.2528e+06 	 	 2030.04 
1.27008e+06 	 	 2004.6 
1.28736e+06 	 	 1979.38 
Time 	 	 Temperature 	 	 tau 
 8640 	 	 214418 	 	 349.979 
25920 	 	 47059.9 	 	 648.948 
43200 	 	 48208.8 	 	 1755.26 
60480 	 	 45463.6 	 	 1612.71 
77760 	 	 40780 	 	 1090.01 
95040 	 	 7912.75 	 	 12.758 
112320 	 	 6432.43 	 	 0.0326237 
129600 	 	 7760.87 	 	 10.2838 
146880 	 	 16926 	 	 2.94279 
164160 	 	 9689.21 	 	 10.5336 
181440 	 	 7960.12 	 	 10.8522 
198720 	 	 7546.77 	 	 10.2076 
216000 	 	 4250.36 	 	 7.81613 
233280 	 	 4974.31 	 	 7.21812 
250560 	 	 12783.8 	 	 12.5873 
267840 	 	 5950.53 	 	 10.0166 
285120 	 	 4885.84 	 	 10.3151 
302400 	 	 8250.64 	 	 2.32217 
319680 	 	 3161.87 	 	 10.0271 
336960 	 	 4688.94 	 	 0.762096 
354240 	 	 2898.27 	 	 10.0294 
371520 	 	 8963.39 	 	 17.4954 
388800 	 	 4983.67 	 	 7.51034 
406080 	 	 2903.08 	 	 0.0117079 
423360 	 	 1904.05 	 	 0.0285275 
440640 	 	 8447.64 	 	 0.342221 
457920 	 	 1666.29 	 	 6.31064 
475200 	 	 2239.18 	 	 1.57219 
492480 	 	 2876.53 	 	 1.90121 
509760 	 	 3148.1 	 	 10.1375 
527040 	 	 1650.52 	 	 0.0325899 
544320 	 	 3827.89 	 	 0.0399066 
561600 	 	 6779.52 	 	 6.86432 
578880 	 	 3005.6 	 	 5.35313 
596160 	 	 2410.18 	 	 0.872721 
613440 	 	 2442.17 	 	 0.0141725 
630720 	 	 1663.84 	 	 1.00778 
648000 	 	 2116.52 	 	 0.00924742 
665280 	 	 1434.61 	 	 0.813986 
682560 	 	 4183.81 	 	 11.0463 
699840 	 	 2277.37 	 	 1.84719 
717120 	 	 3354.46 	 	 2.06245 
734400 	 	 3795.54 	 	 10.1699 
751680 	 	 1988.87 	 	 4.8387 
768960 	 	 5285.27 	 	 0.203219 
786240 	 	 3676.87 	 	 0.0638384 
803520 	 	 1855.39 	 	 0.057 
820800 	 	 2404.03 	 	 10.2303 
838080 	 	 2143.53 	 	 0.0160203 
855360 	 	 1601.98 	 	 1.88225 
872640 	 	 1583.25 	 	 9.82835 
889920 	 	 1886.59 	 	 2.2161 
907200 	 	 1057.45 	 	 0.00196157 
924480 	 	 3222.61 	 	 10.2153 
941760 	 	 2239.84 	 	 3.8506 
959040 	 	 2351.36 	 	 5.71711 
976320 	 	 1673.2 	 	 2.7187 
993600 	 	 1054.9 	 	 0.598961 
1.01088e+06 	 	 1737.3 	 	 2.01308 
1.02816e+06 	 	 1600.65 	 	 1.50799 
1.04544e+06 	 	 642.153 	 	 0.263858 
1.06272e+06 	 	 3539.76 	 	 0.201382 
1.08e+06 	 	 703.498 	 	 0.0915425 
1.09728e+06 	 	 1263.79 	 	 3.00461 
1.11456e+06 	 	 1135.25 	 	 0.00434524 
1.13184e+06 	 	 1540.93 	 	 2.76524 
1.14912e+06 	 	 609.622 	 	 0.000198142 
1.1664e+06 	 	 1289.78 	 	 1.50552 
1.18368e+06 	 	 2822.32 	 	 10.6667 
1.20096e+06 	 	 757.357 	 	 10.0515 
1.21824e+06 	 	 913.781 	 	 10.0683 
1.23552e+06 	 	 1756.36 	 	 2.47752 
1.2528e+06 	 	 746.88 	 	 0.220619 
1.27008e+06 	 	 717.908 	 	 0.345511 
1.28736e+06 	 	 728.767 	 	 0.00110605 
