1231 
   0.01 	 3.859774e+18 	 0.720000 
   0.10 	 3.849360e+18 	 0.720000 
   1.00 	 3.428314e+18 	 0.719996 
   2.00 	 8.060276e+16 	 0.719992 
   3.00 	 2.565698e+16 	 0.719988 
   4.00 	 1.407637e+16 	 0.719983 
   5.00 	 9.348612e+15 	 0.719979 
   6.00 	 6.850864e+15 	 0.719975 
   7.00 	 5.331731e+15 	 0.719971 
   8.00 	 4.321432e+15 	 0.719967 
   9.00 	 3.606611e+15 	 0.719963 
  10.00 	 3.077305e+15 	 0.719958 
  20.00 	 1.138086e+15 	 0.719917 
  30.00 	 6.521183e+14 	 0.719875 
  40.00 	 4.421299e+14 	 0.719832 
  50.00 	 3.279344e+14 	 0.719790 
  60.00 	 2.572441e+14 	 0.719748 
  70.00 	 2.096676e+14 	 0.719706 
  80.00 	 1.757147e+14 	 0.719663 
  90.00 	 1.504093e+14 	 0.719621 
 100.00 	 1.309071e+14 	 0.719578 
 200.00 	 5.271308e+13 	 0.719152 
 300.00 	 3.102915e+13 	 0.718725 
 400.00 	 2.131746e+13 	 0.718296 
 500.00 	 1.593619e+13 	 0.717866 
 600.00 	 1.256619e+13 	 0.717436 
 700.00 	 1.028011e+13 	 0.717006 
 800.00 	 8.639266e+12 	 0.716575 
 900.00 	 7.410994e+12 	 0.716145 
1000.00 	 6.461154e+12 	 0.715714 
2000.00 	 2.621825e+12 	 0.711406 
3000.00 	 1.547258e+12 	 0.707113 
3600.00 	 1.220636e+12 	 0.704548 
7203.01 	 4.953472e+11 	 0.689367 
10806.01 	 2.923335e+11 	 0.674612 
14409.02 	 2.010953e+11 	 0.660301 
18012.02 	 1.504476e+11 	 0.646438 
21615.03 	 1.186936e+11 	 0.633016 
25218.03 	 9.713601e+10 	 0.620026 
28821.04 	 8.165423e+10 	 0.607457 
32424.04 	 7.006014e+10 	 0.595297 
36027.05 	 6.109122e+10 	 0.583535 
39630.05 	 5.397121e+10 	 0.572157 
43233.06 	 4.819832e+10 	 0.561152 
46836.06 	 4.343470e+10 	 0.550506 
50439.07 	 3.944510e+10 	 0.540209 
54042.07 	 3.606099e+10 	 0.530247 
57645.08 	 3.315870e+10 	 0.520610 
61248.08 	 3.064555e+10 	 0.511287 
64851.09 	 2.845080e+10 	 0.502266 
68454.09 	 2.651961e+10 	 0.493537 
72057.10 	 2.480882e+10 	 0.485090 
75660.10 	 2.328404e+10 	 0.476915 
79263.11 	 2.191757e+10 	 0.469001 
82866.11 	 2.068685e+10 	 0.461341 
86469.12 	 1.957333e+10 	 0.453924 
90072.12 	 1.856164e+10 	 0.446742 
93675.13 	 1.763892e+10 	 0.439787 
97278.13 	 1.679436e+10 	 0.433051 
100881.14 	 1.601880e+10 	 0.426526 
104484.14 	 1.530443e+10 	 0.420204 
108087.15 	 1.464455e+10 	 0.414078 
111690.15 	 1.403340e+10 	 0.408142 
115293.16 	 1.346596e+10 	 0.402388 
118896.16 	 1.293790e+10 	 0.396809 
122499.17 	 1.244539e+10 	 0.391400 
126102.17 	 1.198511e+10 	 0.386155 
129705.18 	 1.155412e+10 	 0.381067 
133308.18 	 1.114981e+10 	 0.376131 
136911.19 	 1.076987e+10 	 0.371342 
140514.19 	 1.041225e+10 	 0.366695 
144117.20 	 1.007512e+10 	 0.362184 
147720.20 	 9.756831e+09 	 0.357804 
151323.21 	 9.455909e+09 	 0.353552 
154926.21 	 9.171028e+09 	 0.349422 
158529.22 	 8.900987e+09 	 0.345410 
162132.22 	 8.644702e+09 	 0.341512 
165735.23 	 8.401190e+09 	 0.337723 
169338.23 	 8.169556e+09 	 0.334041 
172941.24 	 7.948987e+09 	 0.330462 
176544.24 	 7.738739e+09 	 0.326981 
180147.25 	 7.538133e+09 	 0.323595 
183750.25 	 7.346548e+09 	 0.320302 
187353.26 	 7.163412e+09 	 0.317097 
190956.26 	 6.988202e+09 	 0.313977 
194559.27 	 6.820433e+09 	 0.310941 
198162.27 	 6.659661e+09 	 0.307984 
201765.28 	 6.505474e+09 	 0.305105 
205368.28 	 6.357492e+09 	 0.302300 
208971.29 	 6.215364e+09 	 0.299567 
212574.29 	 6.078762e+09 	 0.296903 
216177.30 	 5.947383e+09 	 0.294306 
219780.30 	 5.820946e+09 	 0.291775 
223383.31 	 5.699188e+09 	 0.289305 
226986.31 	 5.581865e+09 	 0.286896 
230589.32 	 5.468748e+09 	 0.284546 
234192.32 	 5.359624e+09 	 0.282252 
237795.33 	 5.254295e+09 	 0.280013 
241398.33 	 5.152573e+09 	 0.277826 
245001.34 	 5.054284e+09 	 0.275690 
248604.34 	 4.959265e+09 	 0.273604 
252207.35 	 4.867360e+09 	 0.271565 
255810.35 	 4.778427e+09 	 0.269572 
259413.36 	 4.692329e+09 	 0.267624 
263016.36 	 4.608938e+09 	 0.265719 
266619.37 	 4.528133e+09 	 0.263855 
270222.37 	 4.449802e+09 	 0.262032 
273825.38 	 4.373836e+09 	 0.260248 
277428.38 	 4.300135e+09 	 0.258502 
281031.39 	 4.228604e+09 	 0.256792 
284634.39 	 4.159151e+09 	 0.255118 
288237.40 	 4.091690e+09 	 0.253478 
291840.40 	 4.026142e+09 	 0.251871 
295443.41 	 3.962429e+09 	 0.250296 
299046.41 	 3.900479e+09 	 0.248752 
302649.42 	 3.840222e+09 	 0.247239 
306252.42 	 3.781592e+09 	 0.245754 
309855.43 	 3.724527e+09 	 0.244298 
313458.43 	 3.668969e+09 	 0.242869 
317061.44 	 3.614860e+09 	 0.241467 
320664.44 	 3.562147e+09 	 0.240091 
324267.45 	 3.510780e+09 	 0.238740 
327870.45 	 3.460708e+09 	 0.237413 
331473.46 	 3.411886e+09 	 0.236109 
335076.46 	 3.364269e+09 	 0.234828 
338679.47 	 3.317816e+09 	 0.233570 
342282.47 	 3.272486e+09 	 0.232332 
345885.48 	 3.228239e+09 	 0.231116 
349488.48 	 3.185041e+09 	 0.229920 
353091.49 	 3.142855e+09 	 0.228744 
356694.49 	 3.101647e+09 	 0.227586 
360297.50 	 3.061386e+09 	 0.226447 
363900.50 	 3.022040e+09 	 0.225327 
367503.51 	 2.983580e+09 	 0.224223 
371106.51 	 2.945978e+09 	 0.223137 
374709.52 	 2.909206e+09 	 0.222067 
378312.52 	 2.873238e+09 	 0.221014 
381915.53 	 2.838050e+09 	 0.219976 
385518.53 	 2.803617e+09 	 0.218953 
389121.54 	 2.769917e+09 	 0.217945 
392724.54 	 2.736926e+09 	 0.216951 
396327.55 	 2.704624e+09 	 0.215972 
399930.55 	 2.672991e+09 	 0.215006 
403533.56 	 2.642007e+09 	 0.214053 
407136.56 	 2.611652e+09 	 0.213113 
410739.57 	 2.581909e+09 	 0.212186 
414342.57 	 2.552760e+09 	 0.211271 
417945.58 	 2.524188e+09 	 0.210368 
421548.58 	 2.496178e+09 	 0.209477 
425151.59 	 2.468712e+09 	 0.208597 
428754.59 	 2.441777e+09 	 0.207729 
432357.60 	 2.415357e+09 	 0.206871 
435960.60 	 2.389439e+09 	 0.206023 
439563.61 	 2.364009e+09 	 0.205186 
443166.61 	 2.339054e+09 	 0.204359 
446769.62 	 2.314561e+09 	 0.203542 
450372.62 	 2.290518e+09 	 0.202735 
453975.63 	 2.266914e+09 	 0.201936 
457578.63 	 2.243736e+09 	 0.201147 
461181.64 	 2.220975e+09 	 0.200367 
464784.64 	 2.198619e+09 	 0.199595 
468387.65 	 2.176658e+09 	 0.198832 
471990.65 	 2.155082e+09 	 0.198078 
475593.66 	 2.133882e+09 	 0.197331 
479196.66 	 2.113048e+09 	 0.196593 
482799.67 	 2.092571e+09 	 0.195862 
486402.67 	 2.072442e+09 	 0.195139 
490005.68 	 2.052654e+09 	 0.194423 
493608.68 	 2.033197e+09 	 0.193715 
497211.69 	 2.014065e+09 	 0.193014 
500814.69 	 1.995248e+09 	 0.192320 
504417.70 	 1.976741e+09 	 0.191633 
508020.70 	 1.958535e+09 	 0.190952 
511623.71 	 1.940623e+09 	 0.190278 
515226.71 	 1.923000e+09 	 0.189611 
518829.72 	 1.905657e+09 	 0.188949 
522432.72 	 1.888590e+09 	 0.188294 
526035.73 	 1.871790e+09 	 0.187646 
529638.73 	 1.855254e+09 	 0.187003 
533241.74 	 1.838974e+09 	 0.186366 
536844.74 	 1.822946e+09 	 0.185734 
540447.75 	 1.807162e+09 	 0.185109 
544050.75 	 1.791619e+09 	 0.184489 
547653.76 	 1.776311e+09 	 0.183874 
551256.76 	 1.761233e+09 	 0.183265 
554859.77 	 1.746380e+09 	 0.182661 
558462.77 	 1.731747e+09 	 0.182062 
562065.78 	 1.717330e+09 	 0.181468 
565668.78 	 1.703123e+09 	 0.180879 
569271.79 	 1.689123e+09 	 0.180295 
572874.79 	 1.675326e+09 	 0.179716 
576477.80 	 1.661727e+09 	 0.179142 
580080.80 	 1.648321e+09 	 0.178572 
583683.81 	 1.635106e+09 	 0.178007 
587286.81 	 1.622077e+09 	 0.177446 
590889.82 	 1.609231e+09 	 0.176890 
594492.82 	 1.596564e+09 	 0.176338 
598095.83 	 1.584072e+09 	 0.175790 
601698.83 	 1.571752e+09 	 0.175247 
605301.84 	 1.559600e+09 	 0.174708 
608904.84 	 1.547614e+09 	 0.174173 
612507.85 	 1.535789e+09 	 0.173642 
616110.85 	 1.524124e+09 	 0.173114 
619713.86 	 1.512615e+09 	 0.172591 
623316.86 	 1.501258e+09 	 0.172072 
626919.87 	 1.490051e+09 	 0.171556 
630522.87 	 1.478992e+09 	 0.171045 
634125.88 	 1.468076e+09 	 0.170537 
637728.88 	 1.457303e+09 	 0.170032 
641331.89 	 1.446669e+09 	 0.169531 
644934.89 	 1.436171e+09 	 0.169034 
648537.90 	 1.425807e+09 	 0.168540 
652140.90 	 1.415575e+09 	 0.168050 
655743.91 	 1.405472e+09 	 0.167563 
659346.91 	 1.395496e+09 	 0.167079 
662949.92 	 1.385644e+09 	 0.166599 
666552.92 	 1.375915e+09 	 0.166122 
670155.93 	 1.366306e+09 	 0.165648 
673758.93 	 1.356816e+09 	 0.165177 
677361.94 	 1.347441e+09 	 0.164710 
680964.94 	 1.338180e+09 	 0.164246 
684567.95 	 1.329031e+09 	 0.163784 
688170.95 	 1.319993e+09 	 0.163326 
691773.96 	 1.311062e+09 	 0.162871 
695376.96 	 1.302238e+09 	 0.162418 
698979.97 	 1.293518e+09 	 0.161969 
702582.97 	 1.284901e+09 	 0.161522 
706185.98 	 1.276386e+09 	 0.161079 
709788.98 	 1.267969e+09 	 0.160638 
713391.99 	 1.259650e+09 	 0.160200 
716994.99 	 1.251428e+09 	 0.159765 
720598.00 	 1.243299e+09 	 0.159332 
724201.00 	 1.235264e+09 	 0.158902 
727804.01 	 1.227320e+09 	 0.158475 
731407.01 	 1.219466e+09 	 0.158050 
735010.02 	 1.211701e+09 	 0.157628 
738613.02 	 1.204022e+09 	 0.157209 
742216.03 	 1.196430e+09 	 0.156792 
745819.03 	 1.188921e+09 	 0.156377 
749422.04 	 1.181496e+09 	 0.155966 
753025.04 	 1.174152e+09 	 0.155556 
756628.05 	 1.166889e+09 	 0.155149 
760231.05 	 1.159704e+09 	 0.154745 
763834.06 	 1.152598e+09 	 0.154342 
767437.06 	 1.145568e+09 	 0.153942 
771040.07 	 1.138614e+09 	 0.153545 
774643.07 	 1.131734e+09 	 0.153150 
778246.08 	 1.124928e+09 	 0.152757 
781849.08 	 1.118193e+09 	 0.152366 
785452.09 	 1.111529e+09 	 0.151978 
789055.09 	 1.104936e+09 	 0.151592 
792658.10 	 1.098411e+09 	 0.151208 
796261.10 	 1.091954e+09 	 0.150826 
799864.11 	 1.085564e+09 	 0.150446 
803467.11 	 1.079240e+09 	 0.150069 
807070.12 	 1.072981e+09 	 0.149694 
810673.12 	 1.066785e+09 	 0.149320 
814276.13 	 1.060653e+09 	 0.148949 
817879.13 	 1.054583e+09 	 0.148580 
821482.14 	 1.048574e+09 	 0.148213 
825085.14 	 1.042625e+09 	 0.147848 
828688.15 	 1.036736e+09 	 0.147485 
832291.15 	 1.030905e+09 	 0.147124 
835894.16 	 1.025132e+09 	 0.146764 
839497.16 	 1.019416e+09 	 0.146407 
843100.17 	 1.013756e+09 	 0.146052 
846703.17 	 1.008152e+09 	 0.145699 
850306.18 	 1.002602e+09 	 0.145347 
853909.18 	 9.971060e+08 	 0.144998 
857512.19 	 9.916630e+08 	 0.144650 
861115.19 	 9.862724e+08 	 0.144304 
864718.20 	 9.809334e+08 	 0.143960 
868321.20 	 9.756453e+08 	 0.143618 
871924.21 	 9.704075e+08 	 0.143277 
875527.21 	 9.652192e+08 	 0.142939 
879130.22 	 9.600798e+08 	 0.142602 
882733.22 	 9.549886e+08 	 0.142267 
886336.23 	 9.499449e+08 	 0.141933 
889939.23 	 9.449482e+08 	 0.141601 
893542.24 	 9.399978e+08 	 0.141271 
897145.24 	 9.350932e+08 	 0.140943 
900748.25 	 9.302336e+08 	 0.140616 
904351.25 	 9.254185e+08 	 0.140292 
907954.26 	 9.206473e+08 	 0.139968 
911557.26 	 9.159195e+08 	 0.139647 
915160.27 	 9.112345e+08 	 0.139326 
918763.27 	 9.065917e+08 	 0.139008 
922366.28 	 9.019906e+08 	 0.138691 
925969.28 	 8.974306e+08 	 0.138376 
929572.29 	 8.929113e+08 	 0.138062 
933175.29 	 8.884321e+08 	 0.137750 
936778.30 	 8.839925e+08 	 0.137439 
940381.30 	 8.795920e+08 	 0.137130 
943984.31 	 8.752300e+08 	 0.136823 
947587.31 	 8.709063e+08 	 0.136517 
951190.32 	 8.666201e+08 	 0.136212 
954793.32 	 8.623712e+08 	 0.135909 
958396.33 	 8.581589e+08 	 0.135608 
961999.33 	 8.539830e+08 	 0.135307 
965602.34 	 8.498428e+08 	 0.135009 
969205.34 	 8.457380e+08 	 0.134711 
972808.35 	 8.416682e+08 	 0.134416 
976411.35 	 8.376329e+08 	 0.134121 
980014.36 	 8.336317e+08 	 0.133828 
983617.36 	 8.296642e+08 	 0.133537 
987220.37 	 8.257300e+08 	 0.133246 
990823.37 	 8.218286e+08 	 0.132958 
994426.38 	 8.179598e+08 	 0.132670 
998029.38 	 8.141231e+08 	 0.132384 
1001632.39 	 8.103181e+08 	 0.132099 
1005235.39 	 8.065444e+08 	 0.131816 
1008838.40 	 8.028017e+08 	 0.131534 
1012441.40 	 7.990897e+08 	 0.131253 
1016044.41 	 7.954079e+08 	 0.130973 
1019647.41 	 7.917560e+08 	 0.130695 
1023250.42 	 7.881336e+08 	 0.130418 
1026853.42 	 7.845405e+08 	 0.130143 
1030456.43 	 7.809763e+08 	 0.129868 
1034059.43 	 7.774406e+08 	 0.129595 
1037662.44 	 7.739331e+08 	 0.129323 
1041265.44 	 7.704536e+08 	 0.129053 
1044868.45 	 7.670016e+08 	 0.128783 
1048471.45 	 7.635769e+08 	 0.128515 
1052074.46 	 7.601791e+08 	 0.128248 
1055677.46 	 7.568080e+08 	 0.127982 
1059280.47 	 7.534633e+08 	 0.127718 
1062883.47 	 7.501446e+08 	 0.127454 
1066486.48 	 7.468517e+08 	 0.127192 
1070089.48 	 7.435843e+08 	 0.126931 
1073692.49 	 7.403421e+08 	 0.126671 
1077295.49 	 7.371248e+08 	 0.126413 
1080898.50 	 7.339322e+08 	 0.126155 
1084501.50 	 7.307640e+08 	 0.125899 
1088104.51 	 7.276198e+08 	 0.125643 
1091707.51 	 7.244996e+08 	 0.125389 
1095310.52 	 7.214029e+08 	 0.125136 
1098913.52 	 7.183296e+08 	 0.124884 
1102516.53 	 7.152793e+08 	 0.124633 
1106119.53 	 7.122519e+08 	 0.124383 
1109722.54 	 7.092471e+08 	 0.124135 
1113325.54 	 7.062647e+08 	 0.123887 
1116928.55 	 7.033043e+08 	 0.123641 
1120531.55 	 7.003659e+08 	 0.123395 
1124134.56 	 6.974491e+08 	 0.123151 
1127737.56 	 6.945537e+08 	 0.122907 
1131340.57 	 6.916795e+08 	 0.122665 
1134943.57 	 6.888263e+08 	 0.122424 
1138546.58 	 6.859939e+08 	 0.122183 
1142149.58 	 6.831820e+08 	 0.121944 
1145752.59 	 6.803904e+08 	 0.121706 
1149355.59 	 6.776190e+08 	 0.121469 
1152958.60 	 6.748674e+08 	 0.121232 
1156561.60 	 6.721356e+08 	 0.120997 
1160164.61 	 6.694232e+08 	 0.120763 
1163767.61 	 6.667302e+08 	 0.120530 
1167370.62 	 6.640563e+08 	 0.120297 
1170973.62 	 6.614013e+08 	 0.120066 
1174576.63 	 6.587650e+08 	 0.119836 
1178179.63 	 6.561472e+08 	 0.119606 
1181782.64 	 6.535478e+08 	 0.119378 
1185385.64 	 6.509666e+08 	 0.119150 
1188988.65 	 6.484033e+08 	 0.118924 
1192591.65 	 6.458579e+08 	 0.118698 
1196194.66 	 6.433301e+08 	 0.118473 
1199797.66 	 6.408197e+08 	 0.118250 
1203400.67 	 6.383266e+08 	 0.118027 
1207003.67 	 6.358506e+08 	 0.117805 
1210606.68 	 6.333916e+08 	 0.117584 
1214209.68 	 6.309493e+08 	 0.117364 
1217812.69 	 6.285236e+08 	 0.117144 
1221415.69 	 6.261144e+08 	 0.116926 
1225018.70 	 6.237215e+08 	 0.116708 
1228621.70 	 6.213447e+08 	 0.116492 
1232224.71 	 6.189839e+08 	 0.116276 
1235827.71 	 6.166389e+08 	 0.116061 
1239430.72 	 6.143096e+08 	 0.115847 
1243033.72 	 6.119958e+08 	 0.115634 
1246636.73 	 6.096974e+08 	 0.115421 
1250239.73 	 6.074142e+08 	 0.115210 
1253842.74 	 6.051461e+08 	 0.114999 
1257445.74 	 6.028929e+08 	 0.114789 
1261048.75 	 6.006546e+08 	 0.114580 
1264651.75 	 5.984309e+08 	 0.114372 
1268254.76 	 5.962217e+08 	 0.114165 
1271857.76 	 5.940269e+08 	 0.113958 
1275460.77 	 5.918464e+08 	 0.113752 
1279063.77 	 5.896800e+08 	 0.113547 
1282666.78 	 5.875275e+08 	 0.113343 
1286269.78 	 5.853890e+08 	 0.113140 
1289872.79 	 5.832641e+08 	 0.112937 
1293475.79 	 5.811529e+08 	 0.112736 
1297078.80 	 5.790552e+08 	 0.112535 
1300681.80 	 5.769708e+08 	 0.112334 
1304284.81 	 5.748997e+08 	 0.112135 
1307887.81 	 5.728416e+08 	 0.111936 
1311490.82 	 5.707966e+08 	 0.111738 
1315093.82 	 5.687645e+08 	 0.111541 
1318696.83 	 5.667451e+08 	 0.111344 
1322299.83 	 5.647383e+08 	 0.111149 
1325902.84 	 5.627442e+08 	 0.110954 
1329505.84 	 5.607624e+08 	 0.110759 
1333108.85 	 5.587929e+08 	 0.110566 
1336711.85 	 5.568357e+08 	 0.110373 
1340314.86 	 5.548905e+08 	 0.110181 
1343917.86 	 5.529574e+08 	 0.109990 
1347520.87 	 5.510361e+08 	 0.109799 
1351123.87 	 5.491266e+08 	 0.109609 
1354726.88 	 5.472288e+08 	 0.109420 
1358329.88 	 5.453425e+08 	 0.109232 
1361932.89 	 5.434677e+08 	 0.109044 
1365535.89 	 5.416043e+08 	 0.108857 
1369138.90 	 5.397522e+08 	 0.108670 
1372741.90 	 5.379112e+08 	 0.108485 
1376344.91 	 5.360814e+08 	 0.108300 
1379947.91 	 5.342625e+08 	 0.108115 
1383550.92 	 5.324545e+08 	 0.107932 
1387153.92 	 5.306573e+08 	 0.107749 
1390756.93 	 5.288708e+08 	 0.107566 
1394359.93 	 5.270949e+08 	 0.107385 
1397962.94 	 5.253295e+08 	 0.107204 
1401565.94 	 5.235746e+08 	 0.107023 
1405168.95 	 5.218300e+08 	 0.106844 
1408771.95 	 5.200957e+08 	 0.106664 
1412374.96 	 5.183715e+08 	 0.106486 
1415977.96 	 5.166575e+08 	 0.106308 
1419580.97 	 5.149534e+08 	 0.106131 
1423183.97 	 5.132593e+08 	 0.105955 
1426786.98 	 5.115750e+08 	 0.105779 
1430389.98 	 5.099004e+08 	 0.105604 
1433992.99 	 5.082355e+08 	 0.105429 
1437595.99 	 5.065802e+08 	 0.105255 
1441199.00 	 5.049345e+08 	 0.105082 
1444802.00 	 5.032981e+08 	 0.104909 
1448405.01 	 5.016712e+08 	 0.104737 
1452008.01 	 5.000535e+08 	 0.104565 
1455611.02 	 4.984450e+08 	 0.104394 
1459214.02 	 4.968456e+08 	 0.104224 
1462817.03 	 4.952553e+08 	 0.104054 
1466420.03 	 4.936740e+08 	 0.103885 
1470023.04 	 4.921016e+08 	 0.103717 
1473626.04 	 4.905380e+08 	 0.103549 
1477229.05 	 4.889832e+08 	 0.103381 
1480832.05 	 4.874371e+08 	 0.103215 
1484435.06 	 4.858996e+08 	 0.103048 
1488038.06 	 4.843707e+08 	 0.102883 
1491641.07 	 4.828503e+08 	 0.102718 
1495244.07 	 4.813383e+08 	 0.102553 
1498847.08 	 4.798347e+08 	 0.102389 
1502450.08 	 4.783393e+08 	 0.102226 
1506053.09 	 4.768522e+08 	 0.102063 
1509656.09 	 4.753732e+08 	 0.101901 
1513259.10 	 4.739023e+08 	 0.101739 
1516862.10 	 4.724395e+08 	 0.101578 
1520465.11 	 4.709846e+08 	 0.101417 
1524068.11 	 4.695377e+08 	 0.101257 
1527671.12 	 4.680986e+08 	 0.101098 
1531274.12 	 4.666672e+08 	 0.100939 
1534877.13 	 4.652436e+08 	 0.100780 
1538480.13 	 4.638277e+08 	 0.100623 
1542083.14 	 4.624193e+08 	 0.100465 
1545686.14 	 4.610186e+08 	 0.100308 
1549289.15 	 4.596253e+08 	 0.100152 
1552892.15 	 4.582394e+08 	 0.099996 
1556495.16 	 4.568609e+08 	 0.099841 
1560098.16 	 4.554898e+08 	 0.099686 
1563701.17 	 4.541259e+08 	 0.099532 
1567304.17 	 4.527692e+08 	 0.099378 
1570907.18 	 4.514196e+08 	 0.099225 
1574510.18 	 4.500772e+08 	 0.099072 
1578113.19 	 4.487418e+08 	 0.098920 
1581716.19 	 4.474134e+08 	 0.098769 
1585319.20 	 4.460919e+08 	 0.098617 
1588922.20 	 4.447774e+08 	 0.098467 
1592525.21 	 4.434696e+08 	 0.098317 
1596128.21 	 4.421687e+08 	 0.098167 
1599731.22 	 4.408745e+08 	 0.098018 
1603334.22 	 4.395870e+08 	 0.097869 
1606937.23 	 4.383061e+08 	 0.097721 
1610540.23 	 4.370318e+08 	 0.097573 
1614143.24 	 4.357641e+08 	 0.097426 
1617746.24 	 4.345028e+08 	 0.097279 
1621349.25 	 4.332480e+08 	 0.097132 
1624952.25 	 4.319996e+08 	 0.096987 
1628555.26 	 4.307575e+08 	 0.096841 
1632158.26 	 4.295217e+08 	 0.096696 
1635761.27 	 4.282922e+08 	 0.096552 
1639364.27 	 4.270689e+08 	 0.096408 
1642967.28 	 4.258518e+08 	 0.096264 
1646570.28 	 4.246408e+08 	 0.096121 
1650173.29 	 4.234359e+08 	 0.095979 
1653776.29 	 4.222370e+08 	 0.095836 
1657379.30 	 4.210441e+08 	 0.095695 
1660982.30 	 4.198572e+08 	 0.095553 
1664585.31 	 4.186761e+08 	 0.095413 
1668188.31 	 4.175010e+08 	 0.095272 
1671791.32 	 4.163316e+08 	 0.095132 
1675394.32 	 4.151681e+08 	 0.094993 
1678997.33 	 4.140102e+08 	 0.094854 
1682600.33 	 4.128581e+08 	 0.094715 
1686203.34 	 4.117116e+08 	 0.094577 
1689806.34 	 4.105708e+08 	 0.094439 
1693409.35 	 4.094355e+08 	 0.094302 
1697012.35 	 4.083058e+08 	 0.094165 
1700615.36 	 4.071816e+08 	 0.094029 
1704218.36 	 4.060629e+08 	 0.093893 
1707821.37 	 4.049495e+08 	 0.093757 
1711424.37 	 4.038416e+08 	 0.093622 
1715027.38 	 4.027390e+08 	 0.093487 
1718630.38 	 4.016417e+08 	 0.093353 
1722233.39 	 4.005498e+08 	 0.093219 
1725836.39 	 3.994630e+08 	 0.093085 
1729439.40 	 3.983815e+08 	 0.092952 
1733042.40 	 3.973051e+08 	 0.092819 
1736645.41 	 3.962338e+08 	 0.092687 
1740248.41 	 3.951677e+08 	 0.092555 
1743851.42 	 3.941066e+08 	 0.092424 
1747454.42 	 3.930506e+08 	 0.092293 
1751057.43 	 3.919995e+08 	 0.092162 
1754660.43 	 3.909535e+08 	 0.092032 
1758263.44 	 3.899123e+08 	 0.091902 
1761866.44 	 3.888760e+08 	 0.091772 
1765469.45 	 3.878446e+08 	 0.091643 
1769072.45 	 3.868181e+08 	 0.091514 
1772675.46 	 3.857963e+08 	 0.091386 
1776278.46 	 3.847793e+08 	 0.091258 
1779881.47 	 3.837670e+08 	 0.091130 
1783484.47 	 3.827595e+08 	 0.091003 
1787087.48 	 3.817566e+08 	 0.090876 
1790690.48 	 3.807583e+08 	 0.090750 
1794293.49 	 3.797646e+08 	 0.090624 
1797896.49 	 3.787756e+08 	 0.090498 
1801499.50 	 3.777911e+08 	 0.090373 
1805102.50 	 3.768110e+08 	 0.090248 
1808705.51 	 3.758355e+08 	 0.090123 
1812308.51 	 3.748645e+08 	 0.089999 
1815911.52 	 3.738978e+08 	 0.089875 
1819514.52 	 3.729356e+08 	 0.089752 
1823117.53 	 3.719778e+08 	 0.089629 
1826720.53 	 3.710243e+08 	 0.089506 
1830323.54 	 3.700751e+08 	 0.089384 
1833926.54 	 3.691302e+08 	 0.089262 
1837529.55 	 3.681895e+08 	 0.089140 
1841132.55 	 3.672531e+08 	 0.089019 
1844735.56 	 3.663209e+08 	 0.088898 
1848338.56 	 3.653929e+08 	 0.088777 
1851941.57 	 3.644690e+08 	 0.088657 
1855544.57 	 3.635492e+08 	 0.088537 
1859147.58 	 3.626336e+08 	 0.088417 
1862750.58 	 3.617220e+08 	 0.088298 
1866353.59 	 3.608145e+08 	 0.088179 
1869956.59 	 3.599109e+08 	 0.088061 
1873559.60 	 3.590114e+08 	 0.087942 
1877162.60 	 3.581159e+08 	 0.087825 
1880765.61 	 3.572243e+08 	 0.087707 
1884368.61 	 3.563366e+08 	 0.087590 
1887971.62 	 3.554528e+08 	 0.087473 
1891574.62 	 3.545729e+08 	 0.087356 
1895177.63 	 3.536968e+08 	 0.087240 
1898780.63 	 3.528246e+08 	 0.087124 
1902383.64 	 3.519561e+08 	 0.087009 
1905986.64 	 3.510914e+08 	 0.086894 
1909589.65 	 3.502305e+08 	 0.086779 
1913192.65 	 3.493733e+08 	 0.086664 
1916795.66 	 3.485198e+08 	 0.086550 
1920398.66 	 3.476700e+08 	 0.086436 
1924001.67 	 3.468238e+08 	 0.086323 
1927604.67 	 3.459813e+08 	 0.086209 
1931207.68 	 3.451424e+08 	 0.086096 
1934810.68 	 3.443071e+08 	 0.085984 
1938413.69 	 3.434754e+08 	 0.085872 
1942016.69 	 3.426472e+08 	 0.085760 
1945619.70 	 3.418225e+08 	 0.085648 
1949222.70 	 3.410014e+08 	 0.085536 
1952825.71 	 3.401837e+08 	 0.085425 
1956428.71 	 3.393695e+08 	 0.085315 
1960031.72 	 3.385587e+08 	 0.085204 
1963634.72 	 3.377514e+08 	 0.085094 
1967237.73 	 3.369474e+08 	 0.084984 
1970840.73 	 3.361468e+08 	 0.084875 
1974443.74 	 3.353496e+08 	 0.084765 
1978046.74 	 3.345558e+08 	 0.084657 
1981649.75 	 3.337652e+08 	 0.084548 
1985252.75 	 3.329779e+08 	 0.084440 
1988855.76 	 3.321940e+08 	 0.084332 
1992458.76 	 3.314133e+08 	 0.084224 
1996061.77 	 3.306358e+08 	 0.084116 
1999664.77 	 3.298615e+08 	 0.084009 
2003267.78 	 3.290905e+08 	 0.083902 
2006870.78 	 3.283226e+08 	 0.083796 
2010473.79 	 3.275579e+08 	 0.083689 
2014076.79 	 3.267963e+08 	 0.083584 
2017679.80 	 3.260379e+08 	 0.083478 
2021282.80 	 3.252826e+08 	 0.083372 
2024885.81 	 3.245303e+08 	 0.083267 
2028488.81 	 3.237812e+08 	 0.083162 
2032091.82 	 3.230351e+08 	 0.083058 
2035694.82 	 3.222920e+08 	 0.082954 
2039297.83 	 3.215520e+08 	 0.082850 
2042900.83 	 3.208149e+08 	 0.082746 
2046503.84 	 3.200808e+08 	 0.082642 
2050106.84 	 3.193497e+08 	 0.082539 
2053709.85 	 3.186216e+08 	 0.082436 
2057312.85 	 3.178964e+08 	 0.082334 
2060915.86 	 3.171741e+08 	 0.082231 
2064518.86 	 3.164547e+08 	 0.082129 
2068121.87 	 3.157381e+08 	 0.082027 
2071724.87 	 3.150245e+08 	 0.081926 
2075327.88 	 3.143137e+08 	 0.081825 
2078930.88 	 3.136057e+08 	 0.081724 
2082533.89 	 3.129005e+08 	 0.081623 
2086136.89 	 3.121982e+08 	 0.081522 
2089739.90 	 3.114986e+08 	 0.081422 
2093342.90 	 3.108018e+08 	 0.081322 
2096945.91 	 3.101077e+08 	 0.081222 
2100548.91 	 3.094164e+08 	 0.081123 
2104151.92 	 3.087278e+08 	 0.081024 
2107754.92 	 3.080419e+08 	 0.080925 
2111357.93 	 3.073587e+08 	 0.080826 
2114960.93 	 3.066782e+08 	 0.080728 
2118563.94 	 3.060004e+08 	 0.080630 
2122166.94 	 3.053252e+08 	 0.080532 
2125769.95 	 3.046526e+08 	 0.080434 
2129372.95 	 3.039826e+08 	 0.080337 
2132975.96 	 3.033152e+08 	 0.080240 
2136578.96 	 3.026505e+08 	 0.080143 
2140181.97 	 3.019883e+08 	 0.080046 
2143784.97 	 3.013286e+08 	 0.079950 
2147387.98 	 3.006715e+08 	 0.079854 
2150990.98 	 3.000170e+08 	 0.079758 
2154593.99 	 2.993649e+08 	 0.079662 
2158196.99 	 2.987154e+08 	 0.079567 
2161800.00 	 2.980683e+08 	 0.079472 
2165403.01 	 2.974237e+08 	 0.079377 
2169006.01 	 2.967816e+08 	 0.079282 
2172609.02 	 2.961420e+08 	 0.079188 
2176212.02 	 2.955047e+08 	 0.079093 
2179815.03 	 2.948699e+08 	 0.079000 
2183418.03 	 2.942375e+08 	 0.078906 
2187021.04 	 2.936075e+08 	 0.078812 
2190624.04 	 2.929799e+08 	 0.078719 
2194227.05 	 2.923546e+08 	 0.078626 
2197830.05 	 2.917317e+08 	 0.078533 
2201433.06 	 2.911112e+08 	 0.078441 
2205036.06 	 2.904929e+08 	 0.078349 
2208639.07 	 2.898770e+08 	 0.078256 
2212242.07 	 2.892634e+08 	 0.078165 
2215845.08 	 2.886521e+08 	 0.078073 
2219448.08 	 2.880431e+08 	 0.077982 
2223051.09 	 2.874364e+08 	 0.077890 
2226654.09 	 2.868319e+08 	 0.077800 
2230257.10 	 2.862296e+08 	 0.077709 
2233860.10 	 2.856296e+08 	 0.077618 
2237463.11 	 2.850318e+08 	 0.077528 
2241066.11 	 2.844362e+08 	 0.077438 
2244669.12 	 2.838428e+08 	 0.077348 
2248272.12 	 2.832516e+08 	 0.077259 
2251875.13 	 2.826626e+08 	 0.077169 
2255478.13 	 2.820758e+08 	 0.077080 
2259081.14 	 2.814911e+08 	 0.076991 
2262684.14 	 2.809085e+08 	 0.076903 
2266287.15 	 2.803280e+08 	 0.076814 
2269890.15 	 2.797497e+08 	 0.076726 
2273493.16 	 2.791735e+08 	 0.076638 
2277096.16 	 2.785994e+08 	 0.076550 
2280699.17 	 2.780274e+08 	 0.076462 
2284302.17 	 2.774574e+08 	 0.076375 
2287905.18 	 2.768895e+08 	 0.076288 
2291508.18 	 2.763237e+08 	 0.076201 
2295111.19 	 2.757599e+08 	 0.076114 
2298714.19 	 2.751981e+08 	 0.076027 
2302317.20 	 2.746384e+08 	 0.075941 
2305920.20 	 2.740807e+08 	 0.075855 
2309523.21 	 2.735249e+08 	 0.075769 
2313126.21 	 2.729712e+08 	 0.075683 
2316729.22 	 2.724194e+08 	 0.075598 
2320332.22 	 2.718697e+08 	 0.075512 
2323935.23 	 2.713218e+08 	 0.075427 
2327538.23 	 2.707760e+08 	 0.075342 
2331141.24 	 2.702320e+08 	 0.075258 
2334744.24 	 2.696900e+08 	 0.075173 
2338347.25 	 2.691499e+08 	 0.075089 
2341950.25 	 2.686117e+08 	 0.075005 
2345553.26 	 2.680755e+08 	 0.074921 
2349156.26 	 2.675411e+08 	 0.074837 
2352759.27 	 2.670086e+08 	 0.074754 
2356362.27 	 2.664780e+08 	 0.074671 
2359965.28 	 2.659492e+08 	 0.074587 
2363568.28 	 2.654223e+08 	 0.074505 
2367171.29 	 2.648972e+08 	 0.074422 
2370774.29 	 2.643740e+08 	 0.074339 
2374377.30 	 2.638526e+08 	 0.074257 
2377980.30 	 2.633330e+08 	 0.074175 
2381583.31 	 2.628152e+08 	 0.074093 
2385186.31 	 2.622992e+08 	 0.074011 
2388789.32 	 2.617850e+08 	 0.073930 
2392392.32 	 2.612726e+08 	 0.073848 
2395995.33 	 2.607619e+08 	 0.073767 
2399598.33 	 2.602531e+08 	 0.073686 
2403201.34 	 2.597459e+08 	 0.073605 
2406804.34 	 2.592405e+08 	 0.073525 
2410407.35 	 2.587369e+08 	 0.073444 
2414010.35 	 2.582350e+08 	 0.073364 
2417613.36 	 2.577348e+08 	 0.073284 
2421216.36 	 2.572363e+08 	 0.073204 
2424819.37 	 2.567395e+08 	 0.073125 
2428422.37 	 2.562444e+08 	 0.073045 
2432025.38 	 2.557510e+08 	 0.072966 
2435628.38 	 2.552593e+08 	 0.072887 
2439231.39 	 2.547693e+08 	 0.072808 
2442834.39 	 2.542809e+08 	 0.072729 
2446437.40 	 2.537942e+08 	 0.072651 
2450040.40 	 2.533091e+08 	 0.072572 
2453643.41 	 2.528256e+08 	 0.072494 
2457246.41 	 2.523438e+08 	 0.072416 
2460849.42 	 2.518636e+08 	 0.072338 
2464452.42 	 2.513850e+08 	 0.072260 
2468055.43 	 2.509080e+08 	 0.072183 
2471658.43 	 2.504327e+08 	 0.072106 
2475261.44 	 2.499589e+08 	 0.072028 
2478864.44 	 2.494867e+08 	 0.071952 
2482467.45 	 2.490160e+08 	 0.071875 
2486070.45 	 2.485470e+08 	 0.071798 
2489673.46 	 2.480795e+08 	 0.071722 
2493276.46 	 2.476135e+08 	 0.071645 
2496879.47 	 2.471491e+08 	 0.071569 
2500482.47 	 2.466863e+08 	 0.071493 
2504085.48 	 2.462249e+08 	 0.071418 
2507688.48 	 2.457651e+08 	 0.071342 
2511291.49 	 2.453069e+08 	 0.071267 
2514894.49 	 2.448501e+08 	 0.071191 
2518497.50 	 2.443948e+08 	 0.071116 
2522100.50 	 2.439410e+08 	 0.071041 
2525703.51 	 2.434887e+08 	 0.070967 
2529306.51 	 2.430379e+08 	 0.070892 
2532909.52 	 2.425886e+08 	 0.070818 
2536512.52 	 2.421407e+08 	 0.070744 
2540115.53 	 2.416943e+08 	 0.070669 
2543718.53 	 2.412494e+08 	 0.070596 
2547321.54 	 2.408059e+08 	 0.070522 
2550924.54 	 2.403638e+08 	 0.070448 
2554527.55 	 2.399232e+08 	 0.070375 
2558130.55 	 2.394840e+08 	 0.070302 
2561733.56 	 2.390462e+08 	 0.070228 
2565336.56 	 2.386098e+08 	 0.070156 
2568939.57 	 2.381748e+08 	 0.070083 
2572542.57 	 2.377413e+08 	 0.070010 
2576145.58 	 2.373091e+08 	 0.069938 
2579748.58 	 2.368783e+08 	 0.069865 
2583351.59 	 2.364489e+08 	 0.069793 
2586954.59 	 2.360209e+08 	 0.069721 
2590557.60 	 2.355943e+08 	 0.069650 
2594160.60 	 2.351690e+08 	 0.069578 
2597763.61 	 2.347450e+08 	 0.069506 
2601366.61 	 2.343224e+08 	 0.069435 
2604969.62 	 2.339012e+08 	 0.069364 
2608572.62 	 2.334813e+08 	 0.069293 
2612175.63 	 2.330627e+08 	 0.069222 
2615778.63 	 2.326455e+08 	 0.069151 
2619381.64 	 2.322296e+08 	 0.069081 
2622984.64 	 2.318150e+08 	 0.069010 
2626587.65 	 2.314017e+08 	 0.068940 
2630190.65 	 2.309897e+08 	 0.068870 
2633793.66 	 2.305789e+08 	 0.068800 
2637396.66 	 2.301695e+08 	 0.068730 
2640999.67 	 2.297614e+08 	 0.068660 
2644602.67 	 2.293546e+08 	 0.068591 
2648205.68 	 2.289490e+08 	 0.068522 
2651808.68 	 2.285447e+08 	 0.068452 
2655411.69 	 2.281416e+08 	 0.068383 
2659014.69 	 2.277398e+08 	 0.068314 
2662617.70 	 2.273393e+08 	 0.068246 
2666220.70 	 2.269400e+08 	 0.068177 
2669823.71 	 2.265419e+08 	 0.068109 
2673426.71 	 2.261451e+08 	 0.068040 
2677029.72 	 2.257495e+08 	 0.067972 
2680632.72 	 2.253551e+08 	 0.067904 
2684235.73 	 2.249620e+08 	 0.067836 
2687838.73 	 2.245700e+08 	 0.067768 
2691441.74 	 2.241793e+08 	 0.067701 
2695044.74 	 2.237897e+08 	 0.067633 
2698647.75 	 2.234014e+08 	 0.067566 
2702250.75 	 2.230142e+08 	 0.067499 
2705853.76 	 2.226283e+08 	 0.067432 
2709456.76 	 2.222435e+08 	 0.067365 
2713059.77 	 2.218599e+08 	 0.067298 
2716662.77 	 2.214774e+08 	 0.067231 
2720265.78 	 2.210961e+08 	 0.067165 
2723868.78 	 2.207160e+08 	 0.067099 
2727471.79 	 2.203371e+08 	 0.067032 
2731074.79 	 2.199593e+08 	 0.066966 
2734677.80 	 2.195826e+08 	 0.066901 
2738280.80 	 2.192071e+08 	 0.066835 
2741883.81 	 2.188327e+08 	 0.066769 
2745486.81 	 2.184594e+08 	 0.066704 
2749089.82 	 2.180873e+08 	 0.066638 
2752692.82 	 2.177162e+08 	 0.066573 
2756295.83 	 2.173463e+08 	 0.066508 
2759898.83 	 2.169775e+08 	 0.066443 
2763501.84 	 2.166099e+08 	 0.066378 
2767104.84 	 2.162433e+08 	 0.066313 
2770707.85 	 2.158778e+08 	 0.066249 
2774310.85 	 2.155134e+08 	 0.066184 
2777913.86 	 2.151501e+08 	 0.066120 
2781516.86 	 2.147878e+08 	 0.066056 
2785119.87 	 2.144267e+08 	 0.065992 
2788722.87 	 2.140666e+08 	 0.065928 
2792325.88 	 2.137076e+08 	 0.065864 
2795928.88 	 2.133497e+08 	 0.065801 
2799531.89 	 2.129928e+08 	 0.065737 
2803134.89 	 2.126369e+08 	 0.065674 
2806737.90 	 2.122822e+08 	 0.065611 
2810340.90 	 2.119284e+08 	 0.065547 
2813943.91 	 2.115757e+08 	 0.065484 
2817546.91 	 2.112241e+08 	 0.065422 
2821149.92 	 2.108734e+08 	 0.065359 
2824752.92 	 2.105238e+08 	 0.065296 
2828355.93 	 2.101753e+08 	 0.065234 
2831958.93 	 2.098277e+08 	 0.065171 
2835561.94 	 2.094812e+08 	 0.065109 
2839164.94 	 2.091357e+08 	 0.065047 
2842767.95 	 2.087911e+08 	 0.064985 
2846370.95 	 2.084476e+08 	 0.064923 
2849973.96 	 2.081051e+08 	 0.064862 
2853576.96 	 2.077636e+08 	 0.064800 
2857179.97 	 2.074231e+08 	 0.064738 
2860782.97 	 2.070835e+08 	 0.064677 
2864385.98 	 2.067449e+08 	 0.064616 
2867988.98 	 2.064074e+08 	 0.064555 
2871591.99 	 2.060707e+08 	 0.064494 
2875194.99 	 2.057351e+08 	 0.064433 
2878798.00 	 2.054004e+08 	 0.064372 
2882401.00 	 2.050667e+08 	 0.064312 
2886004.01 	 2.047340e+08 	 0.064251 
2889607.01 	 2.044022e+08 	 0.064191 
2893210.02 	 2.040713e+08 	 0.064130 
2896813.02 	 2.037414e+08 	 0.064070 
2900416.03 	 2.034124e+08 	 0.064010 
2904019.03 	 2.030844e+08 	 0.063950 
2907622.04 	 2.027573e+08 	 0.063891 
2911225.04 	 2.024312e+08 	 0.063831 
2914828.05 	 2.021059e+08 	 0.063771 
2918431.05 	 2.017816e+08 	 0.063712 
2922034.06 	 2.014582e+08 	 0.063653 
2925637.06 	 2.011358e+08 	 0.063594 
2929240.07 	 2.008142e+08 	 0.063534 
2932843.07 	 2.004936e+08 	 0.063476 
2936446.08 	 2.001738e+08 	 0.063417 
2940049.08 	 1.998550e+08 	 0.063358 
2943652.09 	 1.995370e+08 	 0.063299 
2947255.09 	 1.992200e+08 	 0.063241 
2950858.10 	 1.989038e+08 	 0.063183 
2954461.10 	 1.985885e+08 	 0.063124 
2958064.11 	 1.982741e+08 	 0.063066 
2961667.11 	 1.979606e+08 	 0.063008 
2965270.12 	 1.976480e+08 	 0.062950 
2968873.12 	 1.973362e+08 	 0.062892 
2972476.13 	 1.970253e+08 	 0.062835 
2976079.13 	 1.967153e+08 	 0.062777 
2979682.14 	 1.964061e+08 	 0.062720 
2983285.14 	 1.960978e+08 	 0.062662 
2986888.15 	 1.957903e+08 	 0.062605 
2990491.15 	 1.954837e+08 	 0.062548 
2994094.16 	 1.951780e+08 	 0.062491 
2997697.16 	 1.948731e+08 	 0.062434 
3001300.17 	 1.945690e+08 	 0.062377 
3004903.17 	 1.942658e+08 	 0.062320 
3008506.18 	 1.939634e+08 	 0.062264 
3012109.18 	 1.936618e+08 	 0.062207 
3015712.19 	 1.933611e+08 	 0.062151 
3019315.19 	 1.930612e+08 	 0.062095 
3022918.20 	 1.927621e+08 	 0.062038 
3026521.20 	 1.924638e+08 	 0.061982 
3030124.21 	 1.921663e+08 	 0.061926 
3033727.21 	 1.918697e+08 	 0.061871 
3037330.22 	 1.915739e+08 	 0.061815 
3040933.22 	 1.912788e+08 	 0.061759 
3044536.23 	 1.909846e+08 	 0.061704 
3048139.23 	 1.906912e+08 	 0.061648 
3051742.24 	 1.903986e+08 	 0.061593 
3055345.24 	 1.901067e+08 	 0.061538 
3058948.25 	 1.898157e+08 	 0.061483 
3062551.25 	 1.895254e+08 	 0.061428 
3066154.26 	 1.892360e+08 	 0.061373 
3069757.26 	 1.889473e+08 	 0.061318 
3073360.27 	 1.886594e+08 	 0.061263 
3076963.27 	 1.883722e+08 	 0.061209 
3080566.28 	 1.880859e+08 	 0.061154 
3084169.28 	 1.878003e+08 	 0.061100 
3087772.29 	 1.875154e+08 	 0.061046 
3091375.29 	 1.872314e+08 	 0.060992 
3094978.30 	 1.869481e+08 	 0.060937 
3098581.30 	 1.866655e+08 	 0.060884 
3102184.31 	 1.863837e+08 	 0.060830 
3105787.31 	 1.861027e+08 	 0.060776 
3109390.32 	 1.858224e+08 	 0.060722 
3112993.32 	 1.855429e+08 	 0.060669 
3116596.33 	 1.852641e+08 	 0.060615 
3120199.33 	 1.849860e+08 	 0.060562 
3123802.34 	 1.847087e+08 	 0.060509 
3127405.34 	 1.844321e+08 	 0.060455 
3131008.35 	 1.841562e+08 	 0.060402 
3134611.35 	 1.838811e+08 	 0.060349 
3138214.36 	 1.836067e+08 	 0.060297 
3141817.36 	 1.833330e+08 	 0.060244 
3145420.37 	 1.830600e+08 	 0.060191 
3149023.37 	 1.827878e+08 	 0.060138 
3152626.38 	 1.825163e+08 	 0.060086 
3156229.38 	 1.822455e+08 	 0.060034 
3159832.39 	 1.819754e+08 	 0.059981 
3163435.39 	 1.817060e+08 	 0.059929 
3167038.40 	 1.814373e+08 	 0.059877 
3170641.40 	 1.811693e+08 	 0.059825 
3174244.41 	 1.809020e+08 	 0.059773 
3177847.41 	 1.806354e+08 	 0.059721 
3181450.42 	 1.803695e+08 	 0.059670 
3185053.42 	 1.801043e+08 	 0.059618 
3188656.43 	 1.798398e+08 	 0.059567 
3192259.43 	 1.795760e+08 	 0.059515 
3195862.44 	 1.793128e+08 	 0.059464 
3199465.44 	 1.790504e+08 	 0.059413 
3203068.45 	 1.787886e+08 	 0.059361 
3206671.45 	 1.785275e+08 	 0.059310 
3210274.46 	 1.782670e+08 	 0.059259 
3213877.46 	 1.780073e+08 	 0.059208 
3217480.47 	 1.777482e+08 	 0.059158 
3221083.47 	 1.774898e+08 	 0.059107 
3224686.48 	 1.772320e+08 	 0.059056 
3228289.48 	 1.769749e+08 	 0.059006 
3231892.49 	 1.767185e+08 	 0.058956 
3235495.49 	 1.764627e+08 	 0.058905 
3239098.50 	 1.762075e+08 	 0.058855 
3242701.50 	 1.759531e+08 	 0.058805 
3246304.51 	 1.756992e+08 	 0.058755 
3249907.51 	 1.754460e+08 	 0.058705 
3253510.52 	 1.751935e+08 	 0.058655 
3257113.52 	 1.749416e+08 	 0.058605 
3260716.53 	 1.746903e+08 	 0.058556 
3264319.53 	 1.744397e+08 	 0.058506 
3267922.54 	 1.741897e+08 	 0.058456 
3271525.54 	 1.739404e+08 	 0.058407 
3275128.55 	 1.736917e+08 	 0.058358 
3278731.55 	 1.734436e+08 	 0.058308 
3282334.56 	 1.731961e+08 	 0.058259 
3285937.56 	 1.729493e+08 	 0.058210 
3289540.57 	 1.727031e+08 	 0.058161 
3293143.57 	 1.724575e+08 	 0.058112 
3296746.58 	 1.722125e+08 	 0.058064 
3300349.58 	 1.719681e+08 	 0.058015 
3303952.59 	 1.717244e+08 	 0.057966 
3307555.59 	 1.714812e+08 	 0.057918 
3311158.60 	 1.712387e+08 	 0.057869 
3314761.60 	 1.709968e+08 	 0.057821 
3318364.61 	 1.707554e+08 	 0.057772 
3321967.61 	 1.705147e+08 	 0.057724 
3325570.62 	 1.702746e+08 	 0.057676 
3329173.62 	 1.700351e+08 	 0.057628 
3332776.63 	 1.697961e+08 	 0.057580 
3336379.63 	 1.695578e+08 	 0.057532 
3339982.64 	 1.693201e+08 	 0.057485 
3343585.64 	 1.690829e+08 	 0.057437 
3347188.65 	 1.688463e+08 	 0.057389 
3350791.65 	 1.686103e+08 	 0.057342 
3354394.66 	 1.683749e+08 	 0.057294 
3357997.66 	 1.681401e+08 	 0.057247 
3361600.67 	 1.679059e+08 	 0.057200 
3365203.67 	 1.676722e+08 	 0.057152 
3368806.68 	 1.674391e+08 	 0.057105 
3372409.68 	 1.672066e+08 	 0.057058 
3376012.69 	 1.669747e+08 	 0.057011 
3379615.69 	 1.667433e+08 	 0.056964 
3383218.70 	 1.665125e+08 	 0.056918 
3386821.70 	 1.662822e+08 	 0.056871 
3390424.71 	 1.660525e+08 	 0.056824 
3394027.71 	 1.658234e+08 	 0.056778 
3397630.72 	 1.655949e+08 	 0.056731 
3401233.72 	 1.653668e+08 	 0.056685 
3404836.73 	 1.651394e+08 	 0.056639 
3408439.73 	 1.649125e+08 	 0.056592 
3412042.74 	 1.646861e+08 	 0.056546 
3415645.74 	 1.644603e+08 	 0.056500 
3419248.75 	 1.642351e+08 	 0.056454 
3422851.75 	 1.640104e+08 	 0.056408 
3426454.76 	 1.637862e+08 	 0.056362 
3430057.76 	 1.635626e+08 	 0.056317 
3433660.77 	 1.633395e+08 	 0.056271 
3437263.77 	 1.631170e+08 	 0.056225 
3440866.78 	 1.628950e+08 	 0.056180 
3444469.78 	 1.626735e+08 	 0.056134 
3448072.79 	 1.624525e+08 	 0.056089 
3451675.79 	 1.622321e+08 	 0.056044 
3455278.80 	 1.620122e+08 	 0.055999 
3458881.80 	 1.617929e+08 	 0.055953 
3462484.81 	 1.615741e+08 	 0.055908 
3466087.81 	 1.613557e+08 	 0.055863 
3469690.82 	 1.611380e+08 	 0.055818 
3473293.82 	 1.609207e+08 	 0.055774 
3476896.83 	 1.607039e+08 	 0.055729 
3480499.83 	 1.604877e+08 	 0.055684 
3484102.84 	 1.602720e+08 	 0.055640 
3487705.84 	 1.600568e+08 	 0.055595 
3491308.85 	 1.598421e+08 	 0.055551 
3494911.85 	 1.596279e+08 	 0.055506 
3498514.86 	 1.594142e+08 	 0.055462 
3502117.86 	 1.592010e+08 	 0.055418 
3505720.87 	 1.589884e+08 	 0.055374 
3509323.87 	 1.587762e+08 	 0.055330 
3512926.88 	 1.585645e+08 	 0.055286 
3516529.88 	 1.583533e+08 	 0.055242 
3520132.89 	 1.581427e+08 	 0.055198 
3523735.89 	 1.579325e+08 	 0.055154 
3527338.90 	 1.577228e+08 	 0.055110 
3530941.90 	 1.575136e+08 	 0.055067 
3534544.91 	 1.573049e+08 	 0.055023 
3538147.91 	 1.570967e+08 	 0.054980 
3541750.92 	 1.568890e+08 	 0.054936 
3545353.92 	 1.566817e+08 	 0.054893 
3548956.93 	 1.564750e+08 	 0.054850 
3552559.93 	 1.562687e+08 	 0.054806 
3556162.94 	 1.560629e+08 	 0.054763 
3559765.94 	 1.558576e+08 	 0.054720 
3563368.95 	 1.556528e+08 	 0.054677 
3566971.95 	 1.554484e+08 	 0.054634 
3570574.96 	 1.552445e+08 	 0.054591 
3574177.96 	 1.550411e+08 	 0.054549 
3577780.97 	 1.548382e+08 	 0.054506 
3581383.97 	 1.546357e+08 	 0.054463 
3584986.98 	 1.544337e+08 	 0.054421 
3588589.98 	 1.542321e+08 	 0.054378 
3592192.99 	 1.540311e+08 	 0.054336 
3595795.99 	 1.538304e+08 	 0.054294 
3599399.00 	 1.536303e+08 	 0.054251 
3603002.00 	 1.534306e+08 	 0.054209 
3606605.01 	 1.532314e+08 	 0.054167 
3610208.01 	 1.530326e+08 	 0.054125 
3613811.02 	 1.528343e+08 	 0.054083 
3617414.02 	 1.526364e+08 	 0.054041 
3621017.03 	 1.524390e+08 	 0.053999 
3624620.03 	 1.522420e+08 	 0.053957 
3628223.04 	 1.520455e+08 	 0.053916 
3631826.04 	 1.518495e+08 	 0.053874 
3635429.05 	 1.516539e+08 	 0.053832 
3639032.05 	 1.514587e+08 	 0.053791 
3642635.06 	 1.512640e+08 	 0.053749 
3646238.06 	 1.510697e+08 	 0.053708 
3649841.07 	 1.508758e+08 	 0.053667 
3653444.07 	 1.506824e+08 	 0.053625 
3657047.08 	 1.504895e+08 	 0.053584 
3660650.08 	 1.502969e+08 	 0.053543 
3664253.09 	 1.501049e+08 	 0.053502 
3667856.09 	 1.499132e+08 	 0.053461 
3671459.10 	 1.497220e+08 	 0.053420 
3675062.10 	 1.495312e+08 	 0.053379 
3678665.11 	 1.493408e+08 	 0.053338 
3682268.11 	 1.491509e+08 	 0.053298 
3685871.12 	 1.489614e+08 	 0.053257 
3689474.12 	 1.487723e+08 	 0.053216 
3693077.13 	 1.485836e+08 	 0.053176 
3696680.13 	 1.483954e+08 	 0.053135 
3700283.14 	 1.482076e+08 	 0.053095 
3703886.14 	 1.480202e+08 	 0.053055 
3707489.15 	 1.478332e+08 	 0.053014 
3711092.15 	 1.476466e+08 	 0.052974 
3714695.16 	 1.474605e+08 	 0.052934 
3718298.16 	 1.472748e+08 	 0.052894 
3721901.17 	 1.470895e+08 	 0.052854 
3725504.17 	 1.469046e+08 	 0.052814 
3729107.18 	 1.467201e+08 	 0.052774 
3732710.18 	 1.465360e+08 	 0.052734 
3736313.19 	 1.463523e+08 	 0.052695 
3739916.19 	 1.461690e+08 	 0.052655 
3743519.20 	 1.459862e+08 	 0.052615 
3747122.20 	 1.458037e+08 	 0.052576 
3750725.21 	 1.456217e+08 	 0.052536 
3754328.21 	 1.454400e+08 	 0.052497 
3757931.22 	 1.452588e+08 	 0.052457 
3761534.22 	 1.450779e+08 	 0.052418 
3765137.23 	 1.448975e+08 	 0.052379 
3768740.23 	 1.447174e+08 	 0.052340 
3772343.24 	 1.445377e+08 	 0.052300 
3775946.24 	 1.443585e+08 	 0.052261 
3779549.25 	 1.441796e+08 	 0.052222 
3783152.25 	 1.440011e+08 	 0.052183 
3786755.26 	 1.438230e+08 	 0.052145 
3790358.26 	 1.436453e+08 	 0.052106 
3793961.27 	 1.434680e+08 	 0.052067 
3797564.27 	 1.432911e+08 	 0.052028 
3801167.28 	 1.431145e+08 	 0.051990 
3804770.28 	 1.429384e+08 	 0.051951 
3808373.29 	 1.427626e+08 	 0.051913 
3811976.29 	 1.425872e+08 	 0.051874 
3815579.30 	 1.424122e+08 	 0.051836 
3819182.30 	 1.422376e+08 	 0.051797 
3822785.31 	 1.420633e+08 	 0.051759 
3826388.31 	 1.418894e+08 	 0.051721 
3829991.32 	 1.417159e+08 	 0.051683 
3833594.32 	 1.415428e+08 	 0.051645 
3837197.33 	 1.413701e+08 	 0.051607 
3840800.33 	 1.411977e+08 	 0.051569 
3844403.34 	 1.410257e+08 	 0.051531 
3848006.34 	 1.408540e+08 	 0.051493 
3851609.35 	 1.406828e+08 	 0.051455 
3855212.35 	 1.405119e+08 	 0.051417 
3858815.36 	 1.403413e+08 	 0.051379 
3862418.36 	 1.401712e+08 	 0.051342 
3866021.37 	 1.400014e+08 	 0.051304 
3869624.37 	 1.398319e+08 	 0.051267 
3873227.38 	 1.396629e+08 	 0.051229 
3876830.38 	 1.394941e+08 	 0.051192 
3880433.39 	 1.393258e+08 	 0.051155 
3884036.39 	 1.391578e+08 	 0.051117 
3887639.40 	 1.389902e+08 	 0.051080 
3891242.40 	 1.388229e+08 	 0.051043 
3894845.41 	 1.386560e+08 	 0.051006 
3898448.41 	 1.384894e+08 	 0.050969 
3902051.42 	 1.383232e+08 	 0.050932 
3905654.42 	 1.381573e+08 	 0.050895 
3909257.43 	 1.379918e+08 	 0.050858 
3912860.43 	 1.378266e+08 	 0.050821 
3916463.44 	 1.376618e+08 	 0.050784 
3920066.44 	 1.374974e+08 	 0.050747 
3923669.45 	 1.373332e+08 	 0.050711 
3927272.45 	 1.371695e+08 	 0.050674 
3930875.46 	 1.370061e+08 	 0.050638 
3934478.46 	 1.368430e+08 	 0.050601 
3938081.47 	 1.366802e+08 	 0.050565 
3941684.47 	 1.365178e+08 	 0.050528 
3945287.48 	 1.363558e+08 	 0.050492 
3948890.48 	 1.361941e+08 	 0.050456 
3952493.49 	 1.360327e+08 	 0.050419 
3956096.49 	 1.358717e+08 	 0.050383 
3959699.50 	 1.357110e+08 	 0.050347 
3963302.50 	 1.355506e+08 	 0.050311 
3966905.51 	 1.353906e+08 	 0.050275 
3970508.51 	 1.352309e+08 	 0.050239 
3974111.52 	 1.350715e+08 	 0.050203 
3977714.52 	 1.349125e+08 	 0.050167 
3981317.53 	 1.347538e+08 	 0.050132 
3984920.53 	 1.345954e+08 	 0.050096 
3988523.54 	 1.344374e+08 	 0.050060 
3992126.54 	 1.342797e+08 	 0.050025 
3995729.55 	 1.341223e+08 	 0.049989 
3999332.55 	 1.339652e+08 	 0.049954 
4002935.56 	 1.338085e+08 	 0.049918 
4006538.56 	 1.336521e+08 	 0.049883 
4010141.57 	 1.334960e+08 	 0.049847 
4013744.57 	 1.333402e+08 	 0.049812 
4017347.58 	 1.331848e+08 	 0.049777 
4020950.58 	 1.330297e+08 	 0.049742 
4024553.59 	 1.328749e+08 	 0.049706 
4028156.59 	 1.327204e+08 	 0.049671 
4031759.60 	 1.325662e+08 	 0.049636 
4035362.60 	 1.324123e+08 	 0.049601 
4038965.61 	 1.322588e+08 	 0.049566 
4042568.61 	 1.321056e+08 	 0.049531 
4046171.62 	 1.319527e+08 	 0.049497 
4049774.62 	 1.318001e+08 	 0.049462 
4053377.63 	 1.316478e+08 	 0.049427 
4056980.63 	 1.314958e+08 	 0.049392 
4060583.64 	 1.313442e+08 	 0.049358 
4064186.64 	 1.311928e+08 	 0.049323 
4067789.65 	 1.310418e+08 	 0.049289 
4071392.65 	 1.308910e+08 	 0.049254 
4074995.66 	 1.307406e+08 	 0.049220 
4078598.66 	 1.305905e+08 	 0.049185 
4082201.67 	 1.304407e+08 	 0.049151 
4085804.67 	 1.302912e+08 	 0.049117 
4089407.68 	 1.301419e+08 	 0.049082 
4093010.68 	 1.299930e+08 	 0.049048 
4096613.69 	 1.298444e+08 	 0.049014 
4100216.69 	 1.296961e+08 	 0.048980 
4103819.70 	 1.295481e+08 	 0.048946 
4107422.70 	 1.294004e+08 	 0.048912 
4111025.71 	 1.292530e+08 	 0.048878 
4114628.71 	 1.291059e+08 	 0.048844 
4118231.72 	 1.289590e+08 	 0.048810 
4121834.72 	 1.288125e+08 	 0.048777 
4125437.73 	 1.286663e+08 	 0.048743 
4129040.73 	 1.285204e+08 	 0.048709 
4132643.74 	 1.283747e+08 	 0.048676 
4136246.74 	 1.282294e+08 	 0.048642 
4139849.75 	 1.280843e+08 	 0.048608 
4143452.75 	 1.279395e+08 	 0.048575 
4147055.76 	 1.277950e+08 	 0.048542 
4150658.76 	 1.276508e+08 	 0.048508 
4154261.77 	 1.275069e+08 	 0.048475 
4157864.77 	 1.273633e+08 	 0.048442 
4161467.78 	 1.272200e+08 	 0.048408 
4165070.78 	 1.270769e+08 	 0.048375 
4168673.79 	 1.269342e+08 	 0.048342 
4172276.79 	 1.267917e+08 	 0.048309 
4175879.80 	 1.266495e+08 	 0.048276 
4179482.80 	 1.265076e+08 	 0.048243 
4183085.81 	 1.263659e+08 	 0.048210 
4186688.81 	 1.262246e+08 	 0.048177 
4190291.82 	 1.260835e+08 	 0.048144 
4193894.82 	 1.259427e+08 	 0.048111 
4197497.83 	 1.258022e+08 	 0.048078 
4201100.83 	 1.256619e+08 	 0.048046 
4204703.84 	 1.255220e+08 	 0.048013 
4208306.84 	 1.253823e+08 	 0.047980 
4211909.85 	 1.252429e+08 	 0.047948 
4215512.85 	 1.251037e+08 	 0.047915 
4219115.86 	 1.249649e+08 	 0.047883 
4222718.86 	 1.248263e+08 	 0.047850 
4226321.87 	 1.246879e+08 	 0.047818 
4229924.87 	 1.245499e+08 	 0.047786 
4233527.88 	 1.244121e+08 	 0.047753 
4237130.88 	 1.242746e+08 	 0.047721 
4240733.89 	 1.241374e+08 	 0.047689 
4244336.89 	 1.240004e+08 	 0.047657 
4247939.90 	 1.238637e+08 	 0.047625 
4251542.90 	 1.237272e+08 	 0.047592 
4255145.91 	 1.235910e+08 	 0.047560 
4258748.91 	 1.234551e+08 	 0.047528 
4262351.92 	 1.233195e+08 	 0.047496 
4265954.92 	 1.231841e+08 	 0.047465 
4269557.93 	 1.230490e+08 	 0.047433 
4273160.93 	 1.229141e+08 	 0.047401 
4276763.94 	 1.227795e+08 	 0.047369 
4280366.94 	 1.226452e+08 	 0.047337 
4283969.95 	 1.225111e+08 	 0.047306 
4287572.95 	 1.223773e+08 	 0.047274 
4291175.96 	 1.222437e+08 	 0.047243 
4294778.96 	 1.221104e+08 	 0.047211 
4298381.97 	 1.219774e+08 	 0.047180 
4301984.97 	 1.218446e+08 	 0.047148 
4305587.98 	 1.217121e+08 	 0.047117 
4309190.98 	 1.215798e+08 	 0.047085 
4312793.99 	 1.214478e+08 	 0.047054 
4316396.99 	 1.213160e+08 	 0.047023 
4320000.00 	 1.211845e+08 	 0.046991 
