1500 
 864.00 	 7.815537e+12 	 0.500000 
1728.00 	 3.170995e+12 	 0.500000 
2592.00 	 1.871269e+12 	 0.500000 
3456.00 	 1.287199e+12 	 0.500000 
4320.00 	 9.629888e+11 	 0.500000 
5184.00 	 7.597281e+11 	 0.500000 
6048.00 	 6.217389e+11 	 0.500000 
6912.00 	 5.226420e+11 	 0.500000 
7776.00 	 4.484305e+11 	 0.500000 
8640.00 	 3.910226e+11 	 0.500000 
9504.00 	 3.454495e+11 	 0.500000 
10368.00 	 3.084991e+11 	 0.500000 
11232.00 	 2.780088e+11 	 0.500000 
12096.00 	 2.524729e+11 	 0.500000 
12960.00 	 2.308126e+11 	 0.500000 
13824.00 	 2.122362e+11 	 0.500000 
14688.00 	 1.961506e+11 	 0.500000 
15552.00 	 1.821030e+11 	 0.500000 
16416.00 	 1.697423e+11 	 0.500000 
17280.00 	 1.587923e+11 	 0.500000 
18144.00 	 1.490329e+11 	 0.500000 
19008.00 	 1.402868e+11 	 0.500000 
19872.00 	 1.324096e+11 	 0.500000 
20736.00 	 1.252825e+11 	 0.500000 
21600.00 	 1.188071e+11 	 0.500000 
22464.00 	 1.129012e+11 	 0.500000 
23328.00 	 1.074957e+11 	 0.500000 
24192.00 	 1.025317e+11 	 0.500000 
25056.00 	 9.795939e+10 	 0.500000 
25920.00 	 9.373586e+10 	 0.500000 
26784.00 	 8.982416e+10 	 0.500000 
27648.00 	 8.619230e+10 	 0.500000 
28512.00 	 8.281241e+10 	 0.500000 
29376.00 	 7.966015e+10 	 0.500000 
30240.00 	 7.671414e+10 	 0.500000 
31104.00 	 7.395557e+10 	 0.500000 
31968.00 	 7.136777e+10 	 0.500000 
32832.00 	 6.893599e+10 	 0.500000 
33696.00 	 6.664707e+10 	 0.500000 
34560.00 	 6.448926e+10 	 0.500000 
35424.00 	 6.245206e+10 	 0.500000 
36288.00 	 6.052602e+10 	 0.500000 
37152.00 	 5.870264e+10 	 0.500000 
38016.00 	 5.697425e+10 	 0.500000 
38880.00 	 5.533390e+10 	 0.500000 
39744.00 	 5.377531e+10 	 0.500000 
40608.00 	 5.229274e+10 	 0.500000 
41472.00 	 5.088099e+10 	 0.500000 
42336.00 	 4.953530e+10 	 0.500000 
43200.00 	 4.825132e+10 	 0.500000 
44064.00 	 4.702509e+10 	 0.500000 
44928.00 	 4.585293e+10 	 0.500000 
45792.00 	 4.473149e+10 	 0.500000 
46656.00 	 4.365769e+10 	 0.500000 
47520.00 	 4.262867e+10 	 0.500000 
48384.00 	 4.164180e+10 	 0.500000 
49248.00 	 4.069464e+10 	 0.500000 
50112.00 	 3.978495e+10 	 0.500000 
50976.00 	 3.891063e+10 	 0.500000 
51840.00 	 3.806974e+10 	 0.500000 
52704.00 	 3.726048e+10 	 0.500000 
53568.00 	 3.648116e+10 	 0.500000 
54432.00 	 3.573023e+10 	 0.500000 
55296.00 	 3.500623e+10 	 0.500000 
56160.00 	 3.430778e+10 	 0.500000 
57024.00 	 3.363362e+10 	 0.500000 
57888.00 	 3.298254e+10 	 0.500000 
58752.00 	 3.235345e+10 	 0.500000 
59616.00 	 3.174527e+10 	 0.500000 
60480.00 	 3.115704e+10 	 0.500000 
61344.00 	 3.058782e+10 	 0.500000 
62208.00 	 3.003674e+10 	 0.500000 
63072.00 	 2.950299e+10 	 0.500000 
63936.00 	 2.898580e+10 	 0.500000 
64800.00 	 2.848444e+10 	 0.500000 
65664.00 	 2.799822e+10 	 0.500000 
66528.00 	 2.752649e+10 	 0.500000 
67392.00 	 2.706865e+10 	 0.500000 
68256.00 	 2.662411e+10 	 0.500000 
69120.00 	 2.619233e+10 	 0.500000 
69984.00 	 2.577279e+10 	 0.500000 
70848.00 	 2.536499e+10 	 0.500000 
71712.00 	 2.496847e+10 	 0.500000 
72576.00 	 2.458279e+10 	 0.500000 
73440.00 	 2.420753e+10 	 0.500000 
74304.00 	 2.384229e+10 	 0.500000 
75168.00 	 2.348668e+10 	 0.500000 
76032.00 	 2.314035e+10 	 0.500000 
76896.00 	 2.280296e+10 	 0.500000 
77760.00 	 2.247418e+10 	 0.500000 
78624.00 	 2.215369e+10 	 0.500000 
79488.00 	 2.184120e+10 	 0.500000 
80352.00 	 2.153643e+10 	 0.500000 
81216.00 	 2.123910e+10 	 0.500000 
82080.00 	 2.094896e+10 	 0.500000 
82944.00 	 2.066576e+10 	 0.500000 
83808.00 	 2.038926e+10 	 0.500000 
84672.00 	 2.011924e+10 	 0.500000 
85536.00 	 1.985549e+10 	 0.500000 
86400.00 	 1.959780e+10 	 0.500000 
87264.00 	 1.934596e+10 	 0.500000 
88128.00 	 1.909979e+10 	 0.500000 
88992.00 	 1.885912e+10 	 0.500000 
89856.00 	 1.862375e+10 	 0.500000 
90720.00 	 1.839354e+10 	 0.500000 
91584.00 	 1.816831e+10 	 0.500000 
92448.00 	 1.794792e+10 	 0.500000 
93312.00 	 1.773221e+10 	 0.500000 
94176.00 	 1.752106e+10 	 0.500000 
95040.00 	 1.731430e+10 	 0.500000 
95904.00 	 1.711183e+10 	 0.500000 
96768.00 	 1.691351e+10 	 0.500000 
97632.00 	 1.671922e+10 	 0.500000 
98496.00 	 1.652885e+10 	 0.500000 
99360.00 	 1.634228e+10 	 0.500000 
100224.00 	 1.615940e+10 	 0.500000 
101088.00 	 1.598011e+10 	 0.500000 
101952.00 	 1.580432e+10 	 0.500000 
102816.00 	 1.563191e+10 	 0.500000 
103680.00 	 1.546281e+10 	 0.500000 
104544.00 	 1.529692e+10 	 0.500000 
105408.00 	 1.513415e+10 	 0.500000 
106272.00 	 1.497442e+10 	 0.500000 
107136.00 	 1.481765e+10 	 0.500000 
108000.00 	 1.466376e+10 	 0.500000 
108864.00 	 1.451267e+10 	 0.500000 
109728.00 	 1.436432e+10 	 0.500000 
110592.00 	 1.421863e+10 	 0.500000 
111456.00 	 1.407554e+10 	 0.500000 
112320.00 	 1.393497e+10 	 0.500000 
113184.00 	 1.379687e+10 	 0.500000 
114048.00 	 1.366118e+10 	 0.500000 
114912.00 	 1.352783e+10 	 0.500000 
115776.00 	 1.339676e+10 	 0.500000 
116640.00 	 1.326792e+10 	 0.500000 
117504.00 	 1.314126e+10 	 0.500000 
118368.00 	 1.301673e+10 	 0.500000 
119232.00 	 1.289427e+10 	 0.500000 
120096.00 	 1.277383e+10 	 0.500000 
120960.00 	 1.265537e+10 	 0.500000 
121824.00 	 1.253884e+10 	 0.500000 
122688.00 	 1.242419e+10 	 0.500000 
123552.00 	 1.231139e+10 	 0.500000 
124416.00 	 1.220038e+10 	 0.500000 
125280.00 	 1.209114e+10 	 0.500000 
126144.00 	 1.198361e+10 	 0.500000 
127008.00 	 1.187776e+10 	 0.500000 
127872.00 	 1.177356e+10 	 0.500000 
128736.00 	 1.167097e+10 	 0.500000 
129600.00 	 1.156994e+10 	 0.500000 
130464.00 	 1.147046e+10 	 0.500000 
131328.00 	 1.137247e+10 	 0.500000 
132192.00 	 1.127596e+10 	 0.500000 
133056.00 	 1.118089e+10 	 0.500000 
133920.00 	 1.108723e+10 	 0.500000 
134784.00 	 1.099495e+10 	 0.500000 
135648.00 	 1.090401e+10 	 0.500000 
136512.00 	 1.081441e+10 	 0.500000 
137376.00 	 1.072609e+10 	 0.500000 
138240.00 	 1.063904e+10 	 0.500000 
139104.00 	 1.055324e+10 	 0.500000 
139968.00 	 1.046865e+10 	 0.500000 
140832.00 	 1.038526e+10 	 0.500000 
141696.00 	 1.030303e+10 	 0.500000 
142560.00 	 1.022195e+10 	 0.500000 
143424.00 	 1.014199e+10 	 0.500000 
144288.00 	 1.006314e+10 	 0.500000 
145152.00 	 9.985356e+09 	 0.500000 
146016.00 	 9.908634e+09 	 0.500000 
146880.00 	 9.832949e+09 	 0.500000 
147744.00 	 9.758281e+09 	 0.500000 
148608.00 	 9.684610e+09 	 0.500000 
149472.00 	 9.611919e+09 	 0.500000 
150336.00 	 9.540187e+09 	 0.500000 
151200.00 	 9.469397e+09 	 0.500000 
152064.00 	 9.399531e+09 	 0.500000 
152928.00 	 9.330573e+09 	 0.500000 
153792.00 	 9.262504e+09 	 0.500000 
154656.00 	 9.195310e+09 	 0.500000 
155520.00 	 9.128973e+09 	 0.500000 
156384.00 	 9.063479e+09 	 0.500000 
157248.00 	 8.998812e+09 	 0.500000 
158112.00 	 8.934956e+09 	 0.500000 
158976.00 	 8.871898e+09 	 0.500000 
159840.00 	 8.809624e+09 	 0.500000 
160704.00 	 8.748119e+09 	 0.500000 
161568.00 	 8.687369e+09 	 0.500000 
162432.00 	 8.627363e+09 	 0.500000 
163296.00 	 8.568086e+09 	 0.500000 
164160.00 	 8.509526e+09 	 0.500000 
165024.00 	 8.451670e+09 	 0.500000 
165888.00 	 8.394507e+09 	 0.500000 
166752.00 	 8.338025e+09 	 0.500000 
167616.00 	 8.282212e+09 	 0.500000 
168480.00 	 8.227056e+09 	 0.500000 
169344.00 	 8.172548e+09 	 0.500000 
170208.00 	 8.118675e+09 	 0.500000 
171072.00 	 8.065427e+09 	 0.500000 
171936.00 	 8.012795e+09 	 0.500000 
172800.00 	 7.960767e+09 	 0.500000 
173664.00 	 7.909334e+09 	 0.500000 
174528.00 	 7.858486e+09 	 0.500000 
175392.00 	 7.808214e+09 	 0.500000 
176256.00 	 7.758509e+09 	 0.500000 
177120.00 	 7.709360e+09 	 0.500000 
177984.00 	 7.660760e+09 	 0.500000 
178848.00 	 7.612699e+09 	 0.500000 
179712.00 	 7.565170e+09 	 0.500000 
180576.00 	 7.518163e+09 	 0.500000 
181440.00 	 7.471671e+09 	 0.500000 
182304.00 	 7.425685e+09 	 0.500000 
183168.00 	 7.380197e+09 	 0.500000 
184032.00 	 7.335200e+09 	 0.500000 
184896.00 	 7.290687e+09 	 0.500000 
185760.00 	 7.246649e+09 	 0.500000 
186624.00 	 7.203080e+09 	 0.500000 
187488.00 	 7.159973e+09 	 0.500000 
188352.00 	 7.117320e+09 	 0.500000 
189216.00 	 7.075114e+09 	 0.500000 
190080.00 	 7.033350e+09 	 0.500000 
190944.00 	 6.992020e+09 	 0.500000 
191808.00 	 6.951117e+09 	 0.500000 
192672.00 	 6.910637e+09 	 0.500000 
193536.00 	 6.870571e+09 	 0.500000 
194400.00 	 6.830915e+09 	 0.500000 
195264.00 	 6.791662e+09 	 0.500000 
196128.00 	 6.752807e+09 	 0.500000 
196992.00 	 6.714343e+09 	 0.500000 
197856.00 	 6.676266e+09 	 0.500000 
198720.00 	 6.638569e+09 	 0.500000 
199584.00 	 6.601246e+09 	 0.500000 
200448.00 	 6.564294e+09 	 0.500000 
201312.00 	 6.527706e+09 	 0.500000 
202176.00 	 6.491478e+09 	 0.500000 
203040.00 	 6.455604e+09 	 0.500000 
203904.00 	 6.420079e+09 	 0.500000 
204768.00 	 6.384899e+09 	 0.500000 
205632.00 	 6.350059e+09 	 0.500000 
206496.00 	 6.315553e+09 	 0.500000 
207360.00 	 6.281378e+09 	 0.500000 
208224.00 	 6.247529e+09 	 0.500000 
209088.00 	 6.214002e+09 	 0.500000 
209952.00 	 6.180792e+09 	 0.500000 
210816.00 	 6.147894e+09 	 0.500000 
211680.00 	 6.115305e+09 	 0.500000 
212544.00 	 6.083021e+09 	 0.500000 
213408.00 	 6.051037e+09 	 0.500000 
214272.00 	 6.019349e+09 	 0.500000 
215136.00 	 5.987954e+09 	 0.500000 
216000.00 	 5.956848e+09 	 0.500000 
216864.00 	 5.926026e+09 	 0.500000 
217728.00 	 5.895486e+09 	 0.500000 
218592.00 	 5.865223e+09 	 0.500000 
219456.00 	 5.835234e+09 	 0.500000 
220320.00 	 5.805515e+09 	 0.500000 
221184.00 	 5.776063e+09 	 0.500000 
222048.00 	 5.746875e+09 	 0.500000 
222912.00 	 5.717946e+09 	 0.500000 
223776.00 	 5.689275e+09 	 0.500000 
224640.00 	 5.660856e+09 	 0.500000 
225504.00 	 5.632688e+09 	 0.500000 
226368.00 	 5.604767e+09 	 0.500000 
227232.00 	 5.577091e+09 	 0.500000 
228096.00 	 5.549655e+09 	 0.500000 
228960.00 	 5.522457e+09 	 0.500000 
229824.00 	 5.495494e+09 	 0.500000 
230688.00 	 5.468763e+09 	 0.500000 
231552.00 	 5.442262e+09 	 0.500000 
232416.00 	 5.415987e+09 	 0.500000 
233280.00 	 5.389935e+09 	 0.500000 
234144.00 	 5.364105e+09 	 0.500000 
235008.00 	 5.338493e+09 	 0.500000 
235872.00 	 5.313096e+09 	 0.500000 
236736.00 	 5.287913e+09 	 0.500000 
237600.00 	 5.262940e+09 	 0.500000 
238464.00 	 5.238175e+09 	 0.500000 
239328.00 	 5.213616e+09 	 0.500000 
240192.00 	 5.189260e+09 	 0.500000 
241056.00 	 5.165104e+09 	 0.500000 
241920.00 	 5.141147e+09 	 0.500000 
242784.00 	 5.117385e+09 	 0.500000 
243648.00 	 5.093818e+09 	 0.500000 
244512.00 	 5.070441e+09 	 0.500000 
245376.00 	 5.047254e+09 	 0.500000 
246240.00 	 5.024254e+09 	 0.500000 
247104.00 	 5.001439e+09 	 0.500000 
247968.00 	 4.978807e+09 	 0.500000 
248832.00 	 4.956355e+09 	 0.500000 
249696.00 	 4.934082e+09 	 0.500000 
250560.00 	 4.911985e+09 	 0.500000 
251424.00 	 4.890063e+09 	 0.500000 
252288.00 	 4.868313e+09 	 0.500000 
253152.00 	 4.846734e+09 	 0.500000 
254016.00 	 4.825324e+09 	 0.500000 
254880.00 	 4.804081e+09 	 0.500000 
255744.00 	 4.783002e+09 	 0.500000 
256608.00 	 4.762087e+09 	 0.500000 
257472.00 	 4.741333e+09 	 0.500000 
258336.00 	 4.720739e+09 	 0.500000 
259200.00 	 4.700302e+09 	 0.500000 
260064.00 	 4.680022e+09 	 0.500000 
260928.00 	 4.659896e+09 	 0.500000 
261792.00 	 4.639922e+09 	 0.500000 
262656.00 	 4.620100e+09 	 0.500000 
263520.00 	 4.600427e+09 	 0.500000 
264384.00 	 4.580901e+09 	 0.500000 
265248.00 	 4.561522e+09 	 0.500000 
266112.00 	 4.542288e+09 	 0.500000 
266976.00 	 4.523197e+09 	 0.500000 
267840.00 	 4.504247e+09 	 0.500000 
268704.00 	 4.485437e+09 	 0.500000 
269568.00 	 4.466766e+09 	 0.500000 
270432.00 	 4.448232e+09 	 0.500000 
271296.00 	 4.429834e+09 	 0.500000 
272160.00 	 4.411570e+09 	 0.500000 
273024.00 	 4.393439e+09 	 0.500000 
273888.00 	 4.375439e+09 	 0.500000 
274752.00 	 4.357570e+09 	 0.500000 
275616.00 	 4.339829e+09 	 0.500000 
276480.00 	 4.322216e+09 	 0.500000 
277344.00 	 4.304729e+09 	 0.500000 
278208.00 	 4.287366e+09 	 0.500000 
279072.00 	 4.270127e+09 	 0.500000 
279936.00 	 4.253011e+09 	 0.500000 
280800.00 	 4.236016e+09 	 0.500000 
281664.00 	 4.219140e+09 	 0.500000 
282528.00 	 4.202383e+09 	 0.500000 
283392.00 	 4.185744e+09 	 0.500000 
284256.00 	 4.169220e+09 	 0.500000 
285120.00 	 4.152812e+09 	 0.500000 
285984.00 	 4.136518e+09 	 0.500000 
286848.00 	 4.120337e+09 	 0.500000 
287712.00 	 4.104267e+09 	 0.500000 
288576.00 	 4.088308e+09 	 0.500000 
289440.00 	 4.072459e+09 	 0.500000 
290304.00 	 4.056718e+09 	 0.500000 
291168.00 	 4.041084e+09 	 0.500000 
292032.00 	 4.025556e+09 	 0.500000 
292896.00 	 4.010134e+09 	 0.500000 
293760.00 	 3.994817e+09 	 0.500000 
294624.00 	 3.979602e+09 	 0.500000 
295488.00 	 3.964490e+09 	 0.500000 
296352.00 	 3.949479e+09 	 0.500000 
297216.00 	 3.934568e+09 	 0.500000 
298080.00 	 3.919757e+09 	 0.500000 
298944.00 	 3.905044e+09 	 0.500000 
299808.00 	 3.890428e+09 	 0.500000 
300672.00 	 3.875910e+09 	 0.500000 
301536.00 	 3.861486e+09 	 0.500000 
302400.00 	 3.847158e+09 	 0.500000 
303264.00 	 3.832923e+09 	 0.500000 
304128.00 	 3.818781e+09 	 0.500000 
304992.00 	 3.804732e+09 	 0.500000 
305856.00 	 3.790773e+09 	 0.500000 
306720.00 	 3.776905e+09 	 0.500000 
307584.00 	 3.763127e+09 	 0.500000 
308448.00 	 3.749437e+09 	 0.500000 
309312.00 	 3.735835e+09 	 0.500000 
310176.00 	 3.722321e+09 	 0.500000 
311040.00 	 3.708892e+09 	 0.500000 
311904.00 	 3.695549e+09 	 0.500000 
312768.00 	 3.682291e+09 	 0.500000 
313632.00 	 3.669117e+09 	 0.500000 
314496.00 	 3.656026e+09 	 0.500000 
315360.00 	 3.643018e+09 	 0.500000 
316224.00 	 3.630091e+09 	 0.500000 
317088.00 	 3.617245e+09 	 0.500000 
317952.00 	 3.604479e+09 	 0.500000 
318816.00 	 3.591793e+09 	 0.500000 
319680.00 	 3.579186e+09 	 0.500000 
320544.00 	 3.566657e+09 	 0.500000 
321408.00 	 3.554205e+09 	 0.500000 
322272.00 	 3.541830e+09 	 0.500000 
323136.00 	 3.529531e+09 	 0.500000 
324000.00 	 3.517308e+09 	 0.500000 
324864.00 	 3.505159e+09 	 0.500000 
325728.00 	 3.493084e+09 	 0.500000 
326592.00 	 3.481083e+09 	 0.500000 
327456.00 	 3.469155e+09 	 0.500000 
328320.00 	 3.457298e+09 	 0.500000 
329184.00 	 3.445514e+09 	 0.500000 
330048.00 	 3.433800e+09 	 0.500000 
330912.00 	 3.422156e+09 	 0.500000 
331776.00 	 3.410582e+09 	 0.500000 
332640.00 	 3.399078e+09 	 0.500000 
333504.00 	 3.387642e+09 	 0.500000 
334368.00 	 3.376273e+09 	 0.500000 
335232.00 	 3.364972e+09 	 0.500000 
336096.00 	 3.353738e+09 	 0.500000 
336960.00 	 3.342571e+09 	 0.500000 
337824.00 	 3.331468e+09 	 0.500000 
338688.00 	 3.320431e+09 	 0.500000 
339552.00 	 3.309459e+09 	 0.500000 
340416.00 	 3.298550e+09 	 0.500000 
341280.00 	 3.287705e+09 	 0.500000 
342144.00 	 3.276923e+09 	 0.500000 
343008.00 	 3.266203e+09 	 0.500000 
343872.00 	 3.255546e+09 	 0.500000 
344736.00 	 3.244949e+09 	 0.500000 
345600.00 	 3.234414e+09 	 0.500000 
346464.00 	 3.223939e+09 	 0.500000 
347328.00 	 3.213524e+09 	 0.500000 
348192.00 	 3.203168e+09 	 0.500000 
349056.00 	 3.192872e+09 	 0.500000 
349920.00 	 3.182633e+09 	 0.500000 
350784.00 	 3.172453e+09 	 0.500000 
351648.00 	 3.162330e+09 	 0.500000 
352512.00 	 3.152264e+09 	 0.500000 
353376.00 	 3.142255e+09 	 0.500000 
354240.00 	 3.132302e+09 	 0.500000 
355104.00 	 3.122405e+09 	 0.500000 
355968.00 	 3.112562e+09 	 0.500000 
356832.00 	 3.102775e+09 	 0.500000 
357696.00 	 3.093042e+09 	 0.500000 
358560.00 	 3.083363e+09 	 0.500000 
359424.00 	 3.073737e+09 	 0.500000 
360288.00 	 3.064165e+09 	 0.500000 
361152.00 	 3.054645e+09 	 0.500000 
362016.00 	 3.045177e+09 	 0.500000 
362880.00 	 3.035761e+09 	 0.500000 
363744.00 	 3.026397e+09 	 0.500000 
364608.00 	 3.017083e+09 	 0.500000 
365472.00 	 3.007821e+09 	 0.500000 
366336.00 	 2.998608e+09 	 0.500000 
367200.00 	 2.989445e+09 	 0.500000 
368064.00 	 2.980332e+09 	 0.500000 
368928.00 	 2.971268e+09 	 0.500000 
369792.00 	 2.962252e+09 	 0.500000 
370656.00 	 2.953285e+09 	 0.500000 
371520.00 	 2.944366e+09 	 0.500000 
372384.00 	 2.935494e+09 	 0.500000 
373248.00 	 2.926669e+09 	 0.500000 
374112.00 	 2.917892e+09 	 0.500000 
374976.00 	 2.909161e+09 	 0.500000 
375840.00 	 2.900476e+09 	 0.500000 
376704.00 	 2.891836e+09 	 0.500000 
377568.00 	 2.883243e+09 	 0.500000 
378432.00 	 2.874694e+09 	 0.500000 
379296.00 	 2.866190e+09 	 0.500000 
380160.00 	 2.857731e+09 	 0.500000 
381024.00 	 2.849315e+09 	 0.500000 
381888.00 	 2.840944e+09 	 0.500000 
382752.00 	 2.832616e+09 	 0.500000 
383616.00 	 2.824331e+09 	 0.500000 
384480.00 	 2.816088e+09 	 0.500000 
385344.00 	 2.807889e+09 	 0.500000 
386208.00 	 2.799731e+09 	 0.500000 
387072.00 	 2.791615e+09 	 0.500000 
387936.00 	 2.783541e+09 	 0.500000 
388800.00 	 2.775508e+09 	 0.500000 
389664.00 	 2.767516e+09 	 0.500000 
390528.00 	 2.759565e+09 	 0.500000 
391392.00 	 2.751654e+09 	 0.500000 
392256.00 	 2.743783e+09 	 0.500000 
393120.00 	 2.735952e+09 	 0.500000 
393984.00 	 2.728161e+09 	 0.500000 
394848.00 	 2.720408e+09 	 0.500000 
395712.00 	 2.712695e+09 	 0.500000 
396576.00 	 2.705020e+09 	 0.500000 
397440.00 	 2.697383e+09 	 0.500000 
398304.00 	 2.689785e+09 	 0.500000 
399168.00 	 2.682224e+09 	 0.500000 
400032.00 	 2.674701e+09 	 0.500000 
400896.00 	 2.667215e+09 	 0.500000 
401760.00 	 2.659767e+09 	 0.500000 
402624.00 	 2.652355e+09 	 0.500000 
403488.00 	 2.644979e+09 	 0.500000 
404352.00 	 2.637640e+09 	 0.500000 
405216.00 	 2.630336e+09 	 0.500000 
406080.00 	 2.623069e+09 	 0.500000 
406944.00 	 2.615837e+09 	 0.500000 
407808.00 	 2.608640e+09 	 0.500000 
408672.00 	 2.601478e+09 	 0.500000 
409536.00 	 2.594351e+09 	 0.500000 
410400.00 	 2.587258e+09 	 0.500000 
411264.00 	 2.580200e+09 	 0.500000 
412128.00 	 2.573175e+09 	 0.500000 
412992.00 	 2.566185e+09 	 0.500000 
413856.00 	 2.559227e+09 	 0.500000 
414720.00 	 2.552304e+09 	 0.500000 
415584.00 	 2.545413e+09 	 0.500000 
416448.00 	 2.538555e+09 	 0.500000 
417312.00 	 2.531730e+09 	 0.500000 
418176.00 	 2.524937e+09 	 0.500000 
419040.00 	 2.518177e+09 	 0.500000 
419904.00 	 2.511448e+09 	 0.500000 
420768.00 	 2.504752e+09 	 0.500000 
421632.00 	 2.498086e+09 	 0.500000 
422496.00 	 2.491452e+09 	 0.500000 
423360.00 	 2.484850e+09 	 0.500000 
424224.00 	 2.478278e+09 	 0.500000 
425088.00 	 2.471737e+09 	 0.500000 
425952.00 	 2.465226e+09 	 0.500000 
426816.00 	 2.458746e+09 	 0.500000 
427680.00 	 2.452295e+09 	 0.500000 
428544.00 	 2.445875e+09 	 0.500000 
429408.00 	 2.439484e+09 	 0.500000 
430272.00 	 2.433123e+09 	 0.500000 
431136.00 	 2.426791e+09 	 0.500000 
432000.00 	 2.420489e+09 	 0.500000 
432864.00 	 2.414215e+09 	 0.500000 
433728.00 	 2.407970e+09 	 0.500000 
434592.00 	 2.401753e+09 	 0.500000 
435456.00 	 2.395565e+09 	 0.500000 
436320.00 	 2.389405e+09 	 0.500000 
437184.00 	 2.383273e+09 	 0.500000 
438048.00 	 2.377169e+09 	 0.500000 
438912.00 	 2.371092e+09 	 0.500000 
439776.00 	 2.365043e+09 	 0.500000 
440640.00 	 2.359021e+09 	 0.500000 
441504.00 	 2.353027e+09 	 0.500000 
442368.00 	 2.347059e+09 	 0.500000 
443232.00 	 2.341118e+09 	 0.500000 
444096.00 	 2.335203e+09 	 0.500000 
444960.00 	 2.329315e+09 	 0.500000 
445824.00 	 2.323453e+09 	 0.500000 
446688.00 	 2.317617e+09 	 0.500000 
447552.00 	 2.311808e+09 	 0.500000 
448416.00 	 2.306023e+09 	 0.500000 
449280.00 	 2.300265e+09 	 0.500000 
450144.00 	 2.294532e+09 	 0.500000 
451008.00 	 2.288824e+09 	 0.500000 
451872.00 	 2.283141e+09 	 0.500000 
452736.00 	 2.277483e+09 	 0.500000 
453600.00 	 2.271850e+09 	 0.500000 
454464.00 	 2.266241e+09 	 0.500000 
455328.00 	 2.260657e+09 	 0.500000 
456192.00 	 2.255097e+09 	 0.500000 
457056.00 	 2.249562e+09 	 0.500000 
457920.00 	 2.244050e+09 	 0.500000 
458784.00 	 2.238563e+09 	 0.500000 
459648.00 	 2.233099e+09 	 0.500000 
460512.00 	 2.227658e+09 	 0.500000 
461376.00 	 2.222241e+09 	 0.500000 
462240.00 	 2.216848e+09 	 0.500000 
463104.00 	 2.211477e+09 	 0.500000 
463968.00 	 2.206130e+09 	 0.500000 
464832.00 	 2.200805e+09 	 0.500000 
465696.00 	 2.195503e+09 	 0.500000 
466560.00 	 2.190223e+09 	 0.500000 
467424.00 	 2.184966e+09 	 0.500000 
468288.00 	 2.179732e+09 	 0.500000 
469152.00 	 2.174519e+09 	 0.500000 
470016.00 	 2.169329e+09 	 0.500000 
470880.00 	 2.164160e+09 	 0.500000 
471744.00 	 2.159013e+09 	 0.500000 
472608.00 	 2.153888e+09 	 0.500000 
473472.00 	 2.148784e+09 	 0.500000 
474336.00 	 2.143702e+09 	 0.500000 
475200.00 	 2.138641e+09 	 0.500000 
476064.00 	 2.133601e+09 	 0.500000 
476928.00 	 2.128582e+09 	 0.500000 
477792.00 	 2.123584e+09 	 0.500000 
478656.00 	 2.118606e+09 	 0.500000 
479520.00 	 2.113650e+09 	 0.500000 
480384.00 	 2.108713e+09 	 0.500000 
481248.00 	 2.103798e+09 	 0.500000 
482112.00 	 2.098902e+09 	 0.500000 
482976.00 	 2.094026e+09 	 0.500000 
483840.00 	 2.089171e+09 	 0.500000 
484704.00 	 2.084335e+09 	 0.500000 
485568.00 	 2.079520e+09 	 0.500000 
486432.00 	 2.074723e+09 	 0.500000 
487296.00 	 2.069947e+09 	 0.500000 
488160.00 	 2.065190e+09 	 0.500000 
489024.00 	 2.060452e+09 	 0.500000 
489888.00 	 2.055733e+09 	 0.500000 
490752.00 	 2.051034e+09 	 0.500000 
491616.00 	 2.046353e+09 	 0.500000 
492480.00 	 2.041692e+09 	 0.500000 
493344.00 	 2.037049e+09 	 0.500000 
494208.00 	 2.032425e+09 	 0.500000 
495072.00 	 2.027819e+09 	 0.500000 
495936.00 	 2.023232e+09 	 0.500000 
496800.00 	 2.018663e+09 	 0.500000 
497664.00 	 2.014112e+09 	 0.500000 
498528.00 	 2.009580e+09 	 0.500000 
499392.00 	 2.005065e+09 	 0.500000 
500256.00 	 2.000569e+09 	 0.500000 
501120.00 	 1.996090e+09 	 0.500000 
501984.00 	 1.991629e+09 	 0.500000 
502848.00 	 1.987186e+09 	 0.500000 
503712.00 	 1.982760e+09 	 0.500000 
504576.00 	 1.978351e+09 	 0.500000 
505440.00 	 1.973960e+09 	 0.500000 
506304.00 	 1.969587e+09 	 0.500000 
507168.00 	 1.965230e+09 	 0.500000 
508032.00 	 1.960890e+09 	 0.500000 
508896.00 	 1.956567e+09 	 0.500000 
509760.00 	 1.952261e+09 	 0.500000 
510624.00 	 1.947972e+09 	 0.500000 
511488.00 	 1.943700e+09 	 0.500000 
512352.00 	 1.939444e+09 	 0.500000 
513216.00 	 1.935204e+09 	 0.500000 
514080.00 	 1.930981e+09 	 0.500000 
514944.00 	 1.926775e+09 	 0.500000 
515808.00 	 1.922584e+09 	 0.500000 
516672.00 	 1.918409e+09 	 0.500000 
517536.00 	 1.914251e+09 	 0.500000 
518400.00 	 1.910108e+09 	 0.500000 
519264.00 	 1.905982e+09 	 0.500000 
520128.00 	 1.901871e+09 	 0.500000 
520992.00 	 1.897776e+09 	 0.500000 
521856.00 	 1.893696e+09 	 0.500000 
522720.00 	 1.889632e+09 	 0.500000 
523584.00 	 1.885583e+09 	 0.500000 
524448.00 	 1.881550e+09 	 0.500000 
525312.00 	 1.877532e+09 	 0.500000 
526176.00 	 1.873529e+09 	 0.500000 
527040.00 	 1.869541e+09 	 0.500000 
527904.00 	 1.865568e+09 	 0.500000 
528768.00 	 1.861610e+09 	 0.500000 
529632.00 	 1.857667e+09 	 0.500000 
530496.00 	 1.853738e+09 	 0.500000 
531360.00 	 1.849825e+09 	 0.500000 
532224.00 	 1.845926e+09 	 0.500000 
533088.00 	 1.842041e+09 	 0.500000 
533952.00 	 1.838171e+09 	 0.500000 
534816.00 	 1.834315e+09 	 0.500000 
535680.00 	 1.830474e+09 	 0.500000 
536544.00 	 1.826647e+09 	 0.500000 
537408.00 	 1.822834e+09 	 0.500000 
538272.00 	 1.819035e+09 	 0.500000 
539136.00 	 1.815250e+09 	 0.500000 
540000.00 	 1.811479e+09 	 0.500000 
540864.00 	 1.807722e+09 	 0.500000 
541728.00 	 1.803978e+09 	 0.500000 
542592.00 	 1.800249e+09 	 0.500000 
543456.00 	 1.796533e+09 	 0.500000 
544320.00 	 1.792830e+09 	 0.500000 
545184.00 	 1.789141e+09 	 0.500000 
546048.00 	 1.785465e+09 	 0.500000 
546912.00 	 1.781803e+09 	 0.500000 
547776.00 	 1.778154e+09 	 0.500000 
548640.00 	 1.774519e+09 	 0.500000 
549504.00 	 1.770896e+09 	 0.500000 
550368.00 	 1.767286e+09 	 0.500000 
551232.00 	 1.763690e+09 	 0.500000 
552096.00 	 1.760106e+09 	 0.500000 
552960.00 	 1.756536e+09 	 0.500000 
553824.00 	 1.752978e+09 	 0.500000 
554688.00 	 1.749432e+09 	 0.500000 
555552.00 	 1.745900e+09 	 0.500000 
556416.00 	 1.742380e+09 	 0.500000 
557280.00 	 1.738873e+09 	 0.500000 
558144.00 	 1.735378e+09 	 0.500000 
559008.00 	 1.731896e+09 	 0.500000 
559872.00 	 1.728425e+09 	 0.500000 
560736.00 	 1.724968e+09 	 0.500000 
561600.00 	 1.721522e+09 	 0.500000 
562464.00 	 1.718089e+09 	 0.500000 
563328.00 	 1.714668e+09 	 0.500000 
564192.00 	 1.711258e+09 	 0.500000 
565056.00 	 1.707861e+09 	 0.500000 
565920.00 	 1.704476e+09 	 0.500000 
566784.00 	 1.701102e+09 	 0.500000 
567648.00 	 1.697741e+09 	 0.500000 
568512.00 	 1.694391e+09 	 0.500000 
569376.00 	 1.691053e+09 	 0.500000 
570240.00 	 1.687726e+09 	 0.500000 
571104.00 	 1.684411e+09 	 0.500000 
571968.00 	 1.681107e+09 	 0.500000 
572832.00 	 1.677815e+09 	 0.500000 
573696.00 	 1.674535e+09 	 0.500000 
574560.00 	 1.671265e+09 	 0.500000 
575424.00 	 1.668007e+09 	 0.500000 
576288.00 	 1.664761e+09 	 0.500000 
577152.00 	 1.661525e+09 	 0.500000 
578016.00 	 1.658301e+09 	 0.500000 
578880.00 	 1.655087e+09 	 0.500000 
579744.00 	 1.651885e+09 	 0.500000 
580608.00 	 1.648693e+09 	 0.500000 
581472.00 	 1.645513e+09 	 0.500000 
582336.00 	 1.642343e+09 	 0.500000 
583200.00 	 1.639184e+09 	 0.500000 
584064.00 	 1.636036e+09 	 0.500000 
584928.00 	 1.632898e+09 	 0.500000 
585792.00 	 1.629772e+09 	 0.500000 
586656.00 	 1.626655e+09 	 0.500000 
587520.00 	 1.623550e+09 	 0.500000 
588384.00 	 1.620454e+09 	 0.500000 
589248.00 	 1.617370e+09 	 0.500000 
590112.00 	 1.614295e+09 	 0.500000 
590976.00 	 1.611231e+09 	 0.500000 
591840.00 	 1.608177e+09 	 0.500000 
592704.00 	 1.605134e+09 	 0.500000 
593568.00 	 1.602101e+09 	 0.500000 
594432.00 	 1.599077e+09 	 0.500000 
595296.00 	 1.596064e+09 	 0.500000 
596160.00 	 1.593061e+09 	 0.500000 
597024.00 	 1.590068e+09 	 0.500000 
597888.00 	 1.587085e+09 	 0.500000 
598752.00 	 1.584112e+09 	 0.500000 
599616.00 	 1.581148e+09 	 0.500000 
600480.00 	 1.578195e+09 	 0.500000 
601344.00 	 1.575251e+09 	 0.500000 
602208.00 	 1.572317e+09 	 0.500000 
603072.00 	 1.569392e+09 	 0.500000 
603936.00 	 1.566477e+09 	 0.500000 
604800.00 	 1.563572e+09 	 0.500000 
605664.00 	 1.560676e+09 	 0.500000 
606528.00 	 1.557790e+09 	 0.500000 
607392.00 	 1.554913e+09 	 0.500000 
608256.00 	 1.552046e+09 	 0.500000 
609120.00 	 1.549188e+09 	 0.500000 
609984.00 	 1.546339e+09 	 0.500000 
610848.00 	 1.543499e+09 	 0.500000 
611712.00 	 1.540669e+09 	 0.500000 
612576.00 	 1.537848e+09 	 0.500000 
613440.00 	 1.535036e+09 	 0.500000 
614304.00 	 1.532233e+09 	 0.500000 
615168.00 	 1.529439e+09 	 0.500000 
616032.00 	 1.526654e+09 	 0.500000 
616896.00 	 1.523878e+09 	 0.500000 
617760.00 	 1.521112e+09 	 0.500000 
618624.00 	 1.518353e+09 	 0.500000 
619488.00 	 1.515604e+09 	 0.500000 
620352.00 	 1.512864e+09 	 0.500000 
621216.00 	 1.510132e+09 	 0.500000 
622080.00 	 1.507409e+09 	 0.500000 
622944.00 	 1.504695e+09 	 0.500000 
623808.00 	 1.501990e+09 	 0.500000 
624672.00 	 1.499293e+09 	 0.500000 
625536.00 	 1.496604e+09 	 0.500000 
626400.00 	 1.493924e+09 	 0.500000 
627264.00 	 1.491253e+09 	 0.500000 
628128.00 	 1.488590e+09 	 0.500000 
628992.00 	 1.485935e+09 	 0.500000 
629856.00 	 1.483289e+09 	 0.500000 
630720.00 	 1.480651e+09 	 0.500000 
631584.00 	 1.478022e+09 	 0.500000 
632448.00 	 1.475400e+09 	 0.500000 
633312.00 	 1.472787e+09 	 0.500000 
634176.00 	 1.470183e+09 	 0.500000 
635040.00 	 1.467586e+09 	 0.500000 
635904.00 	 1.464997e+09 	 0.500000 
636768.00 	 1.462417e+09 	 0.500000 
637632.00 	 1.459844e+09 	 0.500000 
638496.00 	 1.457280e+09 	 0.500000 
639360.00 	 1.454723e+09 	 0.500000 
640224.00 	 1.452175e+09 	 0.500000 
641088.00 	 1.449634e+09 	 0.500000 
641952.00 	 1.447101e+09 	 0.500000 
642816.00 	 1.444576e+09 	 0.500000 
643680.00 	 1.442059e+09 	 0.500000 
644544.00 	 1.439549e+09 	 0.500000 
645408.00 	 1.437048e+09 	 0.500000 
646272.00 	 1.434554e+09 	 0.500000 
647136.00 	 1.432067e+09 	 0.500000 
648000.00 	 1.429588e+09 	 0.500000 
648864.00 	 1.427117e+09 	 0.500000 
649728.00 	 1.424654e+09 	 0.500000 
650592.00 	 1.422197e+09 	 0.500000 
651456.00 	 1.419749e+09 	 0.500000 
652320.00 	 1.417308e+09 	 0.500000 
653184.00 	 1.414874e+09 	 0.500000 
654048.00 	 1.412448e+09 	 0.500000 
654912.00 	 1.410029e+09 	 0.500000 
655776.00 	 1.407617e+09 	 0.500000 
656640.00 	 1.405213e+09 	 0.500000 
657504.00 	 1.402816e+09 	 0.500000 
658368.00 	 1.400426e+09 	 0.500000 
659232.00 	 1.398043e+09 	 0.500000 
660096.00 	 1.395668e+09 	 0.500000 
660960.00 	 1.393299e+09 	 0.500000 
661824.00 	 1.390938e+09 	 0.500000 
662688.00 	 1.388584e+09 	 0.500000 
663552.00 	 1.386237e+09 	 0.500000 
664416.00 	 1.383897e+09 	 0.500000 
665280.00 	 1.381564e+09 	 0.500000 
666144.00 	 1.379237e+09 	 0.500000 
667008.00 	 1.376918e+09 	 0.500000 
667872.00 	 1.374606e+09 	 0.500000 
668736.00 	 1.372300e+09 	 0.500000 
669600.00 	 1.370002e+09 	 0.500000 
670464.00 	 1.367710e+09 	 0.500000 
671328.00 	 1.365425e+09 	 0.500000 
672192.00 	 1.363147e+09 	 0.500000 
673056.00 	 1.360875e+09 	 0.500000 
673920.00 	 1.358610e+09 	 0.500000 
674784.00 	 1.356352e+09 	 0.500000 
675648.00 	 1.354101e+09 	 0.500000 
676512.00 	 1.351856e+09 	 0.500000 
677376.00 	 1.349617e+09 	 0.500000 
678240.00 	 1.347385e+09 	 0.500000 
679104.00 	 1.345160e+09 	 0.500000 
679968.00 	 1.342941e+09 	 0.500000 
680832.00 	 1.340729e+09 	 0.500000 
681696.00 	 1.338523e+09 	 0.500000 
682560.00 	 1.336324e+09 	 0.500000 
683424.00 	 1.334131e+09 	 0.500000 
684288.00 	 1.331944e+09 	 0.500000 
685152.00 	 1.329764e+09 	 0.500000 
686016.00 	 1.327590e+09 	 0.500000 
686880.00 	 1.325422e+09 	 0.500000 
687744.00 	 1.323261e+09 	 0.500000 
688608.00 	 1.321105e+09 	 0.500000 
689472.00 	 1.318956e+09 	 0.500000 
690336.00 	 1.316814e+09 	 0.500000 
691200.00 	 1.314677e+09 	 0.500000 
692064.00 	 1.312546e+09 	 0.500000 
692928.00 	 1.310422e+09 	 0.500000 
693792.00 	 1.308304e+09 	 0.500000 
694656.00 	 1.306191e+09 	 0.500000 
695520.00 	 1.304085e+09 	 0.500000 
696384.00 	 1.301985e+09 	 0.500000 
697248.00 	 1.299890e+09 	 0.500000 
698112.00 	 1.297802e+09 	 0.500000 
698976.00 	 1.295720e+09 	 0.500000 
699840.00 	 1.293643e+09 	 0.500000 
700704.00 	 1.291573e+09 	 0.500000 
701568.00 	 1.289508e+09 	 0.500000 
702432.00 	 1.287449e+09 	 0.500000 
703296.00 	 1.285396e+09 	 0.500000 
704160.00 	 1.283349e+09 	 0.500000 
705024.00 	 1.281307e+09 	 0.500000 
705888.00 	 1.279272e+09 	 0.500000 
706752.00 	 1.277242e+09 	 0.500000 
707616.00 	 1.275217e+09 	 0.500000 
708480.00 	 1.273199e+09 	 0.500000 
709344.00 	 1.271186e+09 	 0.500000 
710208.00 	 1.269178e+09 	 0.500000 
711072.00 	 1.267176e+09 	 0.500000 
711936.00 	 1.265180e+09 	 0.500000 
712800.00 	 1.263190e+09 	 0.500000 
713664.00 	 1.261205e+09 	 0.500000 
714528.00 	 1.259225e+09 	 0.500000 
715392.00 	 1.257251e+09 	 0.500000 
716256.00 	 1.255282e+09 	 0.500000 
717120.00 	 1.253319e+09 	 0.500000 
717984.00 	 1.251362e+09 	 0.500000 
718848.00 	 1.249409e+09 	 0.500000 
719712.00 	 1.247462e+09 	 0.500000 
720576.00 	 1.245521e+09 	 0.500000 
721440.00 	 1.243585e+09 	 0.500000 
722304.00 	 1.241654e+09 	 0.500000 
723168.00 	 1.239728e+09 	 0.500000 
724032.00 	 1.237808e+09 	 0.500000 
724896.00 	 1.235893e+09 	 0.500000 
725760.00 	 1.233983e+09 	 0.500000 
726624.00 	 1.232079e+09 	 0.500000 
727488.00 	 1.230179e+09 	 0.500000 
728352.00 	 1.228285e+09 	 0.500000 
729216.00 	 1.226396e+09 	 0.500000 
730080.00 	 1.224512e+09 	 0.500000 
730944.00 	 1.222633e+09 	 0.500000 
731808.00 	 1.220760e+09 	 0.500000 
732672.00 	 1.218891e+09 	 0.500000 
733536.00 	 1.217028e+09 	 0.500000 
734400.00 	 1.215169e+09 	 0.500000 
735264.00 	 1.213316e+09 	 0.500000 
736128.00 	 1.211467e+09 	 0.500000 
736992.00 	 1.209624e+09 	 0.500000 
737856.00 	 1.207785e+09 	 0.500000 
738720.00 	 1.205952e+09 	 0.500000 
739584.00 	 1.204123e+09 	 0.500000 
740448.00 	 1.202299e+09 	 0.500000 
741312.00 	 1.200481e+09 	 0.500000 
742176.00 	 1.198667e+09 	 0.500000 
743040.00 	 1.196857e+09 	 0.500000 
743904.00 	 1.195053e+09 	 0.500000 
744768.00 	 1.193254e+09 	 0.500000 
745632.00 	 1.191459e+09 	 0.500000 
746496.00 	 1.189669e+09 	 0.500000 
747360.00 	 1.187884e+09 	 0.500000 
748224.00 	 1.186104e+09 	 0.500000 
749088.00 	 1.184328e+09 	 0.500000 
749952.00 	 1.182557e+09 	 0.500000 
750816.00 	 1.180791e+09 	 0.500000 
751680.00 	 1.179029e+09 	 0.500000 
752544.00 	 1.177272e+09 	 0.500000 
753408.00 	 1.175520e+09 	 0.500000 
754272.00 	 1.173772e+09 	 0.500000 
755136.00 	 1.172029e+09 	 0.500000 
756000.00 	 1.170290e+09 	 0.500000 
756864.00 	 1.168556e+09 	 0.500000 
757728.00 	 1.166827e+09 	 0.500000 
758592.00 	 1.165102e+09 	 0.500000 
759456.00 	 1.163381e+09 	 0.500000 
760320.00 	 1.161666e+09 	 0.500000 
761184.00 	 1.159954e+09 	 0.500000 
762048.00 	 1.158247e+09 	 0.500000 
762912.00 	 1.156545e+09 	 0.500000 
763776.00 	 1.154846e+09 	 0.500000 
764640.00 	 1.153153e+09 	 0.500000 
765504.00 	 1.151464e+09 	 0.500000 
766368.00 	 1.149779e+09 	 0.500000 
767232.00 	 1.148098e+09 	 0.500000 
768096.00 	 1.146422e+09 	 0.500000 
768960.00 	 1.144750e+09 	 0.500000 
769824.00 	 1.143082e+09 	 0.500000 
770688.00 	 1.141419e+09 	 0.500000 
771552.00 	 1.139760e+09 	 0.500000 
772416.00 	 1.138105e+09 	 0.500000 
773280.00 	 1.136455e+09 	 0.500000 
774144.00 	 1.134809e+09 	 0.500000 
775008.00 	 1.133167e+09 	 0.500000 
775872.00 	 1.131529e+09 	 0.500000 
776736.00 	 1.129895e+09 	 0.500000 
777600.00 	 1.128266e+09 	 0.500000 
778464.00 	 1.126641e+09 	 0.500000 
779328.00 	 1.125019e+09 	 0.500000 
780192.00 	 1.123402e+09 	 0.500000 
781056.00 	 1.121790e+09 	 0.500000 
781920.00 	 1.120181e+09 	 0.500000 
782784.00 	 1.118576e+09 	 0.500000 
783648.00 	 1.116975e+09 	 0.500000 
784512.00 	 1.115379e+09 	 0.500000 
785376.00 	 1.113786e+09 	 0.500000 
786240.00 	 1.112198e+09 	 0.500000 
787104.00 	 1.110613e+09 	 0.500000 
787968.00 	 1.109033e+09 	 0.500000 
788832.00 	 1.107456e+09 	 0.500000 
789696.00 	 1.105883e+09 	 0.500000 
790560.00 	 1.104315e+09 	 0.500000 
791424.00 	 1.102750e+09 	 0.500000 
792288.00 	 1.101189e+09 	 0.500000 
793152.00 	 1.099632e+09 	 0.500000 
794016.00 	 1.098080e+09 	 0.500000 
794880.00 	 1.096530e+09 	 0.500000 
795744.00 	 1.094985e+09 	 0.500000 
796608.00 	 1.093444e+09 	 0.500000 
797472.00 	 1.091906e+09 	 0.500000 
798336.00 	 1.090373e+09 	 0.500000 
799200.00 	 1.088843e+09 	 0.500000 
800064.00 	 1.087317e+09 	 0.500000 
800928.00 	 1.085794e+09 	 0.500000 
801792.00 	 1.084276e+09 	 0.500000 
802656.00 	 1.082761e+09 	 0.500000 
803520.00 	 1.081250e+09 	 0.500000 
804384.00 	 1.079743e+09 	 0.500000 
805248.00 	 1.078239e+09 	 0.500000 
806112.00 	 1.076739e+09 	 0.500000 
806976.00 	 1.075243e+09 	 0.500000 
807840.00 	 1.073750e+09 	 0.500000 
808704.00 	 1.072262e+09 	 0.500000 
809568.00 	 1.070776e+09 	 0.500000 
810432.00 	 1.069295e+09 	 0.500000 
811296.00 	 1.067817e+09 	 0.500000 
812160.00 	 1.066343e+09 	 0.500000 
813024.00 	 1.064872e+09 	 0.500000 
813888.00 	 1.063405e+09 	 0.500000 
814752.00 	 1.061941e+09 	 0.500000 
815616.00 	 1.060481e+09 	 0.500000 
816480.00 	 1.059025e+09 	 0.500000 
817344.00 	 1.057572e+09 	 0.500000 
818208.00 	 1.056123e+09 	 0.500000 
819072.00 	 1.054677e+09 	 0.500000 
819936.00 	 1.053235e+09 	 0.500000 
820800.00 	 1.051796e+09 	 0.500000 
821664.00 	 1.050360e+09 	 0.500000 
822528.00 	 1.048928e+09 	 0.500000 
823392.00 	 1.047500e+09 	 0.500000 
824256.00 	 1.046075e+09 	 0.500000 
825120.00 	 1.044653e+09 	 0.500000 
825984.00 	 1.043235e+09 	 0.500000 
826848.00 	 1.041821e+09 	 0.500000 
827712.00 	 1.040409e+09 	 0.500000 
828576.00 	 1.039001e+09 	 0.500000 
829440.00 	 1.037597e+09 	 0.500000 
830304.00 	 1.036195e+09 	 0.500000 
831168.00 	 1.034797e+09 	 0.500000 
832032.00 	 1.033403e+09 	 0.500000 
832896.00 	 1.032012e+09 	 0.500000 
833760.00 	 1.030624e+09 	 0.500000 
834624.00 	 1.029239e+09 	 0.500000 
835488.00 	 1.027858e+09 	 0.500000 
836352.00 	 1.026480e+09 	 0.500000 
837216.00 	 1.025105e+09 	 0.500000 
838080.00 	 1.023734e+09 	 0.500000 
838944.00 	 1.022365e+09 	 0.500000 
839808.00 	 1.021000e+09 	 0.500000 
840672.00 	 1.019639e+09 	 0.500000 
841536.00 	 1.018280e+09 	 0.500000 
842400.00 	 1.016925e+09 	 0.500000 
843264.00 	 1.015572e+09 	 0.500000 
844128.00 	 1.014223e+09 	 0.500000 
844992.00 	 1.012878e+09 	 0.500000 
845856.00 	 1.011535e+09 	 0.500000 
846720.00 	 1.010195e+09 	 0.500000 
847584.00 	 1.008859e+09 	 0.500000 
848448.00 	 1.007526e+09 	 0.500000 
849312.00 	 1.006196e+09 	 0.500000 
850176.00 	 1.004869e+09 	 0.500000 
851040.00 	 1.003545e+09 	 0.500000 
851904.00 	 1.002224e+09 	 0.500000 
852768.00 	 1.000906e+09 	 0.500000 
853632.00 	 9.995914e+08 	 0.500000 
854496.00 	 9.982798e+08 	 0.500000 
855360.00 	 9.969712e+08 	 0.500000 
856224.00 	 9.956656e+08 	 0.500000 
857088.00 	 9.943631e+08 	 0.500000 
857952.00 	 9.930636e+08 	 0.500000 
858816.00 	 9.917671e+08 	 0.500000 
859680.00 	 9.904736e+08 	 0.500000 
860544.00 	 9.891831e+08 	 0.500000 
861408.00 	 9.878955e+08 	 0.500000 
862272.00 	 9.866109e+08 	 0.500000 
863136.00 	 9.853293e+08 	 0.500000 
864000.00 	 9.840506e+08 	 0.500000 
864864.00 	 9.827749e+08 	 0.500000 
865728.00 	 9.815021e+08 	 0.500000 
866592.00 	 9.802322e+08 	 0.500000 
867456.00 	 9.789652e+08 	 0.500000 
868320.00 	 9.777011e+08 	 0.500000 
869184.00 	 9.764399e+08 	 0.500000 
870048.00 	 9.751815e+08 	 0.500000 
870912.00 	 9.739261e+08 	 0.500000 
871776.00 	 9.726735e+08 	 0.500000 
872640.00 	 9.714238e+08 	 0.500000 
873504.00 	 9.701769e+08 	 0.500000 
874368.00 	 9.689328e+08 	 0.500000 
875232.00 	 9.676916e+08 	 0.500000 
876096.00 	 9.664531e+08 	 0.500000 
876960.00 	 9.652175e+08 	 0.500000 
877824.00 	 9.639847e+08 	 0.500000 
878688.00 	 9.627546e+08 	 0.500000 
879552.00 	 9.615274e+08 	 0.500000 
880416.00 	 9.603029e+08 	 0.500000 
881280.00 	 9.590812e+08 	 0.500000 
882144.00 	 9.578622e+08 	 0.500000 
883008.00 	 9.566459e+08 	 0.500000 
883872.00 	 9.554324e+08 	 0.500000 
884736.00 	 9.542217e+08 	 0.500000 
885600.00 	 9.530136e+08 	 0.500000 
886464.00 	 9.518082e+08 	 0.500000 
887328.00 	 9.506056e+08 	 0.500000 
888192.00 	 9.494056e+08 	 0.500000 
889056.00 	 9.482083e+08 	 0.500000 
889920.00 	 9.470137e+08 	 0.500000 
890784.00 	 9.458218e+08 	 0.500000 
891648.00 	 9.446325e+08 	 0.500000 
892512.00 	 9.434458e+08 	 0.500000 
893376.00 	 9.422618e+08 	 0.500000 
894240.00 	 9.410804e+08 	 0.500000 
895104.00 	 9.399017e+08 	 0.500000 
895968.00 	 9.387255e+08 	 0.500000 
896832.00 	 9.375520e+08 	 0.500000 
897696.00 	 9.363810e+08 	 0.500000 
898560.00 	 9.352127e+08 	 0.500000 
899424.00 	 9.340469e+08 	 0.500000 
900288.00 	 9.328837e+08 	 0.500000 
901152.00 	 9.317231e+08 	 0.500000 
902016.00 	 9.305650e+08 	 0.500000 
902880.00 	 9.294095e+08 	 0.500000 
903744.00 	 9.282565e+08 	 0.500000 
904608.00 	 9.271060e+08 	 0.500000 
905472.00 	 9.259581e+08 	 0.500000 
906336.00 	 9.248126e+08 	 0.500000 
907200.00 	 9.236697e+08 	 0.500000 
908064.00 	 9.225293e+08 	 0.500000 
908928.00 	 9.213914e+08 	 0.500000 
909792.00 	 9.202560e+08 	 0.500000 
910656.00 	 9.191230e+08 	 0.500000 
911520.00 	 9.179925e+08 	 0.500000 
912384.00 	 9.168645e+08 	 0.500000 
913248.00 	 9.157389e+08 	 0.500000 
914112.00 	 9.146158e+08 	 0.500000 
914976.00 	 9.134951e+08 	 0.500000 
915840.00 	 9.123768e+08 	 0.500000 
916704.00 	 9.112610e+08 	 0.500000 
917568.00 	 9.101476e+08 	 0.500000 
918432.00 	 9.090366e+08 	 0.500000 
919296.00 	 9.079279e+08 	 0.500000 
920160.00 	 9.068217e+08 	 0.500000 
921024.00 	 9.057179e+08 	 0.500000 
921888.00 	 9.046164e+08 	 0.500000 
922752.00 	 9.035174e+08 	 0.500000 
923616.00 	 9.024206e+08 	 0.500000 
924480.00 	 9.013263e+08 	 0.500000 
925344.00 	 9.002343e+08 	 0.500000 
926208.00 	 8.991446e+08 	 0.500000 
927072.00 	 8.980573e+08 	 0.500000 
927936.00 	 8.969723e+08 	 0.500000 
928800.00 	 8.958896e+08 	 0.500000 
929664.00 	 8.948092e+08 	 0.500000 
930528.00 	 8.937311e+08 	 0.500000 
931392.00 	 8.926554e+08 	 0.500000 
932256.00 	 8.915819e+08 	 0.500000 
933120.00 	 8.905107e+08 	 0.500000 
933984.00 	 8.894418e+08 	 0.500000 
934848.00 	 8.883751e+08 	 0.500000 
935712.00 	 8.873108e+08 	 0.500000 
936576.00 	 8.862486e+08 	 0.500000 
937440.00 	 8.851888e+08 	 0.500000 
938304.00 	 8.841311e+08 	 0.500000 
939168.00 	 8.830758e+08 	 0.500000 
940032.00 	 8.820226e+08 	 0.500000 
940896.00 	 8.809717e+08 	 0.500000 
941760.00 	 8.799229e+08 	 0.500000 
942624.00 	 8.788764e+08 	 0.500000 
943488.00 	 8.778321e+08 	 0.500000 
944352.00 	 8.767900e+08 	 0.500000 
945216.00 	 8.757501e+08 	 0.500000 
946080.00 	 8.747124e+08 	 0.500000 
946944.00 	 8.736768e+08 	 0.500000 
947808.00 	 8.726434e+08 	 0.500000 
948672.00 	 8.716122e+08 	 0.500000 
949536.00 	 8.705831e+08 	 0.500000 
950400.00 	 8.695562e+08 	 0.500000 
951264.00 	 8.685315e+08 	 0.500000 
952128.00 	 8.675088e+08 	 0.500000 
952992.00 	 8.664883e+08 	 0.500000 
953856.00 	 8.654700e+08 	 0.500000 
954720.00 	 8.644537e+08 	 0.500000 
955584.00 	 8.634396e+08 	 0.500000 
956448.00 	 8.624275e+08 	 0.500000 
957312.00 	 8.614176e+08 	 0.500000 
958176.00 	 8.604097e+08 	 0.500000 
959040.00 	 8.594040e+08 	 0.500000 
959904.00 	 8.584003e+08 	 0.500000 
960768.00 	 8.573987e+08 	 0.500000 
961632.00 	 8.563992e+08 	 0.500000 
962496.00 	 8.554017e+08 	 0.500000 
963360.00 	 8.544063e+08 	 0.500000 
964224.00 	 8.534129e+08 	 0.500000 
965088.00 	 8.524216e+08 	 0.500000 
965952.00 	 8.514323e+08 	 0.500000 
966816.00 	 8.504451e+08 	 0.500000 
967680.00 	 8.494599e+08 	 0.500000 
968544.00 	 8.484767e+08 	 0.500000 
969408.00 	 8.474955e+08 	 0.500000 
970272.00 	 8.465163e+08 	 0.500000 
971136.00 	 8.455392e+08 	 0.500000 
972000.00 	 8.445640e+08 	 0.500000 
972864.00 	 8.435908e+08 	 0.500000 
973728.00 	 8.426196e+08 	 0.500000 
974592.00 	 8.416504e+08 	 0.500000 
975456.00 	 8.406832e+08 	 0.500000 
976320.00 	 8.397179e+08 	 0.500000 
977184.00 	 8.387546e+08 	 0.500000 
978048.00 	 8.377932e+08 	 0.500000 
978912.00 	 8.368338e+08 	 0.500000 
979776.00 	 8.358763e+08 	 0.500000 
980640.00 	 8.349208e+08 	 0.500000 
981504.00 	 8.339672e+08 	 0.500000 
982368.00 	 8.330156e+08 	 0.500000 
983232.00 	 8.320658e+08 	 0.500000 
984096.00 	 8.311180e+08 	 0.500000 
984960.00 	 8.301721e+08 	 0.500000 
985824.00 	 8.292281e+08 	 0.500000 
986688.00 	 8.282860e+08 	 0.500000 
987552.00 	 8.273458e+08 	 0.500000 
988416.00 	 8.264075e+08 	 0.500000 
989280.00 	 8.254711e+08 	 0.500000 
990144.00 	 8.245365e+08 	 0.500000 
991008.00 	 8.236038e+08 	 0.500000 
991872.00 	 8.226730e+08 	 0.500000 
992736.00 	 8.217441e+08 	 0.500000 
993600.00 	 8.208170e+08 	 0.500000 
994464.00 	 8.198917e+08 	 0.500000 
995328.00 	 8.189683e+08 	 0.500000 
996192.00 	 8.180468e+08 	 0.500000 
997056.00 	 8.171271e+08 	 0.500000 
997920.00 	 8.162092e+08 	 0.500000 
998784.00 	 8.152931e+08 	 0.500000 
999648.00 	 8.143789e+08 	 0.500000 
1000512.00 	 8.134665e+08 	 0.500000 
1001376.00 	 8.125558e+08 	 0.500000 
1002240.00 	 8.116470e+08 	 0.500000 
1003104.00 	 8.107400e+08 	 0.500000 
1003968.00 	 8.098348e+08 	 0.500000 
1004832.00 	 8.089314e+08 	 0.500000 
1005696.00 	 8.080297e+08 	 0.500000 
1006560.00 	 8.071299e+08 	 0.500000 
1007424.00 	 8.062318e+08 	 0.500000 
1008288.00 	 8.053355e+08 	 0.500000 
1009152.00 	 8.044409e+08 	 0.500000 
1010016.00 	 8.035481e+08 	 0.500000 
1010880.00 	 8.026571e+08 	 0.500000 
1011744.00 	 8.017678e+08 	 0.500000 
1012608.00 	 8.008803e+08 	 0.500000 
1013472.00 	 7.999944e+08 	 0.500000 
1014336.00 	 7.991104e+08 	 0.500000 
1015200.00 	 7.982280e+08 	 0.500000 
1016064.00 	 7.973474e+08 	 0.500000 
1016928.00 	 7.964685e+08 	 0.500000 
1017792.00 	 7.955913e+08 	 0.500000 
1018656.00 	 7.947159e+08 	 0.500000 
1019520.00 	 7.938421e+08 	 0.500000 
1020384.00 	 7.929700e+08 	 0.500000 
1021248.00 	 7.920997e+08 	 0.500000 
1022112.00 	 7.912310e+08 	 0.500000 
1022976.00 	 7.903640e+08 	 0.500000 
1023840.00 	 7.894987e+08 	 0.500000 
1024704.00 	 7.886351e+08 	 0.500000 
1025568.00 	 7.877731e+08 	 0.500000 
1026432.00 	 7.869128e+08 	 0.500000 
1027296.00 	 7.860542e+08 	 0.500000 
1028160.00 	 7.851972e+08 	 0.500000 
1029024.00 	 7.843419e+08 	 0.500000 
1029888.00 	 7.834883e+08 	 0.500000 
1030752.00 	 7.826362e+08 	 0.500000 
1031616.00 	 7.817859e+08 	 0.500000 
1032480.00 	 7.809371e+08 	 0.500000 
1033344.00 	 7.800900e+08 	 0.500000 
1034208.00 	 7.792445e+08 	 0.500000 
1035072.00 	 7.784007e+08 	 0.500000 
1035936.00 	 7.775584e+08 	 0.500000 
1036800.00 	 7.767178e+08 	 0.500000 
1037664.00 	 7.758788e+08 	 0.500000 
1038528.00 	 7.750414e+08 	 0.500000 
1039392.00 	 7.742056e+08 	 0.500000 
1040256.00 	 7.733713e+08 	 0.500000 
1041120.00 	 7.725387e+08 	 0.500000 
1041984.00 	 7.717077e+08 	 0.500000 
1042848.00 	 7.708782e+08 	 0.500000 
1043712.00 	 7.700504e+08 	 0.500000 
1044576.00 	 7.692241e+08 	 0.500000 
1045440.00 	 7.683993e+08 	 0.500000 
1046304.00 	 7.675762e+08 	 0.500000 
1047168.00 	 7.667546e+08 	 0.500000 
1048032.00 	 7.659345e+08 	 0.500000 
1048896.00 	 7.651160e+08 	 0.500000 
1049760.00 	 7.642991e+08 	 0.500000 
1050624.00 	 7.634837e+08 	 0.500000 
1051488.00 	 7.626698e+08 	 0.500000 
1052352.00 	 7.618575e+08 	 0.500000 
1053216.00 	 7.610467e+08 	 0.500000 
1054080.00 	 7.602374e+08 	 0.500000 
1054944.00 	 7.594297e+08 	 0.500000 
1055808.00 	 7.586235e+08 	 0.500000 
1056672.00 	 7.578188e+08 	 0.500000 
1057536.00 	 7.570156e+08 	 0.500000 
1058400.00 	 7.562139e+08 	 0.500000 
1059264.00 	 7.554137e+08 	 0.500000 
1060128.00 	 7.546150e+08 	 0.500000 
1060992.00 	 7.538178e+08 	 0.500000 
1061856.00 	 7.530221e+08 	 0.500000 
1062720.00 	 7.522279e+08 	 0.500000 
1063584.00 	 7.514352e+08 	 0.500000 
1064448.00 	 7.506440e+08 	 0.500000 
1065312.00 	 7.498542e+08 	 0.500000 
1066176.00 	 7.490659e+08 	 0.500000 
1067040.00 	 7.482791e+08 	 0.500000 
1067904.00 	 7.474937e+08 	 0.500000 
1068768.00 	 7.467098e+08 	 0.500000 
1069632.00 	 7.459273e+08 	 0.500000 
1070496.00 	 7.451463e+08 	 0.500000 
1071360.00 	 7.443668e+08 	 0.500000 
1072224.00 	 7.435887e+08 	 0.500000 
1073088.00 	 7.428120e+08 	 0.500000 
1073952.00 	 7.420368e+08 	 0.500000 
1074816.00 	 7.412630e+08 	 0.500000 
1075680.00 	 7.404906e+08 	 0.500000 
1076544.00 	 7.397197e+08 	 0.500000 
1077408.00 	 7.389501e+08 	 0.500000 
1078272.00 	 7.381820e+08 	 0.500000 
1079136.00 	 7.374153e+08 	 0.500000 
1080000.00 	 7.366501e+08 	 0.500000 
1080864.00 	 7.358862e+08 	 0.500000 
1081728.00 	 7.351237e+08 	 0.500000 
1082592.00 	 7.343626e+08 	 0.500000 
1083456.00 	 7.336030e+08 	 0.500000 
1084320.00 	 7.328447e+08 	 0.500000 
1085184.00 	 7.320878e+08 	 0.500000 
1086048.00 	 7.313323e+08 	 0.500000 
1086912.00 	 7.305781e+08 	 0.500000 
1087776.00 	 7.298254e+08 	 0.500000 
1088640.00 	 7.290740e+08 	 0.500000 
1089504.00 	 7.283240e+08 	 0.500000 
1090368.00 	 7.275753e+08 	 0.500000 
1091232.00 	 7.268280e+08 	 0.500000 
1092096.00 	 7.260821e+08 	 0.500000 
1092960.00 	 7.253376e+08 	 0.500000 
1093824.00 	 7.245943e+08 	 0.500000 
1094688.00 	 7.238525e+08 	 0.500000 
1095552.00 	 7.231120e+08 	 0.500000 
1096416.00 	 7.223728e+08 	 0.500000 
1097280.00 	 7.216349e+08 	 0.500000 
1098144.00 	 7.208984e+08 	 0.500000 
1099008.00 	 7.201632e+08 	 0.500000 
1099872.00 	 7.194294e+08 	 0.500000 
1100736.00 	 7.186969e+08 	 0.500000 
1101600.00 	 7.179657e+08 	 0.500000 
1102464.00 	 7.172358e+08 	 0.500000 
1103328.00 	 7.165072e+08 	 0.500000 
1104192.00 	 7.157800e+08 	 0.500000 
1105056.00 	 7.150540e+08 	 0.500000 
1105920.00 	 7.143294e+08 	 0.500000 
1106784.00 	 7.136060e+08 	 0.500000 
1107648.00 	 7.128840e+08 	 0.500000 
1108512.00 	 7.121632e+08 	 0.500000 
1109376.00 	 7.114437e+08 	 0.500000 
1110240.00 	 7.107255e+08 	 0.500000 
1111104.00 	 7.100087e+08 	 0.500000 
1111968.00 	 7.092930e+08 	 0.500000 
1112832.00 	 7.085787e+08 	 0.500000 
1113696.00 	 7.078656e+08 	 0.500000 
1114560.00 	 7.071538e+08 	 0.500000 
1115424.00 	 7.064433e+08 	 0.500000 
1116288.00 	 7.057341e+08 	 0.500000 
1117152.00 	 7.050261e+08 	 0.500000 
1118016.00 	 7.043193e+08 	 0.500000 
1118880.00 	 7.036138e+08 	 0.500000 
1119744.00 	 7.029096e+08 	 0.500000 
1120608.00 	 7.022066e+08 	 0.500000 
1121472.00 	 7.015049e+08 	 0.500000 
1122336.00 	 7.008044e+08 	 0.500000 
1123200.00 	 7.001051e+08 	 0.500000 
1124064.00 	 6.994071e+08 	 0.500000 
1124928.00 	 6.987103e+08 	 0.500000 
1125792.00 	 6.980147e+08 	 0.500000 
1126656.00 	 6.973204e+08 	 0.500000 
1127520.00 	 6.966273e+08 	 0.500000 
1128384.00 	 6.959354e+08 	 0.500000 
1129248.00 	 6.952447e+08 	 0.500000 
1130112.00 	 6.945552e+08 	 0.500000 
1130976.00 	 6.938670e+08 	 0.500000 
1131840.00 	 6.931799e+08 	 0.500000 
1132704.00 	 6.924941e+08 	 0.500000 
1133568.00 	 6.918095e+08 	 0.500000 
1134432.00 	 6.911260e+08 	 0.500000 
1135296.00 	 6.904438e+08 	 0.500000 
1136160.00 	 6.897627e+08 	 0.500000 
1137024.00 	 6.890829e+08 	 0.500000 
1137888.00 	 6.884042e+08 	 0.500000 
1138752.00 	 6.877267e+08 	 0.500000 
1139616.00 	 6.870504e+08 	 0.500000 
1140480.00 	 6.863753e+08 	 0.500000 
1141344.00 	 6.857013e+08 	 0.500000 
1142208.00 	 6.850285e+08 	 0.500000 
1143072.00 	 6.843569e+08 	 0.500000 
1143936.00 	 6.836865e+08 	 0.500000 
1144800.00 	 6.830172e+08 	 0.500000 
1145664.00 	 6.823491e+08 	 0.500000 
1146528.00 	 6.816821e+08 	 0.500000 
1147392.00 	 6.810163e+08 	 0.500000 
1148256.00 	 6.803516e+08 	 0.500000 
1149120.00 	 6.796881e+08 	 0.500000 
1149984.00 	 6.790258e+08 	 0.500000 
1150848.00 	 6.783645e+08 	 0.500000 
1151712.00 	 6.777045e+08 	 0.500000 
1152576.00 	 6.770455e+08 	 0.500000 
1153440.00 	 6.763877e+08 	 0.500000 
1154304.00 	 6.757310e+08 	 0.500000 
1155168.00 	 6.750755e+08 	 0.500000 
1156032.00 	 6.744211e+08 	 0.500000 
1156896.00 	 6.737678e+08 	 0.500000 
1157760.00 	 6.731156e+08 	 0.500000 
1158624.00 	 6.724645e+08 	 0.500000 
1159488.00 	 6.718146e+08 	 0.500000 
1160352.00 	 6.711658e+08 	 0.500000 
1161216.00 	 6.705180e+08 	 0.500000 
1162080.00 	 6.698714e+08 	 0.500000 
1162944.00 	 6.692259e+08 	 0.500000 
1163808.00 	 6.685815e+08 	 0.500000 
1164672.00 	 6.679382e+08 	 0.500000 
1165536.00 	 6.672960e+08 	 0.500000 
1166400.00 	 6.666549e+08 	 0.500000 
1167264.00 	 6.660148e+08 	 0.500000 
1168128.00 	 6.653759e+08 	 0.500000 
1168992.00 	 6.647381e+08 	 0.500000 
1169856.00 	 6.641013e+08 	 0.500000 
1170720.00 	 6.634656e+08 	 0.500000 
1171584.00 	 6.628310e+08 	 0.500000 
1172448.00 	 6.621974e+08 	 0.500000 
1173312.00 	 6.615650e+08 	 0.500000 
1174176.00 	 6.609336e+08 	 0.500000 
1175040.00 	 6.603033e+08 	 0.500000 
1175904.00 	 6.596740e+08 	 0.500000 
1176768.00 	 6.590458e+08 	 0.500000 
1177632.00 	 6.584187e+08 	 0.500000 
1178496.00 	 6.577926e+08 	 0.500000 
1179360.00 	 6.571676e+08 	 0.500000 
1180224.00 	 6.565436e+08 	 0.500000 
1181088.00 	 6.559207e+08 	 0.500000 
1181952.00 	 6.552988e+08 	 0.500000 
1182816.00 	 6.546779e+08 	 0.500000 
1183680.00 	 6.540581e+08 	 0.500000 
1184544.00 	 6.534394e+08 	 0.500000 
1185408.00 	 6.528217e+08 	 0.500000 
1186272.00 	 6.522050e+08 	 0.500000 
1187136.00 	 6.515893e+08 	 0.500000 
1188000.00 	 6.509747e+08 	 0.500000 
1188864.00 	 6.503611e+08 	 0.500000 
1189728.00 	 6.497486e+08 	 0.500000 
1190592.00 	 6.491370e+08 	 0.500000 
1191456.00 	 6.485265e+08 	 0.500000 
1192320.00 	 6.479170e+08 	 0.500000 
1193184.00 	 6.473085e+08 	 0.500000 
1194048.00 	 6.467010e+08 	 0.500000 
1194912.00 	 6.460945e+08 	 0.500000 
1195776.00 	 6.454891e+08 	 0.500000 
1196640.00 	 6.448846e+08 	 0.500000 
1197504.00 	 6.442811e+08 	 0.500000 
1198368.00 	 6.436787e+08 	 0.500000 
1199232.00 	 6.430772e+08 	 0.500000 
1200096.00 	 6.424767e+08 	 0.500000 
1200960.00 	 6.418773e+08 	 0.500000 
1201824.00 	 6.412788e+08 	 0.500000 
1202688.00 	 6.406813e+08 	 0.500000 
1203552.00 	 6.400848e+08 	 0.500000 
1204416.00 	 6.394893e+08 	 0.500000 
1205280.00 	 6.388947e+08 	 0.500000 
1206144.00 	 6.383012e+08 	 0.500000 
1207008.00 	 6.377086e+08 	 0.500000 
1207872.00 	 6.371170e+08 	 0.500000 
1208736.00 	 6.365263e+08 	 0.500000 
1209600.00 	 6.359367e+08 	 0.500000 
1210464.00 	 6.353480e+08 	 0.500000 
1211328.00 	 6.347602e+08 	 0.500000 
1212192.00 	 6.341735e+08 	 0.500000 
1213056.00 	 6.335876e+08 	 0.500000 
1213920.00 	 6.330028e+08 	 0.500000 
1214784.00 	 6.324189e+08 	 0.500000 
1215648.00 	 6.318359e+08 	 0.500000 
1216512.00 	 6.312540e+08 	 0.500000 
1217376.00 	 6.306729e+08 	 0.500000 
1218240.00 	 6.300928e+08 	 0.500000 
1219104.00 	 6.295137e+08 	 0.500000 
1219968.00 	 6.289355e+08 	 0.500000 
1220832.00 	 6.283582e+08 	 0.500000 
1221696.00 	 6.277819e+08 	 0.500000 
1222560.00 	 6.272065e+08 	 0.500000 
1223424.00 	 6.266320e+08 	 0.500000 
1224288.00 	 6.260585e+08 	 0.500000 
1225152.00 	 6.254859e+08 	 0.500000 
1226016.00 	 6.249143e+08 	 0.500000 
1226880.00 	 6.243435e+08 	 0.500000 
1227744.00 	 6.237737e+08 	 0.500000 
1228608.00 	 6.232048e+08 	 0.500000 
1229472.00 	 6.226368e+08 	 0.500000 
1230336.00 	 6.220698e+08 	 0.500000 
1231200.00 	 6.215036e+08 	 0.500000 
1232064.00 	 6.209384e+08 	 0.500000 
1232928.00 	 6.203741e+08 	 0.500000 
1233792.00 	 6.198107e+08 	 0.500000 
1234656.00 	 6.192481e+08 	 0.500000 
1235520.00 	 6.186865e+08 	 0.500000 
1236384.00 	 6.181258e+08 	 0.500000 
1237248.00 	 6.175660e+08 	 0.500000 
1238112.00 	 6.170071e+08 	 0.500000 
1238976.00 	 6.164491e+08 	 0.500000 
1239840.00 	 6.158920e+08 	 0.500000 
1240704.00 	 6.153358e+08 	 0.500000 
1241568.00 	 6.147805e+08 	 0.500000 
1242432.00 	 6.142260e+08 	 0.500000 
1243296.00 	 6.136725e+08 	 0.500000 
1244160.00 	 6.131198e+08 	 0.500000 
1245024.00 	 6.125680e+08 	 0.500000 
1245888.00 	 6.120171e+08 	 0.500000 
1246752.00 	 6.114671e+08 	 0.500000 
1247616.00 	 6.109179e+08 	 0.500000 
1248480.00 	 6.103696e+08 	 0.500000 
1249344.00 	 6.098222e+08 	 0.500000 
1250208.00 	 6.092757e+08 	 0.500000 
1251072.00 	 6.087300e+08 	 0.500000 
1251936.00 	 6.081852e+08 	 0.500000 
1252800.00 	 6.076413e+08 	 0.500000 
1253664.00 	 6.070982e+08 	 0.500000 
1254528.00 	 6.065560e+08 	 0.500000 
1255392.00 	 6.060146e+08 	 0.500000 
1256256.00 	 6.054741e+08 	 0.500000 
1257120.00 	 6.049344e+08 	 0.500000 
1257984.00 	 6.043956e+08 	 0.500000 
1258848.00 	 6.038577e+08 	 0.500000 
1259712.00 	 6.033206e+08 	 0.500000 
1260576.00 	 6.027843e+08 	 0.500000 
1261440.00 	 6.022489e+08 	 0.500000 
1262304.00 	 6.017143e+08 	 0.500000 
1263168.00 	 6.011806e+08 	 0.500000 
1264032.00 	 6.006477e+08 	 0.500000 
1264896.00 	 6.001157e+08 	 0.500000 
1265760.00 	 5.995844e+08 	 0.500000 
1266624.00 	 5.990541e+08 	 0.500000 
1267488.00 	 5.985245e+08 	 0.500000 
1268352.00 	 5.979958e+08 	 0.500000 
1269216.00 	 5.974679e+08 	 0.500000 
1270080.00 	 5.969408e+08 	 0.500000 
1270944.00 	 5.964146e+08 	 0.500000 
1271808.00 	 5.958891e+08 	 0.500000 
1272672.00 	 5.953645e+08 	 0.500000 
1273536.00 	 5.948407e+08 	 0.500000 
1274400.00 	 5.943178e+08 	 0.500000 
1275264.00 	 5.937956e+08 	 0.500000 
1276128.00 	 5.932743e+08 	 0.500000 
1276992.00 	 5.927537e+08 	 0.500000 
1277856.00 	 5.922340e+08 	 0.500000 
1278720.00 	 5.917151e+08 	 0.500000 
1279584.00 	 5.911970e+08 	 0.500000 
1280448.00 	 5.906797e+08 	 0.500000 
1281312.00 	 5.901632e+08 	 0.500000 
1282176.00 	 5.896475e+08 	 0.500000 
1283040.00 	 5.891325e+08 	 0.500000 
1283904.00 	 5.886184e+08 	 0.500000 
1284768.00 	 5.881051e+08 	 0.500000 
1285632.00 	 5.875926e+08 	 0.500000 
1286496.00 	 5.870809e+08 	 0.500000 
1287360.00 	 5.865699e+08 	 0.500000 
1288224.00 	 5.860598e+08 	 0.500000 
1289088.00 	 5.855504e+08 	 0.500000 
1289952.00 	 5.850418e+08 	 0.500000 
1290816.00 	 5.845340e+08 	 0.500000 
1291680.00 	 5.840270e+08 	 0.500000 
1292544.00 	 5.835208e+08 	 0.500000 
1293408.00 	 5.830153e+08 	 0.500000 
1294272.00 	 5.825106e+08 	 0.500000 
1295136.00 	 5.820067e+08 	 0.500000 
1296000.00 	 5.815036e+08 	 0.500000 
