10 2.331186e+15 86400 
2.098068e+15 2.098068e+15 2.098068e+15 2.083818e-47 0.4
2.098068e+15 2.098068e+15 1.631830e+15 2.575405e-47 0.4
2.098068e+15 2.098068e+15 1.165593e+15 3.086787e-47 0.4
2.098068e+15 2.098068e+15 6.993558e+14 3.530002e-47 0.4
2.098068e+15 2.098068e+15 2.331186e+14 3.793043e-47 0.4
2.098068e+15 2.098068e+15 -2.331186e+14 3.793043e-47 0.4
2.098068e+15 2.098068e+15 -6.993558e+14 3.530002e-47 0.4
2.098068e+15 2.098068e+15 -1.165593e+15 3.086787e-47 0.4
2.098068e+15 2.098068e+15 -1.631830e+15 2.575405e-47 0.4
2.098068e+15 2.098068e+15 -2.098068e+15 2.083818e-47 0.4
2.098068e+15 1.631830e+15 2.098068e+15 2.575405e-47 0.4
2.098068e+15 1.631830e+15 1.631830e+15 3.296018e-47 0.4
2.098068e+15 1.631830e+15 1.165593e+15 4.090455e-47 0.4
2.098068e+15 1.631830e+15 6.993558e+14 4.816670e-47 0.4
2.098068e+15 1.631830e+15 2.331186e+14 5.264561e-47 0.4
2.098068e+15 1.631830e+15 -2.331186e+14 5.264561e-47 0.4
2.098068e+15 1.631830e+15 -6.993558e+14 4.816670e-47 0.4
2.098068e+15 1.631830e+15 -1.165593e+15 4.090455e-47 0.4
2.098068e+15 1.631830e+15 -1.631830e+15 3.296018e-47 0.4
2.098068e+15 1.631830e+15 -2.098068e+15 2.575405e-47 0.4
2.098068e+15 1.165593e+15 2.098068e+15 3.086787e-47 0.4
2.098068e+15 1.165593e+15 1.631830e+15 4.090455e-47 0.4
2.098068e+15 1.165593e+15 1.165593e+15 5.264561e-47 0.4
2.098068e+15 1.165593e+15 6.993558e+14 6.400625e-47 0.4
2.098068e+15 1.165593e+15 2.331186e+14 7.131707e-47 0.4
2.098068e+15 1.165593e+15 -2.331186e+14 7.131707e-47 0.4
2.098068e+15 1.165593e+15 -6.993558e+14 6.400625e-47 0.4
2.098068e+15 1.165593e+15 -1.165593e+15 5.264561e-47 0.4
2.098068e+15 1.165593e+15 -1.631830e+15 4.090455e-47 0.4
2.098068e+15 1.165593e+15 -2.098068e+15 3.086787e-47 0.4
2.098068e+15 6.993558e+14 2.098068e+15 3.530002e-47 0.4
2.098068e+15 6.993558e+14 1.631830e+15 4.816670e-47 0.4
2.098068e+15 6.993558e+14 1.165593e+15 6.400625e-47 0.4
2.098068e+15 6.993558e+14 6.993558e+14 5.837676e-43 0.2
2.098068e+15 6.993558e+14 2.331186e+14 8.177399e-43 0.2
2.098068e+15 6.993558e+14 -2.331186e+14 8.177399e-43 0.2
2.098068e+15 6.993558e+14 -6.993558e+14 5.837676e-43 0.2
2.098068e+15 6.993558e+14 -1.165593e+15 6.400625e-47 0.4
2.098068e+15 6.993558e+14 -1.631830e+15 4.816670e-47 0.4
2.098068e+15 6.993558e+14 -2.098068e+15 3.530002e-47 0.4
2.098068e+15 2.331186e+14 2.098068e+15 3.793043e-47 0.4
2.098068e+15 2.331186e+14 1.631830e+15 5.264561e-47 0.4
2.098068e+15 2.331186e+14 1.165593e+15 7.131707e-47 0.4
2.098068e+15 2.331186e+14 6.993558e+14 7.450519e-43 0.2
2.098068e+15 2.331186e+14 2.331186e+14 1.076564e-42 0.2
2.098068e+15 2.331186e+14 -2.331186e+14 1.076564e-42 0.2
2.098068e+15 2.331186e+14 -6.993558e+14 7.450519e-43 0.2
2.098068e+15 2.331186e+14 -1.165593e+15 7.131707e-47 0.4
2.098068e+15 2.331186e+14 -1.631830e+15 5.264561e-47 0.4
2.098068e+15 2.331186e+14 -2.098068e+15 3.793043e-47 0.4
2.098068e+15 -2.331186e+14 2.098068e+15 3.793043e-47 0.4
2.098068e+15 -2.331186e+14 1.631830e+15 5.264561e-47 0.4
2.098068e+15 -2.331186e+14 1.165593e+15 7.131707e-47 0.4
2.098068e+15 -2.331186e+14 6.993558e+14 7.450519e-43 0.2
2.098068e+15 -2.331186e+14 2.331186e+14 1.076564e-42 0.2
2.098068e+15 -2.331186e+14 -2.331186e+14 1.076564e-42 0.2
2.098068e+15 -2.331186e+14 -6.993558e+14 7.450519e-43 0.2
2.098068e+15 -2.331186e+14 -1.165593e+15 7.131707e-47 0.4
2.098068e+15 -2.331186e+14 -1.631830e+15 5.264561e-47 0.4
2.098068e+15 -2.331186e+14 -2.098068e+15 3.793043e-47 0.4
2.098068e+15 -6.993558e+14 2.098068e+15 3.530002e-47 0.4
2.098068e+15 -6.993558e+14 1.631830e+15 4.816670e-47 0.4
2.098068e+15 -6.993558e+14 1.165593e+15 6.400625e-47 0.4
2.098068e+15 -6.993558e+14 6.993558e+14 5.837676e-43 0.2
2.098068e+15 -6.993558e+14 2.331186e+14 8.177399e-43 0.2
2.098068e+15 -6.993558e+14 -2.331186e+14 8.177399e-43 0.2
2.098068e+15 -6.993558e+14 -6.993558e+14 5.837676e-43 0.2
2.098068e+15 -6.993558e+14 -1.165593e+15 6.400625e-47 0.4
2.098068e+15 -6.993558e+14 -1.631830e+15 4.816670e-47 0.4
2.098068e+15 -6.993558e+14 -2.098068e+15 3.530002e-47 0.4
2.098068e+15 -1.165593e+15 2.098068e+15 3.086787e-47 0.4
2.098068e+15 -1.165593e+15 1.631830e+15 4.090455e-47 0.4
2.098068e+15 -1.165593e+15 1.165593e+15 5.264561e-47 0.4
2.098068e+15 -1.165593e+15 6.993558e+14 6.400625e-47 0.4
2.098068e+15 -1.165593e+15 2.331186e+14 7.131707e-47 0.4
2.098068e+15 -1.165593e+15 -2.331186e+14 7.131707e-47 0.4
2.098068e+15 -1.165593e+15 -6.993558e+14 6.400625e-47 0.4
2.098068e+15 -1.165593e+15 -1.165593e+15 5.264561e-47 0.4
2.098068e+15 -1.165593e+15 -1.631830e+15 4.090455e-47 0.4
2.098068e+15 -1.165593e+15 -2.098068e+15 3.086787e-47 0.4
2.098068e+15 -1.631830e+15 2.098068e+15 2.575405e-47 0.4
2.098068e+15 -1.631830e+15 1.631830e+15 3.296018e-47 0.4
2.098068e+15 -1.631830e+15 1.165593e+15 4.090455e-47 0.4
2.098068e+15 -1.631830e+15 6.993558e+14 4.816670e-47 0.4
2.098068e+15 -1.631830e+15 2.331186e+14 5.264561e-47 0.4
2.098068e+15 -1.631830e+15 -2.331186e+14 5.264561e-47 0.4
2.098068e+15 -1.631830e+15 -6.993558e+14 4.816670e-47 0.4
2.098068e+15 -1.631830e+15 -1.165593e+15 4.090455e-47 0.4
2.098068e+15 -1.631830e+15 -1.631830e+15 3.296018e-47 0.4
2.098068e+15 -1.631830e+15 -2.098068e+15 2.575405e-47 0.4
2.098068e+15 -2.098068e+15 2.098068e+15 2.083818e-47 0.4
2.098068e+15 -2.098068e+15 1.631830e+15 2.575405e-47 0.4
2.098068e+15 -2.098068e+15 1.165593e+15 3.086787e-47 0.4
2.098068e+15 -2.098068e+15 6.993558e+14 3.530002e-47 0.4
2.098068e+15 -2.098068e+15 2.331186e+14 3.793043e-47 0.4
2.098068e+15 -2.098068e+15 -2.331186e+14 3.793043e-47 0.4
2.098068e+15 -2.098068e+15 -6.993558e+14 3.530002e-47 0.4
2.098068e+15 -2.098068e+15 -1.165593e+15 3.086787e-47 0.4
2.098068e+15 -2.098068e+15 -1.631830e+15 2.575405e-47 0.4
2.098068e+15 -2.098068e+15 -2.098068e+15 2.083818e-47 0.4
1.631830e+15 2.098068e+15 2.098068e+15 2.575405e-47 0.4
1.631830e+15 2.098068e+15 1.631830e+15 3.296018e-47 0.4
1.631830e+15 2.098068e+15 1.165593e+15 4.090455e-47 0.4
1.631830e+15 2.098068e+15 6.993558e+14 4.816670e-47 0.4
1.631830e+15 2.098068e+15 2.331186e+14 5.264561e-47 0.4
1.631830e+15 2.098068e+15 -2.331186e+14 5.264561e-47 0.4
1.631830e+15 2.098068e+15 -6.993558e+14 4.816670e-47 0.4
1.631830e+15 2.098068e+15 -1.165593e+15 4.090455e-47 0.4
1.631830e+15 2.098068e+15 -1.631830e+15 3.296018e-47 0.4
1.631830e+15 2.098068e+15 -2.098068e+15 2.575405e-47 0.4
1.631830e+15 1.631830e+15 2.098068e+15 3.296018e-47 0.4
1.631830e+15 1.631830e+15 1.631830e+15 4.428872e-47 0.4
1.631830e+15 1.631830e+15 1.165593e+15 5.786440e-47 0.4
1.631830e+15 1.631830e+15 6.993558e+14 7.131707e-47 0.4
1.631830e+15 1.631830e+15 2.331186e+14 6.356581e-43 0.2
1.631830e+15 1.631830e+15 -2.331186e+14 6.356581e-43 0.2
1.631830e+15 1.631830e+15 -6.993558e+14 7.131707e-47 0.4
1.631830e+15 1.631830e+15 -1.165593e+15 5.786440e-47 0.4
1.631830e+15 1.631830e+15 -1.631830e+15 4.428872e-47 0.4
1.631830e+15 1.631830e+15 -2.098068e+15 3.296018e-47 0.4
1.631830e+15 1.165593e+15 2.098068e+15 4.090455e-47 0.4
1.631830e+15 1.165593e+15 1.631830e+15 5.786440e-47 0.4
1.631830e+15 1.165593e+15 1.165593e+15 4.799867e-43 0.2
1.631830e+15 1.165593e+15 6.993558e+14 9.715331e-43 0.2
1.631830e+15 1.165593e+15 2.331186e+14 1.457219e-42 0.2
1.631830e+15 1.165593e+15 -2.331186e+14 1.457219e-42 0.2
1.631830e+15 1.165593e+15 -6.993558e+14 9.715331e-43 0.2
1.631830e+15 1.165593e+15 -1.165593e+15 4.799867e-43 0.2
1.631830e+15 1.165593e+15 -1.631830e+15 5.786440e-47 0.4
1.631830e+15 1.165593e+15 -2.098068e+15 4.090455e-47 0.4
1.631830e+15 6.993558e+14 2.098068e+15 4.816670e-47 0.4
1.631830e+15 6.993558e+14 1.631830e+15 7.131707e-47 0.4
1.631830e+15 6.993558e+14 1.165593e+15 7.614719e-43 0.2
1.631830e+15 6.993558e+14 6.993558e+14 1.793358e-42 0.2
1.631830e+15 6.993558e+14 2.331186e+14 2.982347e-42 0.2
1.631830e+15 6.993558e+14 -2.331186e+14 2.982347e-42 0.2
1.631830e+15 6.993558e+14 -6.993558e+14 1.793358e-42 0.2
1.631830e+15 6.993558e+14 -1.165593e+15 7.614719e-43 0.2
1.631830e+15 6.993558e+14 -1.631830e+15 7.131707e-47 0.4
1.631830e+15 6.993558e+14 -2.098068e+15 4.816670e-47 0.4
1.631830e+15 2.331186e+14 2.098068e+15 5.264561e-47 0.4
1.631830e+15 2.331186e+14 1.631830e+15 3.243153e-43 0.2
1.631830e+15 2.331186e+14 1.165593e+15 9.846077e-43 0.2
1.631830e+15 2.331186e+14 6.993558e+14 2.570989e-42 0.2
1.631830e+15 2.331186e+14 2.331186e+14 4.604978e-42 0.2
1.631830e+15 2.331186e+14 -2.331186e+14 4.604978e-42 0.2
1.631830e+15 2.331186e+14 -6.993558e+14 2.570989e-42 0.2
1.631830e+15 2.331186e+14 -1.165593e+15 9.846077e-43 0.2
1.631830e+15 2.331186e+14 -1.631830e+15 3.243153e-43 0.2
1.631830e+15 2.331186e+14 -2.098068e+15 5.264561e-47 0.4
1.631830e+15 -2.331186e+14 2.098068e+15 5.264561e-47 0.4
1.631830e+15 -2.331186e+14 1.631830e+15 3.243153e-43 0.2
1.631830e+15 -2.331186e+14 1.165593e+15 9.846077e-43 0.2
1.631830e+15 -2.331186e+14 6.993558e+14 2.570989e-42 0.2
1.631830e+15 -2.331186e+14 2.331186e+14 4.604978e-42 0.2
1.631830e+15 -2.331186e+14 -2.331186e+14 4.604978e-42 0.2
1.631830e+15 -2.331186e+14 -6.993558e+14 2.570989e-42 0.2
1.631830e+15 -2.331186e+14 -1.165593e+15 9.846077e-43 0.2
1.631830e+15 -2.331186e+14 -1.631830e+15 3.243153e-43 0.2
1.631830e+15 -2.331186e+14 -2.098068e+15 5.264561e-47 0.4
1.631830e+15 -6.993558e+14 2.098068e+15 4.816670e-47 0.4
1.631830e+15 -6.993558e+14 1.631830e+15 7.131707e-47 0.4
1.631830e+15 -6.993558e+14 1.165593e+15 7.614719e-43 0.2
1.631830e+15 -6.993558e+14 6.993558e+14 1.793358e-42 0.2
1.631830e+15 -6.993558e+14 2.331186e+14 2.982347e-42 0.2
1.631830e+15 -6.993558e+14 -2.331186e+14 2.982347e-42 0.2
1.631830e+15 -6.993558e+14 -6.993558e+14 1.793358e-42 0.2
1.631830e+15 -6.993558e+14 -1.165593e+15 7.614719e-43 0.2
1.631830e+15 -6.993558e+14 -1.631830e+15 7.131707e-47 0.4
1.631830e+15 -6.993558e+14 -2.098068e+15 4.816670e-47 0.4
1.631830e+15 -1.165593e+15 2.098068e+15 4.090455e-47 0.4
1.631830e+15 -1.165593e+15 1.631830e+15 5.786440e-47 0.4
1.631830e+15 -1.165593e+15 1.165593e+15 4.799867e-43 0.2
1.631830e+15 -1.165593e+15 6.993558e+14 9.715331e-43 0.2
1.631830e+15 -1.165593e+15 2.331186e+14 1.457219e-42 0.2
1.631830e+15 -1.165593e+15 -2.331186e+14 1.457219e-42 0.2
1.631830e+15 -1.165593e+15 -6.993558e+14 9.715331e-43 0.2
1.631830e+15 -1.165593e+15 -1.165593e+15 4.799867e-43 0.2
1.631830e+15 -1.165593e+15 -1.631830e+15 5.786440e-47 0.4
1.631830e+15 -1.165593e+15 -2.098068e+15 4.090455e-47 0.4
1.631830e+15 -1.631830e+15 2.098068e+15 3.296018e-47 0.4
1.631830e+15 -1.631830e+15 1.631830e+15 4.428872e-47 0.4
1.631830e+15 -1.631830e+15 1.165593e+15 5.786440e-47 0.4
1.631830e+15 -1.631830e+15 6.993558e+14 7.131707e-47 0.4
1.631830e+15 -1.631830e+15 2.331186e+14 6.356581e-43 0.2
1.631830e+15 -1.631830e+15 -2.331186e+14 6.356581e-43 0.2
1.631830e+15 -1.631830e+15 -6.993558e+14 7.131707e-47 0.4
1.631830e+15 -1.631830e+15 -1.165593e+15 5.786440e-47 0.4
1.631830e+15 -1.631830e+15 -1.631830e+15 4.428872e-47 0.4
1.631830e+15 -1.631830e+15 -2.098068e+15 3.296018e-47 0.4
1.631830e+15 -2.098068e+15 2.098068e+15 2.575405e-47 0.4
1.631830e+15 -2.098068e+15 1.631830e+15 3.296018e-47 0.4
1.631830e+15 -2.098068e+15 1.165593e+15 4.090455e-47 0.4
1.631830e+15 -2.098068e+15 6.993558e+14 4.816670e-47 0.4
1.631830e+15 -2.098068e+15 2.331186e+14 5.264561e-47 0.4
1.631830e+15 -2.098068e+15 -2.331186e+14 5.264561e-47 0.4
1.631830e+15 -2.098068e+15 -6.993558e+14 4.816670e-47 0.4
1.631830e+15 -2.098068e+15 -1.165593e+15 4.090455e-47 0.4
1.631830e+15 -2.098068e+15 -1.631830e+15 3.296018e-47 0.4
1.631830e+15 -2.098068e+15 -2.098068e+15 2.575405e-47 0.4
1.165593e+15 2.098068e+15 2.098068e+15 3.086787e-47 0.4
1.165593e+15 2.098068e+15 1.631830e+15 4.090455e-47 0.4
1.165593e+15 2.098068e+15 1.165593e+15 5.264561e-47 0.4
1.165593e+15 2.098068e+15 6.993558e+14 6.400625e-47 0.4
1.165593e+15 2.098068e+15 2.331186e+14 7.131707e-47 0.4
1.165593e+15 2.098068e+15 -2.331186e+14 7.131707e-47 0.4
1.165593e+15 2.098068e+15 -6.993558e+14 6.400625e-47 0.4
1.165593e+15 2.098068e+15 -1.165593e+15 5.264561e-47 0.4
1.165593e+15 2.098068e+15 -1.631830e+15 4.090455e-47 0.4
1.165593e+15 2.098068e+15 -2.098068e+15 3.086787e-47 0.4
1.165593e+15 1.631830e+15 2.098068e+15 4.090455e-47 0.4
1.165593e+15 1.631830e+15 1.631830e+15 5.786440e-47 0.4
1.165593e+15 1.631830e+15 1.165593e+15 4.799867e-43 0.2
1.165593e+15 1.631830e+15 6.993558e+14 9.715331e-43 0.2
1.165593e+15 1.631830e+15 2.331186e+14 1.457219e-42 0.2
1.165593e+15 1.631830e+15 -2.331186e+14 1.457219e-42 0.2
1.165593e+15 1.631830e+15 -6.993558e+14 9.715331e-43 0.2
1.165593e+15 1.631830e+15 -1.165593e+15 4.799867e-43 0.2
1.165593e+15 1.631830e+15 -1.631830e+15 5.786440e-47 0.4
1.165593e+15 1.631830e+15 -2.098068e+15 4.090455e-47 0.4
1.165593e+15 1.165593e+15 2.098068e+15 5.264561e-47 0.4
1.165593e+15 1.165593e+15 1.631830e+15 3.243153e-43 0.2
1.165593e+15 1.165593e+15 1.165593e+15 9.846077e-43 0.2
1.165593e+15 1.165593e+15 6.993558e+14 2.570989e-42 0.2
1.165593e+15 1.165593e+15 2.331186e+14 4.604978e-42 0.2
1.165593e+15 1.165593e+15 -2.331186e+14 4.604978e-42 0.2
1.165593e+15 1.165593e+15 -6.993558e+14 2.570989e-42 0.2
1.165593e+15 1.165593e+15 -1.165593e+15 9.846077e-43 0.2
1.165593e+15 1.165593e+15 -1.631830e+15 3.243153e-43 0.2
1.165593e+15 1.165593e+15 -2.098068e+15 5.264561e-47 0.4
1.165593e+15 6.993558e+14 2.098068e+15 6.400625e-47 0.4
1.165593e+15 6.993558e+14 1.631830e+15 4.463801e-43 0.4
1.165593e+15 6.993558e+14 1.165593e+15 1.748273e-42 0.2
1.165593e+15 6.993558e+14 6.993558e+14 6.196456e-42 0.2
1.165593e+15 6.993558e+14 2.331186e+14 1.411708e-41 0.2
1.165593e+15 6.993558e+14 -2.331186e+14 1.411708e-41 0.2
1.165593e+15 6.993558e+14 -6.993558e+14 6.196456e-42 0.2
1.165593e+15 6.993558e+14 -1.165593e+15 1.748273e-42 0.2
1.165593e+15 6.993558e+14 -1.631830e+15 4.463801e-43 0.4
1.165593e+15 6.993558e+14 -2.098068e+15 6.400625e-47 0.4
1.165593e+15 2.331186e+14 2.098068e+15 7.131707e-47 0.4
1.165593e+15 2.331186e+14 1.631830e+15 5.119960e-43 0.4
1.165593e+15 2.331186e+14 1.165593e+15 2.394589e-42 0.2
1.165593e+15 2.331186e+14 6.993558e+14 1.079542e-41 0.2
1.165593e+15 2.331186e+14 2.331186e+14 3.048292e-41 0.2
1.165593e+15 2.331186e+14 -2.331186e+14 3.048292e-41 0.2
1.165593e+15 2.331186e+14 -6.993558e+14 1.079542e-41 0.2
1.165593e+15 2.331186e+14 -1.165593e+15 2.394589e-42 0.2
1.165593e+15 2.331186e+14 -1.631830e+15 5.119960e-43 0.4
1.165593e+15 2.331186e+14 -2.098068e+15 7.131707e-47 0.4
1.165593e+15 -2.331186e+14 2.098068e+15 7.131707e-47 0.4
1.165593e+15 -2.331186e+14 1.631830e+15 5.119960e-43 0.4
1.165593e+15 -2.331186e+14 1.165593e+15 2.394589e-42 0.2
1.165593e+15 -2.331186e+14 6.993558e+14 1.079542e-41 0.2
1.165593e+15 -2.331186e+14 2.331186e+14 3.048292e-41 0.2
1.165593e+15 -2.331186e+14 -2.331186e+14 3.048292e-41 0.2
1.165593e+15 -2.331186e+14 -6.993558e+14 1.079542e-41 0.2
1.165593e+15 -2.331186e+14 -1.165593e+15 2.394589e-42 0.2
1.165593e+15 -2.331186e+14 -1.631830e+15 5.119960e-43 0.4
1.165593e+15 -2.331186e+14 -2.098068e+15 7.131707e-47 0.4
1.165593e+15 -6.993558e+14 2.098068e+15 6.400625e-47 0.4
1.165593e+15 -6.993558e+14 1.631830e+15 4.463801e-43 0.4
1.165593e+15 -6.993558e+14 1.165593e+15 1.748273e-42 0.2
1.165593e+15 -6.993558e+14 6.993558e+14 6.196456e-42 0.2
1.165593e+15 -6.993558e+14 2.331186e+14 1.411708e-41 0.2
1.165593e+15 -6.993558e+14 -2.331186e+14 1.411708e-41 0.2
1.165593e+15 -6.993558e+14 -6.993558e+14 6.196456e-42 0.2
1.165593e+15 -6.993558e+14 -1.165593e+15 1.748273e-42 0.2
1.165593e+15 -6.993558e+14 -1.631830e+15 4.463801e-43 0.4
1.165593e+15 -6.993558e+14 -2.098068e+15 6.400625e-47 0.4
1.165593e+15 -1.165593e+15 2.098068e+15 5.264561e-47 0.4
1.165593e+15 -1.165593e+15 1.631830e+15 3.243153e-43 0.2
1.165593e+15 -1.165593e+15 1.165593e+15 9.846077e-43 0.2
1.165593e+15 -1.165593e+15 6.993558e+14 2.570989e-42 0.2
1.165593e+15 -1.165593e+15 2.331186e+14 4.604978e-42 0.2
1.165593e+15 -1.165593e+15 -2.331186e+14 4.604978e-42 0.2
1.165593e+15 -1.165593e+15 -6.993558e+14 2.570989e-42 0.2
1.165593e+15 -1.165593e+15 -1.165593e+15 9.846077e-43 0.2
1.165593e+15 -1.165593e+15 -1.631830e+15 3.243153e-43 0.2
1.165593e+15 -1.165593e+15 -2.098068e+15 5.264561e-47 0.4
1.165593e+15 -1.631830e+15 2.098068e+15 4.090455e-47 0.4
1.165593e+15 -1.631830e+15 1.631830e+15 5.786440e-47 0.4
1.165593e+15 -1.631830e+15 1.165593e+15 4.799867e-43 0.2
1.165593e+15 -1.631830e+15 6.993558e+14 9.715331e-43 0.2
1.165593e+15 -1.631830e+15 2.331186e+14 1.457219e-42 0.2
1.165593e+15 -1.631830e+15 -2.331186e+14 1.457219e-42 0.2
1.165593e+15 -1.631830e+15 -6.993558e+14 9.715331e-43 0.2
1.165593e+15 -1.631830e+15 -1.165593e+15 4.799867e-43 0.2
1.165593e+15 -1.631830e+15 -1.631830e+15 5.786440e-47 0.4
1.165593e+15 -1.631830e+15 -2.098068e+15 4.090455e-47 0.4
1.165593e+15 -2.098068e+15 2.098068e+15 3.086787e-47 0.4
1.165593e+15 -2.098068e+15 1.631830e+15 4.090455e-47 0.4
1.165593e+15 -2.098068e+15 1.165593e+15 5.264561e-47 0.4
1.165593e+15 -2.098068e+15 6.993558e+14 6.400625e-47 0.4
1.165593e+15 -2.098068e+15 2.331186e+14 7.131707e-47 0.4
1.165593e+15 -2.098068e+15 -2.331186e+14 7.131707e-47 0.4
1.165593e+15 -2.098068e+15 -6.993558e+14 6.400625e-47 0.4
1.165593e+15 -2.098068e+15 -1.165593e+15 5.264561e-47 0.4
1.165593e+15 -2.098068e+15 -1.631830e+15 4.090455e-47 0.4
1.165593e+15 -2.098068e+15 -2.098068e+15 3.086787e-47 0.4
6.993558e+14 2.098068e+15 2.098068e+15 3.530002e-47 0.4
6.993558e+14 2.098068e+15 1.631830e+15 4.816670e-47 0.4
6.993558e+14 2.098068e+15 1.165593e+15 6.400625e-47 0.4
6.993558e+14 2.098068e+15 6.993558e+14 5.837676e-43 0.2
6.993558e+14 2.098068e+15 2.331186e+14 8.177399e-43 0.2
6.993558e+14 2.098068e+15 -2.331186e+14 8.177399e-43 0.2
6.993558e+14 2.098068e+15 -6.993558e+14 5.837676e-43 0.2
6.993558e+14 2.098068e+15 -1.165593e+15 6.400625e-47 0.4
6.993558e+14 2.098068e+15 -1.631830e+15 4.816670e-47 0.4
6.993558e+14 2.098068e+15 -2.098068e+15 3.530002e-47 0.4
6.993558e+14 1.631830e+15 2.098068e+15 4.816670e-47 0.4
6.993558e+14 1.631830e+15 1.631830e+15 7.131707e-47 0.4
6.993558e+14 1.631830e+15 1.165593e+15 7.614719e-43 0.2
6.993558e+14 1.631830e+15 6.993558e+14 1.793358e-42 0.2
6.993558e+14 1.631830e+15 2.331186e+14 2.982347e-42 0.2
6.993558e+14 1.631830e+15 -2.331186e+14 2.982347e-42 0.2
6.993558e+14 1.631830e+15 -6.993558e+14 1.793358e-42 0.2
6.993558e+14 1.631830e+15 -1.165593e+15 7.614719e-43 0.2
6.993558e+14 1.631830e+15 -1.631830e+15 7.131707e-47 0.4
6.993558e+14 1.631830e+15 -2.098068e+15 4.816670e-47 0.4
6.993558e+14 1.165593e+15 2.098068e+15 6.400625e-47 0.4
6.993558e+14 1.165593e+15 1.631830e+15 4.463801e-43 0.4
6.993558e+14 1.165593e+15 1.165593e+15 1.748273e-42 0.2
6.993558e+14 1.165593e+15 6.993558e+14 6.196456e-42 0.2
6.993558e+14 1.165593e+15 2.331186e+14 1.411708e-41 0.2
6.993558e+14 1.165593e+15 -2.331186e+14 1.411708e-41 0.2
6.993558e+14 1.165593e+15 -6.993558e+14 6.196456e-42 0.2
6.993558e+14 1.165593e+15 -1.165593e+15 1.748273e-42 0.2
6.993558e+14 1.165593e+15 -1.631830e+15 4.463801e-43 0.4
6.993558e+14 1.165593e+15 -2.098068e+15 6.400625e-47 0.4
6.993558e+14 6.993558e+14 2.098068e+15 1.167535e-43 0.4
6.993558e+14 6.993558e+14 1.631830e+15 5.565595e-43 0.4
6.993558e+14 6.993558e+14 1.165593e+15 3.280477e-42 0.4
6.993558e+14 6.993558e+14 6.993558e+14 2.110356e-41 0.2
6.993558e+14 6.993558e+14 2.331186e+14 8.605902e-41 0.2
6.993558e+14 6.993558e+14 -2.331186e+14 8.605902e-41 0.2
6.993558e+14 6.993558e+14 -6.993558e+14 2.110356e-41 0.2
6.993558e+14 6.993558e+14 -1.165593e+15 3.280477e-42 0.4
6.993558e+14 6.993558e+14 -1.631830e+15 5.565595e-43 0.4
6.993558e+14 6.993558e+14 -2.098068e+15 1.167535e-43 0.4
6.993558e+14 2.331186e+14 2.098068e+15 9.085999e-44 0.4
6.993558e+14 2.331186e+14 1.631830e+15 5.141978e-43 0.4
6.993558e+14 2.331186e+14 1.165593e+15 4.152084e-42 0.4
6.993558e+14 2.331186e+14 6.993558e+14 4.781056e-41 0.2
6.993558e+14 2.331186e+14 2.331186e+14 4.255666e-40 0.2
6.993558e+14 2.331186e+14 -2.331186e+14 4.255666e-40 0.2
6.993558e+14 2.331186e+14 -6.993558e+14 4.781056e-41 0.2
6.993558e+14 2.331186e+14 -1.165593e+15 4.152084e-42 0.4
6.993558e+14 2.331186e+14 -1.631830e+15 5.141978e-43 0.4
6.993558e+14 2.331186e+14 -2.098068e+15 9.085999e-44 0.4
6.993558e+14 -2.331186e+14 2.098068e+15 9.085999e-44 0.4
6.993558e+14 -2.331186e+14 1.631830e+15 5.141978e-43 0.4
6.993558e+14 -2.331186e+14 1.165593e+15 4.152084e-42 0.4
6.993558e+14 -2.331186e+14 6.993558e+14 4.781056e-41 0.2
6.993558e+14 -2.331186e+14 2.331186e+14 4.255666e-40 0.2
6.993558e+14 -2.331186e+14 -2.331186e+14 4.255666e-40 0.2
6.993558e+14 -2.331186e+14 -6.993558e+14 4.781056e-41 0.2
6.993558e+14 -2.331186e+14 -1.165593e+15 4.152084e-42 0.4
6.993558e+14 -2.331186e+14 -1.631830e+15 5.141978e-43 0.4
6.993558e+14 -2.331186e+14 -2.098068e+15 9.085999e-44 0.4
6.993558e+14 -6.993558e+14 2.098068e+15 1.167535e-43 0.4
6.993558e+14 -6.993558e+14 1.631830e+15 5.565595e-43 0.4
6.993558e+14 -6.993558e+14 1.165593e+15 3.280477e-42 0.4
6.993558e+14 -6.993558e+14 6.993558e+14 2.110356e-41 0.2
6.993558e+14 -6.993558e+14 2.331186e+14 8.605902e-41 0.2
6.993558e+14 -6.993558e+14 -2.331186e+14 8.605902e-41 0.2
6.993558e+14 -6.993558e+14 -6.993558e+14 2.110356e-41 0.2
6.993558e+14 -6.993558e+14 -1.165593e+15 3.280477e-42 0.4
6.993558e+14 -6.993558e+14 -1.631830e+15 5.565595e-43 0.4
6.993558e+14 -6.993558e+14 -2.098068e+15 1.167535e-43 0.4
6.993558e+14 -1.165593e+15 2.098068e+15 6.400625e-47 0.4
6.993558e+14 -1.165593e+15 1.631830e+15 4.463801e-43 0.4
6.993558e+14 -1.165593e+15 1.165593e+15 1.748273e-42 0.2
6.993558e+14 -1.165593e+15 6.993558e+14 6.196456e-42 0.2
6.993558e+14 -1.165593e+15 2.331186e+14 1.411708e-41 0.2
6.993558e+14 -1.165593e+15 -2.331186e+14 1.411708e-41 0.2
6.993558e+14 -1.165593e+15 -6.993558e+14 6.196456e-42 0.2
6.993558e+14 -1.165593e+15 -1.165593e+15 1.748273e-42 0.2
6.993558e+14 -1.165593e+15 -1.631830e+15 4.463801e-43 0.4
6.993558e+14 -1.165593e+15 -2.098068e+15 6.400625e-47 0.4
6.993558e+14 -1.631830e+15 2.098068e+15 4.816670e-47 0.4
6.993558e+14 -1.631830e+15 1.631830e+15 7.131707e-47 0.4
6.993558e+14 -1.631830e+15 1.165593e+15 7.614719e-43 0.2
6.993558e+14 -1.631830e+15 6.993558e+14 1.793358e-42 0.2
6.993558e+14 -1.631830e+15 2.331186e+14 2.982347e-42 0.2
6.993558e+14 -1.631830e+15 -2.331186e+14 2.982347e-42 0.2
6.993558e+14 -1.631830e+15 -6.993558e+14 1.793358e-42 0.2
6.993558e+14 -1.631830e+15 -1.165593e+15 7.614719e-43 0.2
6.993558e+14 -1.631830e+15 -1.631830e+15 7.131707e-47 0.4
6.993558e+14 -1.631830e+15 -2.098068e+15 4.816670e-47 0.4
6.993558e+14 -2.098068e+15 2.098068e+15 3.530002e-47 0.4
6.993558e+14 -2.098068e+15 1.631830e+15 4.816670e-47 0.4
6.993558e+14 -2.098068e+15 1.165593e+15 6.400625e-47 0.4
6.993558e+14 -2.098068e+15 6.993558e+14 5.837676e-43 0.2
6.993558e+14 -2.098068e+15 2.331186e+14 8.177399e-43 0.2
6.993558e+14 -2.098068e+15 -2.331186e+14 8.177399e-43 0.2
6.993558e+14 -2.098068e+15 -6.993558e+14 5.837676e-43 0.2
6.993558e+14 -2.098068e+15 -1.165593e+15 6.400625e-47 0.4
6.993558e+14 -2.098068e+15 -1.631830e+15 4.816670e-47 0.4
6.993558e+14 -2.098068e+15 -2.098068e+15 3.530002e-47 0.4
2.331186e+14 2.098068e+15 2.098068e+15 3.793043e-47 0.4
2.331186e+14 2.098068e+15 1.631830e+15 5.264561e-47 0.4
2.331186e+14 2.098068e+15 1.165593e+15 7.131707e-47 0.4
2.331186e+14 2.098068e+15 6.993558e+14 7.450519e-43 0.2
2.331186e+14 2.098068e+15 2.331186e+14 1.076564e-42 0.2
2.331186e+14 2.098068e+15 -2.331186e+14 1.076564e-42 0.2
2.331186e+14 2.098068e+15 -6.993558e+14 7.450519e-43 0.2
2.331186e+14 2.098068e+15 -1.165593e+15 7.131707e-47 0.4
2.331186e+14 2.098068e+15 -1.631830e+15 5.264561e-47 0.4
2.331186e+14 2.098068e+15 -2.098068e+15 3.793043e-47 0.4
2.331186e+14 1.631830e+15 2.098068e+15 5.264561e-47 0.4
2.331186e+14 1.631830e+15 1.631830e+15 3.243153e-43 0.2
2.331186e+14 1.631830e+15 1.165593e+15 9.846077e-43 0.2
2.331186e+14 1.631830e+15 6.993558e+14 2.570989e-42 0.2
2.331186e+14 1.631830e+15 2.331186e+14 4.604978e-42 0.2
2.331186e+14 1.631830e+15 -2.331186e+14 4.604978e-42 0.2
2.331186e+14 1.631830e+15 -6.993558e+14 2.570989e-42 0.2
2.331186e+14 1.631830e+15 -1.165593e+15 9.846077e-43 0.2
2.331186e+14 1.631830e+15 -1.631830e+15 3.243153e-43 0.2
2.331186e+14 1.631830e+15 -2.098068e+15 5.264561e-47 0.4
2.331186e+14 1.165593e+15 2.098068e+15 7.131707e-47 0.4
2.331186e+14 1.165593e+15 1.631830e+15 5.119960e-43 0.4
2.331186e+14 1.165593e+15 1.165593e+15 2.394589e-42 0.2
2.331186e+14 1.165593e+15 6.993558e+14 1.079542e-41 0.2
2.331186e+14 1.165593e+15 2.331186e+14 3.048292e-41 0.2
2.331186e+14 1.165593e+15 -2.331186e+14 3.048292e-41 0.2
2.331186e+14 1.165593e+15 -6.993558e+14 1.079542e-41 0.2
2.331186e+14 1.165593e+15 -1.165593e+15 2.394589e-42 0.2
2.331186e+14 1.165593e+15 -1.631830e+15 5.119960e-43 0.4
2.331186e+14 1.165593e+15 -2.098068e+15 7.131707e-47 0.4
2.331186e+14 6.993558e+14 2.098068e+15 9.085999e-44 0.4
2.331186e+14 6.993558e+14 1.631830e+15 5.141978e-43 0.4
2.331186e+14 6.993558e+14 1.165593e+15 4.152084e-42 0.4
2.331186e+14 6.993558e+14 6.993558e+14 4.781056e-41 0.2
2.331186e+14 6.993558e+14 2.331186e+14 4.255666e-40 0.2
2.331186e+14 6.993558e+14 -2.331186e+14 4.255666e-40 0.2
2.331186e+14 6.993558e+14 -6.993558e+14 4.781056e-41 0.2
2.331186e+14 6.993558e+14 -1.165593e+15 4.152084e-42 0.4
2.331186e+14 6.993558e+14 -1.631830e+15 5.141978e-43 0.4
2.331186e+14 6.993558e+14 -2.098068e+15 9.085999e-44 0.4
2.331186e+14 2.331186e+14 2.098068e+15 2.625765e-44 0.4
2.331186e+14 2.331186e+14 1.631830e+15 1.841991e-43 0.4
2.331186e+14 2.331186e+14 1.165593e+15 2.344840e-42 0.4
2.331186e+14 2.331186e+14 6.993558e+14 8.511332e-41 0.4
2.331186e+14 2.331186e+14 2.331186e+14 1.538450e-38 0.2
2.331186e+14 2.331186e+14 -2.331186e+14 1.538450e-38 0.2
2.331186e+14 2.331186e+14 -6.993558e+14 8.511332e-41 0.4
2.331186e+14 2.331186e+14 -1.165593e+15 2.344840e-42 0.4
2.331186e+14 2.331186e+14 -1.631830e+15 1.841991e-43 0.4
2.331186e+14 2.331186e+14 -2.098068e+15 2.625765e-44 0.4
2.331186e+14 -2.331186e+14 2.098068e+15 2.625765e-44 0.4
2.331186e+14 -2.331186e+14 1.631830e+15 1.841991e-43 0.4
2.331186e+14 -2.331186e+14 1.165593e+15 2.344840e-42 0.4
2.331186e+14 -2.331186e+14 6.993558e+14 8.511332e-41 0.4
2.331186e+14 -2.331186e+14 2.331186e+14 1.538450e-38 0.2
2.331186e+14 -2.331186e+14 -2.331186e+14 1.538450e-38 0.2
2.331186e+14 -2.331186e+14 -6.993558e+14 8.511332e-41 0.4
2.331186e+14 -2.331186e+14 -1.165593e+15 2.344840e-42 0.4
2.331186e+14 -2.331186e+14 -1.631830e+15 1.841991e-43 0.4
2.331186e+14 -2.331186e+14 -2.098068e+15 2.625765e-44 0.4
2.331186e+14 -6.993558e+14 2.098068e+15 9.085999e-44 0.4
2.331186e+14 -6.993558e+14 1.631830e+15 5.141978e-43 0.4
2.331186e+14 -6.993558e+14 1.165593e+15 4.152084e-42 0.4
2.331186e+14 -6.993558e+14 6.993558e+14 4.781056e-41 0.2
2.331186e+14 -6.993558e+14 2.331186e+14 4.255666e-40 0.2
2.331186e+14 -6.993558e+14 -2.331186e+14 4.255666e-40 0.2
2.331186e+14 -6.993558e+14 -6.993558e+14 4.781056e-41 0.2
2.331186e+14 -6.993558e+14 -1.165593e+15 4.152084e-42 0.4
2.331186e+14 -6.993558e+14 -1.631830e+15 5.141978e-43 0.4
2.331186e+14 -6.993558e+14 -2.098068e+15 9.085999e-44 0.4
2.331186e+14 -1.165593e+15 2.098068e+15 7.131707e-47 0.4
2.331186e+14 -1.165593e+15 1.631830e+15 5.119960e-43 0.4
2.331186e+14 -1.165593e+15 1.165593e+15 2.394589e-42 0.2
2.331186e+14 -1.165593e+15 6.993558e+14 1.079542e-41 0.2
2.331186e+14 -1.165593e+15 2.331186e+14 3.048292e-41 0.2
2.331186e+14 -1.165593e+15 -2.331186e+14 3.048292e-41 0.2
2.331186e+14 -1.165593e+15 -6.993558e+14 1.079542e-41 0.2
2.331186e+14 -1.165593e+15 -1.165593e+15 2.394589e-42 0.2
2.331186e+14 -1.165593e+15 -1.631830e+15 5.119960e-43 0.4
2.331186e+14 -1.165593e+15 -2.098068e+15 7.131707e-47 0.4
2.331186e+14 -1.631830e+15 2.098068e+15 5.264561e-47 0.4
2.331186e+14 -1.631830e+15 1.631830e+15 3.243153e-43 0.2
2.331186e+14 -1.631830e+15 1.165593e+15 9.846077e-43 0.2
2.331186e+14 -1.631830e+15 6.993558e+14 2.570989e-42 0.2
2.331186e+14 -1.631830e+15 2.331186e+14 4.604978e-42 0.2
2.331186e+14 -1.631830e+15 -2.331186e+14 4.604978e-42 0.2
2.331186e+14 -1.631830e+15 -6.993558e+14 2.570989e-42 0.2
2.331186e+14 -1.631830e+15 -1.165593e+15 9.846077e-43 0.2
2.331186e+14 -1.631830e+15 -1.631830e+15 3.243153e-43 0.2
2.331186e+14 -1.631830e+15 -2.098068e+15 5.264561e-47 0.4
2.331186e+14 -2.098068e+15 2.098068e+15 3.793043e-47 0.4
2.331186e+14 -2.098068e+15 1.631830e+15 5.264561e-47 0.4
2.331186e+14 -2.098068e+15 1.165593e+15 7.131707e-47 0.4
2.331186e+14 -2.098068e+15 6.993558e+14 7.450519e-43 0.2
2.331186e+14 -2.098068e+15 2.331186e+14 1.076564e-42 0.2
2.331186e+14 -2.098068e+15 -2.331186e+14 1.076564e-42 0.2
2.331186e+14 -2.098068e+15 -6.993558e+14 7.450519e-43 0.2
2.331186e+14 -2.098068e+15 -1.165593e+15 7.131707e-47 0.4
2.331186e+14 -2.098068e+15 -1.631830e+15 5.264561e-47 0.4
2.331186e+14 -2.098068e+15 -2.098068e+15 3.793043e-47 0.4
-2.331186e+14 2.098068e+15 2.098068e+15 3.793043e-47 0.4
-2.331186e+14 2.098068e+15 1.631830e+15 5.264561e-47 0.4
-2.331186e+14 2.098068e+15 1.165593e+15 7.131707e-47 0.4
-2.331186e+14 2.098068e+15 6.993558e+14 7.450519e-43 0.2
-2.331186e+14 2.098068e+15 2.331186e+14 1.076564e-42 0.2
-2.331186e+14 2.098068e+15 -2.331186e+14 1.076564e-42 0.2
-2.331186e+14 2.098068e+15 -6.993558e+14 7.450519e-43 0.2
-2.331186e+14 2.098068e+15 -1.165593e+15 7.131707e-47 0.4
-2.331186e+14 2.098068e+15 -1.631830e+15 5.264561e-47 0.4
-2.331186e+14 2.098068e+15 -2.098068e+15 3.793043e-47 0.4
-2.331186e+14 1.631830e+15 2.098068e+15 5.264561e-47 0.4
-2.331186e+14 1.631830e+15 1.631830e+15 3.243153e-43 0.2
-2.331186e+14 1.631830e+15 1.165593e+15 9.846077e-43 0.2
-2.331186e+14 1.631830e+15 6.993558e+14 2.570989e-42 0.2
-2.331186e+14 1.631830e+15 2.331186e+14 4.604978e-42 0.2
-2.331186e+14 1.631830e+15 -2.331186e+14 4.604978e-42 0.2
-2.331186e+14 1.631830e+15 -6.993558e+14 2.570989e-42 0.2
-2.331186e+14 1.631830e+15 -1.165593e+15 9.846077e-43 0.2
-2.331186e+14 1.631830e+15 -1.631830e+15 3.243153e-43 0.2
-2.331186e+14 1.631830e+15 -2.098068e+15 5.264561e-47 0.4
-2.331186e+14 1.165593e+15 2.098068e+15 7.131707e-47 0.4
-2.331186e+14 1.165593e+15 1.631830e+15 5.119960e-43 0.4
-2.331186e+14 1.165593e+15 1.165593e+15 2.394589e-42 0.2
-2.331186e+14 1.165593e+15 6.993558e+14 1.079542e-41 0.2
-2.331186e+14 1.165593e+15 2.331186e+14 3.048292e-41 0.2
-2.331186e+14 1.165593e+15 -2.331186e+14 3.048292e-41 0.2
-2.331186e+14 1.165593e+15 -6.993558e+14 1.079542e-41 0.2
-2.331186e+14 1.165593e+15 -1.165593e+15 2.394589e-42 0.2
-2.331186e+14 1.165593e+15 -1.631830e+15 5.119960e-43 0.4
-2.331186e+14 1.165593e+15 -2.098068e+15 7.131707e-47 0.4
-2.331186e+14 6.993558e+14 2.098068e+15 9.085999e-44 0.4
-2.331186e+14 6.993558e+14 1.631830e+15 5.141978e-43 0.4
-2.331186e+14 6.993558e+14 1.165593e+15 4.152084e-42 0.4
-2.331186e+14 6.993558e+14 6.993558e+14 4.781056e-41 0.2
-2.331186e+14 6.993558e+14 2.331186e+14 4.255666e-40 0.2
-2.331186e+14 6.993558e+14 -2.331186e+14 4.255666e-40 0.2
-2.331186e+14 6.993558e+14 -6.993558e+14 4.781056e-41 0.2
-2.331186e+14 6.993558e+14 -1.165593e+15 4.152084e-42 0.4
-2.331186e+14 6.993558e+14 -1.631830e+15 5.141978e-43 0.4
-2.331186e+14 6.993558e+14 -2.098068e+15 9.085999e-44 0.4
-2.331186e+14 2.331186e+14 2.098068e+15 2.625765e-44 0.4
-2.331186e+14 2.331186e+14 1.631830e+15 1.841991e-43 0.4
-2.331186e+14 2.331186e+14 1.165593e+15 2.344840e-42 0.4
-2.331186e+14 2.331186e+14 6.993558e+14 8.511332e-41 0.4
-2.331186e+14 2.331186e+14 2.331186e+14 1.538450e-38 0.2
-2.331186e+14 2.331186e+14 -2.331186e+14 1.538450e-38 0.2
-2.331186e+14 2.331186e+14 -6.993558e+14 8.511332e-41 0.4
-2.331186e+14 2.331186e+14 -1.165593e+15 2.344840e-42 0.4
-2.331186e+14 2.331186e+14 -1.631830e+15 1.841991e-43 0.4
-2.331186e+14 2.331186e+14 -2.098068e+15 2.625765e-44 0.4
-2.331186e+14 -2.331186e+14 2.098068e+15 2.625765e-44 0.4
-2.331186e+14 -2.331186e+14 1.631830e+15 1.841991e-43 0.4
-2.331186e+14 -2.331186e+14 1.165593e+15 2.344840e-42 0.4
-2.331186e+14 -2.331186e+14 6.993558e+14 8.511332e-41 0.4
-2.331186e+14 -2.331186e+14 2.331186e+14 1.538450e-38 0.2
-2.331186e+14 -2.331186e+14 -2.331186e+14 1.538450e-38 0.2
-2.331186e+14 -2.331186e+14 -6.993558e+14 8.511332e-41 0.4
-2.331186e+14 -2.331186e+14 -1.165593e+15 2.344840e-42 0.4
-2.331186e+14 -2.331186e+14 -1.631830e+15 1.841991e-43 0.4
-2.331186e+14 -2.331186e+14 -2.098068e+15 2.625765e-44 0.4
-2.331186e+14 -6.993558e+14 2.098068e+15 9.085999e-44 0.4
-2.331186e+14 -6.993558e+14 1.631830e+15 5.141978e-43 0.4
-2.331186e+14 -6.993558e+14 1.165593e+15 4.152084e-42 0.4
-2.331186e+14 -6.993558e+14 6.993558e+14 4.781056e-41 0.2
-2.331186e+14 -6.993558e+14 2.331186e+14 4.255666e-40 0.2
-2.331186e+14 -6.993558e+14 -2.331186e+14 4.255666e-40 0.2
-2.331186e+14 -6.993558e+14 -6.993558e+14 4.781056e-41 0.2
-2.331186e+14 -6.993558e+14 -1.165593e+15 4.152084e-42 0.4
-2.331186e+14 -6.993558e+14 -1.631830e+15 5.141978e-43 0.4
-2.331186e+14 -6.993558e+14 -2.098068e+15 9.085999e-44 0.4
-2.331186e+14 -1.165593e+15 2.098068e+15 7.131707e-47 0.4
-2.331186e+14 -1.165593e+15 1.631830e+15 5.119960e-43 0.4
-2.331186e+14 -1.165593e+15 1.165593e+15 2.394589e-42 0.2
-2.331186e+14 -1.165593e+15 6.993558e+14 1.079542e-41 0.2
-2.331186e+14 -1.165593e+15 2.331186e+14 3.048292e-41 0.2
-2.331186e+14 -1.165593e+15 -2.331186e+14 3.048292e-41 0.2
-2.331186e+14 -1.165593e+15 -6.993558e+14 1.079542e-41 0.2
-2.331186e+14 -1.165593e+15 -1.165593e+15 2.394589e-42 0.2
-2.331186e+14 -1.165593e+15 -1.631830e+15 5.119960e-43 0.4
-2.331186e+14 -1.165593e+15 -2.098068e+15 7.131707e-47 0.4
-2.331186e+14 -1.631830e+15 2.098068e+15 5.264561e-47 0.4
-2.331186e+14 -1.631830e+15 1.631830e+15 3.243153e-43 0.2
-2.331186e+14 -1.631830e+15 1.165593e+15 9.846077e-43 0.2
-2.331186e+14 -1.631830e+15 6.993558e+14 2.570989e-42 0.2
-2.331186e+14 -1.631830e+15 2.331186e+14 4.604978e-42 0.2
-2.331186e+14 -1.631830e+15 -2.331186e+14 4.604978e-42 0.2
-2.331186e+14 -1.631830e+15 -6.993558e+14 2.570989e-42 0.2
-2.331186e+14 -1.631830e+15 -1.165593e+15 9.846077e-43 0.2
-2.331186e+14 -1.631830e+15 -1.631830e+15 3.243153e-43 0.2
-2.331186e+14 -1.631830e+15 -2.098068e+15 5.264561e-47 0.4
-2.331186e+14 -2.098068e+15 2.098068e+15 3.793043e-47 0.4
-2.331186e+14 -2.098068e+15 1.631830e+15 5.264561e-47 0.4
-2.331186e+14 -2.098068e+15 1.165593e+15 7.131707e-47 0.4
-2.331186e+14 -2.098068e+15 6.993558e+14 7.450519e-43 0.2
-2.331186e+14 -2.098068e+15 2.331186e+14 1.076564e-42 0.2
-2.331186e+14 -2.098068e+15 -2.331186e+14 1.076564e-42 0.2
-2.331186e+14 -2.098068e+15 -6.993558e+14 7.450519e-43 0.2
-2.331186e+14 -2.098068e+15 -1.165593e+15 7.131707e-47 0.4
-2.331186e+14 -2.098068e+15 -1.631830e+15 5.264561e-47 0.4
-2.331186e+14 -2.098068e+15 -2.098068e+15 3.793043e-47 0.4
-6.993558e+14 2.098068e+15 2.098068e+15 3.530002e-47 0.4
-6.993558e+14 2.098068e+15 1.631830e+15 4.816670e-47 0.4
-6.993558e+14 2.098068e+15 1.165593e+15 6.400625e-47 0.4
-6.993558e+14 2.098068e+15 6.993558e+14 5.837676e-43 0.2
-6.993558e+14 2.098068e+15 2.331186e+14 8.177399e-43 0.2
-6.993558e+14 2.098068e+15 -2.331186e+14 8.177399e-43 0.2
-6.993558e+14 2.098068e+15 -6.993558e+14 5.837676e-43 0.2
-6.993558e+14 2.098068e+15 -1.165593e+15 6.400625e-47 0.4
-6.993558e+14 2.098068e+15 -1.631830e+15 4.816670e-47 0.4
-6.993558e+14 2.098068e+15 -2.098068e+15 3.530002e-47 0.4
-6.993558e+14 1.631830e+15 2.098068e+15 4.816670e-47 0.4
-6.993558e+14 1.631830e+15 1.631830e+15 7.131707e-47 0.4
-6.993558e+14 1.631830e+15 1.165593e+15 7.614719e-43 0.2
-6.993558e+14 1.631830e+15 6.993558e+14 1.793358e-42 0.2
-6.993558e+14 1.631830e+15 2.331186e+14 2.982347e-42 0.2
-6.993558e+14 1.631830e+15 -2.331186e+14 2.982347e-42 0.2
-6.993558e+14 1.631830e+15 -6.993558e+14 1.793358e-42 0.2
-6.993558e+14 1.631830e+15 -1.165593e+15 7.614719e-43 0.2
-6.993558e+14 1.631830e+15 -1.631830e+15 7.131707e-47 0.4
-6.993558e+14 1.631830e+15 -2.098068e+15 4.816670e-47 0.4
-6.993558e+14 1.165593e+15 2.098068e+15 6.400625e-47 0.4
-6.993558e+14 1.165593e+15 1.631830e+15 4.463801e-43 0.4
-6.993558e+14 1.165593e+15 1.165593e+15 1.748273e-42 0.2
-6.993558e+14 1.165593e+15 6.993558e+14 6.196456e-42 0.2
-6.993558e+14 1.165593e+15 2.331186e+14 1.411708e-41 0.2
-6.993558e+14 1.165593e+15 -2.331186e+14 1.411708e-41 0.2
-6.993558e+14 1.165593e+15 -6.993558e+14 6.196456e-42 0.2
-6.993558e+14 1.165593e+15 -1.165593e+15 1.748273e-42 0.2
-6.993558e+14 1.165593e+15 -1.631830e+15 4.463801e-43 0.4
-6.993558e+14 1.165593e+15 -2.098068e+15 6.400625e-47 0.4
-6.993558e+14 6.993558e+14 2.098068e+15 1.167535e-43 0.4
-6.993558e+14 6.993558e+14 1.631830e+15 5.565595e-43 0.4
-6.993558e+14 6.993558e+14 1.165593e+15 3.280477e-42 0.4
-6.993558e+14 6.993558e+14 6.993558e+14 2.110356e-41 0.2
-6.993558e+14 6.993558e+14 2.331186e+14 8.605902e-41 0.2
-6.993558e+14 6.993558e+14 -2.331186e+14 8.605902e-41 0.2
-6.993558e+14 6.993558e+14 -6.993558e+14 2.110356e-41 0.2
-6.993558e+14 6.993558e+14 -1.165593e+15 3.280477e-42 0.4
-6.993558e+14 6.993558e+14 -1.631830e+15 5.565595e-43 0.4
-6.993558e+14 6.993558e+14 -2.098068e+15 1.167535e-43 0.4
-6.993558e+14 2.331186e+14 2.098068e+15 9.085999e-44 0.4
-6.993558e+14 2.331186e+14 1.631830e+15 5.141978e-43 0.4
-6.993558e+14 2.331186e+14 1.165593e+15 4.152084e-42 0.4
-6.993558e+14 2.331186e+14 6.993558e+14 4.781056e-41 0.2
-6.993558e+14 2.331186e+14 2.331186e+14 4.255666e-40 0.2
-6.993558e+14 2.331186e+14 -2.331186e+14 4.255666e-40 0.2
-6.993558e+14 2.331186e+14 -6.993558e+14 4.781056e-41 0.2
-6.993558e+14 2.331186e+14 -1.165593e+15 4.152084e-42 0.4
-6.993558e+14 2.331186e+14 -1.631830e+15 5.141978e-43 0.4
-6.993558e+14 2.331186e+14 -2.098068e+15 9.085999e-44 0.4
-6.993558e+14 -2.331186e+14 2.098068e+15 9.085999e-44 0.4
-6.993558e+14 -2.331186e+14 1.631830e+15 5.141978e-43 0.4
-6.993558e+14 -2.331186e+14 1.165593e+15 4.152084e-42 0.4
-6.993558e+14 -2.331186e+14 6.993558e+14 4.781056e-41 0.2
-6.993558e+14 -2.331186e+14 2.331186e+14 4.255666e-40 0.2
-6.993558e+14 -2.331186e+14 -2.331186e+14 4.255666e-40 0.2
-6.993558e+14 -2.331186e+14 -6.993558e+14 4.781056e-41 0.2
-6.993558e+14 -2.331186e+14 -1.165593e+15 4.152084e-42 0.4
-6.993558e+14 -2.331186e+14 -1.631830e+15 5.141978e-43 0.4
-6.993558e+14 -2.331186e+14 -2.098068e+15 9.085999e-44 0.4
-6.993558e+14 -6.993558e+14 2.098068e+15 1.167535e-43 0.4
-6.993558e+14 -6.993558e+14 1.631830e+15 5.565595e-43 0.4
-6.993558e+14 -6.993558e+14 1.165593e+15 3.280477e-42 0.4
-6.993558e+14 -6.993558e+14 6.993558e+14 2.110356e-41 0.2
-6.993558e+14 -6.993558e+14 2.331186e+14 8.605902e-41 0.2
-6.993558e+14 -6.993558e+14 -2.331186e+14 8.605902e-41 0.2
-6.993558e+14 -6.993558e+14 -6.993558e+14 2.110356e-41 0.2
-6.993558e+14 -6.993558e+14 -1.165593e+15 3.280477e-42 0.4
-6.993558e+14 -6.993558e+14 -1.631830e+15 5.565595e-43 0.4
-6.993558e+14 -6.993558e+14 -2.098068e+15 1.167535e-43 0.4
-6.993558e+14 -1.165593e+15 2.098068e+15 6.400625e-47 0.4
-6.993558e+14 -1.165593e+15 1.631830e+15 4.463801e-43 0.4
-6.993558e+14 -1.165593e+15 1.165593e+15 1.748273e-42 0.2
-6.993558e+14 -1.165593e+15 6.993558e+14 6.196456e-42 0.2
-6.993558e+14 -1.165593e+15 2.331186e+14 1.411708e-41 0.2
-6.993558e+14 -1.165593e+15 -2.331186e+14 1.411708e-41 0.2
-6.993558e+14 -1.165593e+15 -6.993558e+14 6.196456e-42 0.2
-6.993558e+14 -1.165593e+15 -1.165593e+15 1.748273e-42 0.2
-6.993558e+14 -1.165593e+15 -1.631830e+15 4.463801e-43 0.4
-6.993558e+14 -1.165593e+15 -2.098068e+15 6.400625e-47 0.4
-6.993558e+14 -1.631830e+15 2.098068e+15 4.816670e-47 0.4
-6.993558e+14 -1.631830e+15 1.631830e+15 7.131707e-47 0.4
-6.993558e+14 -1.631830e+15 1.165593e+15 7.614719e-43 0.2
-6.993558e+14 -1.631830e+15 6.993558e+14 1.793358e-42 0.2
-6.993558e+14 -1.631830e+15 2.331186e+14 2.982347e-42 0.2
-6.993558e+14 -1.631830e+15 -2.331186e+14 2.982347e-42 0.2
-6.993558e+14 -1.631830e+15 -6.993558e+14 1.793358e-42 0.2
-6.993558e+14 -1.631830e+15 -1.165593e+15 7.614719e-43 0.2
-6.993558e+14 -1.631830e+15 -1.631830e+15 7.131707e-47 0.4
-6.993558e+14 -1.631830e+15 -2.098068e+15 4.816670e-47 0.4
-6.993558e+14 -2.098068e+15 2.098068e+15 3.530002e-47 0.4
-6.993558e+14 -2.098068e+15 1.631830e+15 4.816670e-47 0.4
-6.993558e+14 -2.098068e+15 1.165593e+15 6.400625e-47 0.4
-6.993558e+14 -2.098068e+15 6.993558e+14 5.837676e-43 0.2
-6.993558e+14 -2.098068e+15 2.331186e+14 8.177399e-43 0.2
-6.993558e+14 -2.098068e+15 -2.331186e+14 8.177399e-43 0.2
-6.993558e+14 -2.098068e+15 -6.993558e+14 5.837676e-43 0.2
-6.993558e+14 -2.098068e+15 -1.165593e+15 6.400625e-47 0.4
-6.993558e+14 -2.098068e+15 -1.631830e+15 4.816670e-47 0.4
-6.993558e+14 -2.098068e+15 -2.098068e+15 3.530002e-47 0.4
-1.165593e+15 2.098068e+15 2.098068e+15 3.086787e-47 0.4
-1.165593e+15 2.098068e+15 1.631830e+15 4.090455e-47 0.4
-1.165593e+15 2.098068e+15 1.165593e+15 5.264561e-47 0.4
-1.165593e+15 2.098068e+15 6.993558e+14 6.400625e-47 0.4
-1.165593e+15 2.098068e+15 2.331186e+14 7.131707e-47 0.4
-1.165593e+15 2.098068e+15 -2.331186e+14 7.131707e-47 0.4
-1.165593e+15 2.098068e+15 -6.993558e+14 6.400625e-47 0.4
-1.165593e+15 2.098068e+15 -1.165593e+15 5.264561e-47 0.4
-1.165593e+15 2.098068e+15 -1.631830e+15 4.090455e-47 0.4
-1.165593e+15 2.098068e+15 -2.098068e+15 3.086787e-47 0.4
-1.165593e+15 1.631830e+15 2.098068e+15 4.090455e-47 0.4
-1.165593e+15 1.631830e+15 1.631830e+15 5.786440e-47 0.4
-1.165593e+15 1.631830e+15 1.165593e+15 4.799867e-43 0.2
-1.165593e+15 1.631830e+15 6.993558e+14 9.715331e-43 0.2
-1.165593e+15 1.631830e+15 2.331186e+14 1.457219e-42 0.2
-1.165593e+15 1.631830e+15 -2.331186e+14 1.457219e-42 0.2
-1.165593e+15 1.631830e+15 -6.993558e+14 9.715331e-43 0.2
-1.165593e+15 1.631830e+15 -1.165593e+15 4.799867e-43 0.2
-1.165593e+15 1.631830e+15 -1.631830e+15 5.786440e-47 0.4
-1.165593e+15 1.631830e+15 -2.098068e+15 4.090455e-47 0.4
-1.165593e+15 1.165593e+15 2.098068e+15 5.264561e-47 0.4
-1.165593e+15 1.165593e+15 1.631830e+15 3.243153e-43 0.2
-1.165593e+15 1.165593e+15 1.165593e+15 9.846077e-43 0.2
-1.165593e+15 1.165593e+15 6.993558e+14 2.570989e-42 0.2
-1.165593e+15 1.165593e+15 2.331186e+14 4.604978e-42 0.2
-1.165593e+15 1.165593e+15 -2.331186e+14 4.604978e-42 0.2
-1.165593e+15 1.165593e+15 -6.993558e+14 2.570989e-42 0.2
-1.165593e+15 1.165593e+15 -1.165593e+15 9.846077e-43 0.2
-1.165593e+15 1.165593e+15 -1.631830e+15 3.243153e-43 0.2
-1.165593e+15 1.165593e+15 -2.098068e+15 5.264561e-47 0.4
-1.165593e+15 6.993558e+14 2.098068e+15 6.400625e-47 0.4
-1.165593e+15 6.993558e+14 1.631830e+15 4.463801e-43 0.4
-1.165593e+15 6.993558e+14 1.165593e+15 1.748273e-42 0.2
-1.165593e+15 6.993558e+14 6.993558e+14 6.196456e-42 0.2
-1.165593e+15 6.993558e+14 2.331186e+14 1.411708e-41 0.2
-1.165593e+15 6.993558e+14 -2.331186e+14 1.411708e-41 0.2
-1.165593e+15 6.993558e+14 -6.993558e+14 6.196456e-42 0.2
-1.165593e+15 6.993558e+14 -1.165593e+15 1.748273e-42 0.2
-1.165593e+15 6.993558e+14 -1.631830e+15 4.463801e-43 0.4
-1.165593e+15 6.993558e+14 -2.098068e+15 6.400625e-47 0.4
-1.165593e+15 2.331186e+14 2.098068e+15 7.131707e-47 0.4
-1.165593e+15 2.331186e+14 1.631830e+15 5.119960e-43 0.4
-1.165593e+15 2.331186e+14 1.165593e+15 2.394589e-42 0.2
-1.165593e+15 2.331186e+14 6.993558e+14 1.079542e-41 0.2
-1.165593e+15 2.331186e+14 2.331186e+14 3.048292e-41 0.2
-1.165593e+15 2.331186e+14 -2.331186e+14 3.048292e-41 0.2
-1.165593e+15 2.331186e+14 -6.993558e+14 1.079542e-41 0.2
-1.165593e+15 2.331186e+14 -1.165593e+15 2.394589e-42 0.2
-1.165593e+15 2.331186e+14 -1.631830e+15 5.119960e-43 0.4
-1.165593e+15 2.331186e+14 -2.098068e+15 7.131707e-47 0.4
-1.165593e+15 -2.331186e+14 2.098068e+15 7.131707e-47 0.4
-1.165593e+15 -2.331186e+14 1.631830e+15 5.119960e-43 0.4
-1.165593e+15 -2.331186e+14 1.165593e+15 2.394589e-42 0.2
-1.165593e+15 -2.331186e+14 6.993558e+14 1.079542e-41 0.2
-1.165593e+15 -2.331186e+14 2.331186e+14 3.048292e-41 0.2
-1.165593e+15 -2.331186e+14 -2.331186e+14 3.048292e-41 0.2
-1.165593e+15 -2.331186e+14 -6.993558e+14 1.079542e-41 0.2
-1.165593e+15 -2.331186e+14 -1.165593e+15 2.394589e-42 0.2
-1.165593e+15 -2.331186e+14 -1.631830e+15 5.119960e-43 0.4
-1.165593e+15 -2.331186e+14 -2.098068e+15 7.131707e-47 0.4
-1.165593e+15 -6.993558e+14 2.098068e+15 6.400625e-47 0.4
-1.165593e+15 -6.993558e+14 1.631830e+15 4.463801e-43 0.4
-1.165593e+15 -6.993558e+14 1.165593e+15 1.748273e-42 0.2
-1.165593e+15 -6.993558e+14 6.993558e+14 6.196456e-42 0.2
-1.165593e+15 -6.993558e+14 2.331186e+14 1.411708e-41 0.2
-1.165593e+15 -6.993558e+14 -2.331186e+14 1.411708e-41 0.2
-1.165593e+15 -6.993558e+14 -6.993558e+14 6.196456e-42 0.2
-1.165593e+15 -6.993558e+14 -1.165593e+15 1.748273e-42 0.2
-1.165593e+15 -6.993558e+14 -1.631830e+15 4.463801e-43 0.4
-1.165593e+15 -6.993558e+14 -2.098068e+15 6.400625e-47 0.4
-1.165593e+15 -1.165593e+15 2.098068e+15 5.264561e-47 0.4
-1.165593e+15 -1.165593e+15 1.631830e+15 3.243153e-43 0.2
-1.165593e+15 -1.165593e+15 1.165593e+15 9.846077e-43 0.2
-1.165593e+15 -1.165593e+15 6.993558e+14 2.570989e-42 0.2
-1.165593e+15 -1.165593e+15 2.331186e+14 4.604978e-42 0.2
-1.165593e+15 -1.165593e+15 -2.331186e+14 4.604978e-42 0.2
-1.165593e+15 -1.165593e+15 -6.993558e+14 2.570989e-42 0.2
-1.165593e+15 -1.165593e+15 -1.165593e+15 9.846077e-43 0.2
-1.165593e+15 -1.165593e+15 -1.631830e+15 3.243153e-43 0.2
-1.165593e+15 -1.165593e+15 -2.098068e+15 5.264561e-47 0.4
-1.165593e+15 -1.631830e+15 2.098068e+15 4.090455e-47 0.4
-1.165593e+15 -1.631830e+15 1.631830e+15 5.786440e-47 0.4
-1.165593e+15 -1.631830e+15 1.165593e+15 4.799867e-43 0.2
-1.165593e+15 -1.631830e+15 6.993558e+14 9.715331e-43 0.2
-1.165593e+15 -1.631830e+15 2.331186e+14 1.457219e-42 0.2
-1.165593e+15 -1.631830e+15 -2.331186e+14 1.457219e-42 0.2
-1.165593e+15 -1.631830e+15 -6.993558e+14 9.715331e-43 0.2
-1.165593e+15 -1.631830e+15 -1.165593e+15 4.799867e-43 0.2
-1.165593e+15 -1.631830e+15 -1.631830e+15 5.786440e-47 0.4
-1.165593e+15 -1.631830e+15 -2.098068e+15 4.090455e-47 0.4
-1.165593e+15 -2.098068e+15 2.098068e+15 3.086787e-47 0.4
-1.165593e+15 -2.098068e+15 1.631830e+15 4.090455e-47 0.4
-1.165593e+15 -2.098068e+15 1.165593e+15 5.264561e-47 0.4
-1.165593e+15 -2.098068e+15 6.993558e+14 6.400625e-47 0.4
-1.165593e+15 -2.098068e+15 2.331186e+14 7.131707e-47 0.4
-1.165593e+15 -2.098068e+15 -2.331186e+14 7.131707e-47 0.4
-1.165593e+15 -2.098068e+15 -6.993558e+14 6.400625e-47 0.4
-1.165593e+15 -2.098068e+15 -1.165593e+15 5.264561e-47 0.4
-1.165593e+15 -2.098068e+15 -1.631830e+15 4.090455e-47 0.4
-1.165593e+15 -2.098068e+15 -2.098068e+15 3.086787e-47 0.4
-1.631830e+15 2.098068e+15 2.098068e+15 2.575405e-47 0.4
-1.631830e+15 2.098068e+15 1.631830e+15 3.296018e-47 0.4
-1.631830e+15 2.098068e+15 1.165593e+15 4.090455e-47 0.4
-1.631830e+15 2.098068e+15 6.993558e+14 4.816670e-47 0.4
-1.631830e+15 2.098068e+15 2.331186e+14 5.264561e-47 0.4
-1.631830e+15 2.098068e+15 -2.331186e+14 5.264561e-47 0.4
-1.631830e+15 2.098068e+15 -6.993558e+14 4.816670e-47 0.4
-1.631830e+15 2.098068e+15 -1.165593e+15 4.090455e-47 0.4
-1.631830e+15 2.098068e+15 -1.631830e+15 3.296018e-47 0.4
-1.631830e+15 2.098068e+15 -2.098068e+15 2.575405e-47 0.4
-1.631830e+15 1.631830e+15 2.098068e+15 3.296018e-47 0.4
-1.631830e+15 1.631830e+15 1.631830e+15 4.428872e-47 0.4
-1.631830e+15 1.631830e+15 1.165593e+15 5.786440e-47 0.4
-1.631830e+15 1.631830e+15 6.993558e+14 7.131707e-47 0.4
-1.631830e+15 1.631830e+15 2.331186e+14 6.356581e-43 0.2
-1.631830e+15 1.631830e+15 -2.331186e+14 6.356581e-43 0.2
-1.631830e+15 1.631830e+15 -6.993558e+14 7.131707e-47 0.4
-1.631830e+15 1.631830e+15 -1.165593e+15 5.786440e-47 0.4
-1.631830e+15 1.631830e+15 -1.631830e+15 4.428872e-47 0.4
-1.631830e+15 1.631830e+15 -2.098068e+15 3.296018e-47 0.4
-1.631830e+15 1.165593e+15 2.098068e+15 4.090455e-47 0.4
-1.631830e+15 1.165593e+15 1.631830e+15 5.786440e-47 0.4
-1.631830e+15 1.165593e+15 1.165593e+15 4.799867e-43 0.2
-1.631830e+15 1.165593e+15 6.993558e+14 9.715331e-43 0.2
-1.631830e+15 1.165593e+15 2.331186e+14 1.457219e-42 0.2
-1.631830e+15 1.165593e+15 -2.331186e+14 1.457219e-42 0.2
-1.631830e+15 1.165593e+15 -6.993558e+14 9.715331e-43 0.2
-1.631830e+15 1.165593e+15 -1.165593e+15 4.799867e-43 0.2
-1.631830e+15 1.165593e+15 -1.631830e+15 5.786440e-47 0.4
-1.631830e+15 1.165593e+15 -2.098068e+15 4.090455e-47 0.4
-1.631830e+15 6.993558e+14 2.098068e+15 4.816670e-47 0.4
-1.631830e+15 6.993558e+14 1.631830e+15 7.131707e-47 0.4
-1.631830e+15 6.993558e+14 1.165593e+15 7.614719e-43 0.2
-1.631830e+15 6.993558e+14 6.993558e+14 1.793358e-42 0.2
-1.631830e+15 6.993558e+14 2.331186e+14 2.982347e-42 0.2
-1.631830e+15 6.993558e+14 -2.331186e+14 2.982347e-42 0.2
-1.631830e+15 6.993558e+14 -6.993558e+14 1.793358e-42 0.2
-1.631830e+15 6.993558e+14 -1.165593e+15 7.614719e-43 0.2
-1.631830e+15 6.993558e+14 -1.631830e+15 7.131707e-47 0.4
-1.631830e+15 6.993558e+14 -2.098068e+15 4.816670e-47 0.4
-1.631830e+15 2.331186e+14 2.098068e+15 5.264561e-47 0.4
-1.631830e+15 2.331186e+14 1.631830e+15 3.243153e-43 0.2
-1.631830e+15 2.331186e+14 1.165593e+15 9.846077e-43 0.2
-1.631830e+15 2.331186e+14 6.993558e+14 2.570989e-42 0.2
-1.631830e+15 2.331186e+14 2.331186e+14 4.604978e-42 0.2
-1.631830e+15 2.331186e+14 -2.331186e+14 4.604978e-42 0.2
-1.631830e+15 2.331186e+14 -6.993558e+14 2.570989e-42 0.2
-1.631830e+15 2.331186e+14 -1.165593e+15 9.846077e-43 0.2
-1.631830e+15 2.331186e+14 -1.631830e+15 3.243153e-43 0.2
-1.631830e+15 2.331186e+14 -2.098068e+15 5.264561e-47 0.4
-1.631830e+15 -2.331186e+14 2.098068e+15 5.264561e-47 0.4
-1.631830e+15 -2.331186e+14 1.631830e+15 3.243153e-43 0.2
-1.631830e+15 -2.331186e+14 1.165593e+15 9.846077e-43 0.2
-1.631830e+15 -2.331186e+14 6.993558e+14 2.570989e-42 0.2
-1.631830e+15 -2.331186e+14 2.331186e+14 4.604978e-42 0.2
-1.631830e+15 -2.331186e+14 -2.331186e+14 4.604978e-42 0.2
-1.631830e+15 -2.331186e+14 -6.993558e+14 2.570989e-42 0.2
-1.631830e+15 -2.331186e+14 -1.165593e+15 9.846077e-43 0.2
-1.631830e+15 -2.331186e+14 -1.631830e+15 3.243153e-43 0.2
-1.631830e+15 -2.331186e+14 -2.098068e+15 5.264561e-47 0.4
-1.631830e+15 -6.993558e+14 2.098068e+15 4.816670e-47 0.4
-1.631830e+15 -6.993558e+14 1.631830e+15 7.131707e-47 0.4
-1.631830e+15 -6.993558e+14 1.165593e+15 7.614719e-43 0.2
-1.631830e+15 -6.993558e+14 6.993558e+14 1.793358e-42 0.2
-1.631830e+15 -6.993558e+14 2.331186e+14 2.982347e-42 0.2
-1.631830e+15 -6.993558e+14 -2.331186e+14 2.982347e-42 0.2
-1.631830e+15 -6.993558e+14 -6.993558e+14 1.793358e-42 0.2
-1.631830e+15 -6.993558e+14 -1.165593e+15 7.614719e-43 0.2
-1.631830e+15 -6.993558e+14 -1.631830e+15 7.131707e-47 0.4
-1.631830e+15 -6.993558e+14 -2.098068e+15 4.816670e-47 0.4
-1.631830e+15 -1.165593e+15 2.098068e+15 4.090455e-47 0.4
-1.631830e+15 -1.165593e+15 1.631830e+15 5.786440e-47 0.4
-1.631830e+15 -1.165593e+15 1.165593e+15 4.799867e-43 0.2
-1.631830e+15 -1.165593e+15 6.993558e+14 9.715331e-43 0.2
-1.631830e+15 -1.165593e+15 2.331186e+14 1.457219e-42 0.2
-1.631830e+15 -1.165593e+15 -2.331186e+14 1.457219e-42 0.2
-1.631830e+15 -1.165593e+15 -6.993558e+14 9.715331e-43 0.2
-1.631830e+15 -1.165593e+15 -1.165593e+15 4.799867e-43 0.2
-1.631830e+15 -1.165593e+15 -1.631830e+15 5.786440e-47 0.4
-1.631830e+15 -1.165593e+15 -2.098068e+15 4.090455e-47 0.4
-1.631830e+15 -1.631830e+15 2.098068e+15 3.296018e-47 0.4
-1.631830e+15 -1.631830e+15 1.631830e+15 4.428872e-47 0.4
-1.631830e+15 -1.631830e+15 1.165593e+15 5.786440e-47 0.4
-1.631830e+15 -1.631830e+15 6.993558e+14 7.131707e-47 0.4
-1.631830e+15 -1.631830e+15 2.331186e+14 6.356581e-43 0.2
-1.631830e+15 -1.631830e+15 -2.331186e+14 6.356581e-43 0.2
-1.631830e+15 -1.631830e+15 -6.993558e+14 7.131707e-47 0.4
-1.631830e+15 -1.631830e+15 -1.165593e+15 5.786440e-47 0.4
-1.631830e+15 -1.631830e+15 -1.631830e+15 4.428872e-47 0.4
-1.631830e+15 -1.631830e+15 -2.098068e+15 3.296018e-47 0.4
-1.631830e+15 -2.098068e+15 2.098068e+15 2.575405e-47 0.4
-1.631830e+15 -2.098068e+15 1.631830e+15 3.296018e-47 0.4
-1.631830e+15 -2.098068e+15 1.165593e+15 4.090455e-47 0.4
-1.631830e+15 -2.098068e+15 6.993558e+14 4.816670e-47 0.4
-1.631830e+15 -2.098068e+15 2.331186e+14 5.264561e-47 0.4
-1.631830e+15 -2.098068e+15 -2.331186e+14 5.264561e-47 0.4
-1.631830e+15 -2.098068e+15 -6.993558e+14 4.816670e-47 0.4
-1.631830e+15 -2.098068e+15 -1.165593e+15 4.090455e-47 0.4
-1.631830e+15 -2.098068e+15 -1.631830e+15 3.296018e-47 0.4
-1.631830e+15 -2.098068e+15 -2.098068e+15 2.575405e-47 0.4
-2.098068e+15 2.098068e+15 2.098068e+15 2.083818e-47 0.4
-2.098068e+15 2.098068e+15 1.631830e+15 2.575405e-47 0.4
-2.098068e+15 2.098068e+15 1.165593e+15 3.086787e-47 0.4
-2.098068e+15 2.098068e+15 6.993558e+14 3.530002e-47 0.4
-2.098068e+15 2.098068e+15 2.331186e+14 3.793043e-47 0.4
-2.098068e+15 2.098068e+15 -2.331186e+14 3.793043e-47 0.4
-2.098068e+15 2.098068e+15 -6.993558e+14 3.530002e-47 0.4
-2.098068e+15 2.098068e+15 -1.165593e+15 3.086787e-47 0.4
-2.098068e+15 2.098068e+15 -1.631830e+15 2.575405e-47 0.4
-2.098068e+15 2.098068e+15 -2.098068e+15 2.083818e-47 0.4
-2.098068e+15 1.631830e+15 2.098068e+15 2.575405e-47 0.4
-2.098068e+15 1.631830e+15 1.631830e+15 3.296018e-47 0.4
-2.098068e+15 1.631830e+15 1.165593e+15 4.090455e-47 0.4
-2.098068e+15 1.631830e+15 6.993558e+14 4.816670e-47 0.4
-2.098068e+15 1.631830e+15 2.331186e+14 5.264561e-47 0.4
-2.098068e+15 1.631830e+15 -2.331186e+14 5.264561e-47 0.4
-2.098068e+15 1.631830e+15 -6.993558e+14 4.816670e-47 0.4
-2.098068e+15 1.631830e+15 -1.165593e+15 4.090455e-47 0.4
-2.098068e+15 1.631830e+15 -1.631830e+15 3.296018e-47 0.4
-2.098068e+15 1.631830e+15 -2.098068e+15 2.575405e-47 0.4
-2.098068e+15 1.165593e+15 2.098068e+15 3.086787e-47 0.4
-2.098068e+15 1.165593e+15 1.631830e+15 4.090455e-47 0.4
-2.098068e+15 1.165593e+15 1.165593e+15 5.264561e-47 0.4
-2.098068e+15 1.165593e+15 6.993558e+14 6.400625e-47 0.4
-2.098068e+15 1.165593e+15 2.331186e+14 7.131707e-47 0.4
-2.098068e+15 1.165593e+15 -2.331186e+14 7.131707e-47 0.4
-2.098068e+15 1.165593e+15 -6.993558e+14 6.400625e-47 0.4
-2.098068e+15 1.165593e+15 -1.165593e+15 5.264561e-47 0.4
-2.098068e+15 1.165593e+15 -1.631830e+15 4.090455e-47 0.4
-2.098068e+15 1.165593e+15 -2.098068e+15 3.086787e-47 0.4
-2.098068e+15 6.993558e+14 2.098068e+15 3.530002e-47 0.4
-2.098068e+15 6.993558e+14 1.631830e+15 4.816670e-47 0.4
-2.098068e+15 6.993558e+14 1.165593e+15 6.400625e-47 0.4
-2.098068e+15 6.993558e+14 6.993558e+14 5.837676e-43 0.2
-2.098068e+15 6.993558e+14 2.331186e+14 8.177399e-43 0.2
-2.098068e+15 6.993558e+14 -2.331186e+14 8.177399e-43 0.2
-2.098068e+15 6.993558e+14 -6.993558e+14 5.837676e-43 0.2
-2.098068e+15 6.993558e+14 -1.165593e+15 6.400625e-47 0.4
-2.098068e+15 6.993558e+14 -1.631830e+15 4.816670e-47 0.4
-2.098068e+15 6.993558e+14 -2.098068e+15 3.530002e-47 0.4
-2.098068e+15 2.331186e+14 2.098068e+15 3.793043e-47 0.4
-2.098068e+15 2.331186e+14 1.631830e+15 5.264561e-47 0.4
-2.098068e+15 2.331186e+14 1.165593e+15 7.131707e-47 0.4
-2.098068e+15 2.331186e+14 6.993558e+14 7.450519e-43 0.2
-2.098068e+15 2.331186e+14 2.331186e+14 1.076564e-42 0.2
-2.098068e+15 2.331186e+14 -2.331186e+14 1.076564e-42 0.2
-2.098068e+15 2.331186e+14 -6.993558e+14 7.450519e-43 0.2
-2.098068e+15 2.331186e+14 -1.165593e+15 7.131707e-47 0.4
-2.098068e+15 2.331186e+14 -1.631830e+15 5.264561e-47 0.4
-2.098068e+15 2.331186e+14 -2.098068e+15 3.793043e-47 0.4
-2.098068e+15 -2.331186e+14 2.098068e+15 3.793043e-47 0.4
-2.098068e+15 -2.331186e+14 1.631830e+15 5.264561e-47 0.4
-2.098068e+15 -2.331186e+14 1.165593e+15 7.131707e-47 0.4
-2.098068e+15 -2.331186e+14 6.993558e+14 7.450519e-43 0.2
-2.098068e+15 -2.331186e+14 2.331186e+14 1.076564e-42 0.2
-2.098068e+15 -2.331186e+14 -2.331186e+14 1.076564e-42 0.2
-2.098068e+15 -2.331186e+14 -6.993558e+14 7.450519e-43 0.2
-2.098068e+15 -2.331186e+14 -1.165593e+15 7.131707e-47 0.4
-2.098068e+15 -2.331186e+14 -1.631830e+15 5.264561e-47 0.4
-2.098068e+15 -2.331186e+14 -2.098068e+15 3.793043e-47 0.4
-2.098068e+15 -6.993558e+14 2.098068e+15 3.530002e-47 0.4
-2.098068e+15 -6.993558e+14 1.631830e+15 4.816670e-47 0.4
-2.098068e+15 -6.993558e+14 1.165593e+15 6.400625e-47 0.4
-2.098068e+15 -6.993558e+14 6.993558e+14 5.837676e-43 0.2
-2.098068e+15 -6.993558e+14 2.331186e+14 8.177399e-43 0.2
-2.098068e+15 -6.993558e+14 -2.331186e+14 8.177399e-43 0.2
-2.098068e+15 -6.993558e+14 -6.993558e+14 5.837676e-43 0.2
-2.098068e+15 -6.993558e+14 -1.165593e+15 6.400625e-47 0.4
-2.098068e+15 -6.993558e+14 -1.631830e+15 4.816670e-47 0.4
-2.098068e+15 -6.993558e+14 -2.098068e+15 3.530002e-47 0.4
-2.098068e+15 -1.165593e+15 2.098068e+15 3.086787e-47 0.4
-2.098068e+15 -1.165593e+15 1.631830e+15 4.090455e-47 0.4
-2.098068e+15 -1.165593e+15 1.165593e+15 5.264561e-47 0.4
-2.098068e+15 -1.165593e+15 6.993558e+14 6.400625e-47 0.4
-2.098068e+15 -1.165593e+15 2.331186e+14 7.131707e-47 0.4
-2.098068e+15 -1.165593e+15 -2.331186e+14 7.131707e-47 0.4
-2.098068e+15 -1.165593e+15 -6.993558e+14 6.400625e-47 0.4
-2.098068e+15 -1.165593e+15 -1.165593e+15 5.264561e-47 0.4
-2.098068e+15 -1.165593e+15 -1.631830e+15 4.090455e-47 0.4
-2.098068e+15 -1.165593e+15 -2.098068e+15 3.086787e-47 0.4
-2.098068e+15 -1.631830e+15 2.098068e+15 2.575405e-47 0.4
-2.098068e+15 -1.631830e+15 1.631830e+15 3.296018e-47 0.4
-2.098068e+15 -1.631830e+15 1.165593e+15 4.090455e-47 0.4
-2.098068e+15 -1.631830e+15 6.993558e+14 4.816670e-47 0.4
-2.098068e+15 -1.631830e+15 2.331186e+14 5.264561e-47 0.4
-2.098068e+15 -1.631830e+15 -2.331186e+14 5.264561e-47 0.4
-2.098068e+15 -1.631830e+15 -6.993558e+14 4.816670e-47 0.4
-2.098068e+15 -1.631830e+15 -1.165593e+15 4.090455e-47 0.4
-2.098068e+15 -1.631830e+15 -1.631830e+15 3.296018e-47 0.4
-2.098068e+15 -1.631830e+15 -2.098068e+15 2.575405e-47 0.4
-2.098068e+15 -2.098068e+15 2.098068e+15 2.083818e-47 0.4
-2.098068e+15 -2.098068e+15 1.631830e+15 2.575405e-47 0.4
-2.098068e+15 -2.098068e+15 1.165593e+15 3.086787e-47 0.4
-2.098068e+15 -2.098068e+15 6.993558e+14 3.530002e-47 0.4
-2.098068e+15 -2.098068e+15 2.331186e+14 3.793043e-47 0.4
-2.098068e+15 -2.098068e+15 -2.331186e+14 3.793043e-47 0.4
-2.098068e+15 -2.098068e+15 -6.993558e+14 3.530002e-47 0.4
-2.098068e+15 -2.098068e+15 -1.165593e+15 3.086787e-47 0.4
-2.098068e+15 -2.098068e+15 -1.631830e+15 2.575405e-47 0.4
-2.098068e+15 -2.098068e+15 -2.098068e+15 2.083818e-47 0.4
