10 1.398712e+16 518400 
1.258841e+16 1.258841e+16 1.258841e+16 9.647304e-50 0.4
1.258841e+16 1.258841e+16 9.790982e+15 1.192317e-49 0.4
1.258841e+16 1.258841e+16 6.993558e+15 1.429068e-49 0.4
1.258841e+16 1.258841e+16 4.196135e+15 1.634260e-49 0.4
1.258841e+16 1.258841e+16 1.398712e+15 1.756038e-49 0.4
1.258841e+16 1.258841e+16 -1.398712e+15 1.756038e-49 0.4
1.258841e+16 1.258841e+16 -4.196135e+15 1.634260e-49 0.4
1.258841e+16 1.258841e+16 -6.993558e+15 1.429068e-49 0.4
1.258841e+16 1.258841e+16 -9.790982e+15 1.192317e-49 0.4
1.258841e+16 1.258841e+16 -1.258841e+16 9.647304e-50 0.4
1.258841e+16 9.790982e+15 1.258841e+16 1.192317e-49 0.4
1.258841e+16 9.790982e+15 9.790982e+15 1.525934e-49 0.4
1.258841e+16 9.790982e+15 6.993558e+15 1.893729e-49 0.4
1.258841e+16 9.790982e+15 4.196135e+15 2.229940e-49 0.4
1.258841e+16 9.790982e+15 1.398712e+15 2.437297e-49 0.4
1.258841e+16 9.790982e+15 -1.398712e+15 2.437297e-49 0.4
1.258841e+16 9.790982e+15 -4.196135e+15 2.229940e-49 0.4
1.258841e+16 9.790982e+15 -6.993558e+15 1.893729e-49 0.4
1.258841e+16 9.790982e+15 -9.790982e+15 1.525934e-49 0.4
1.258841e+16 9.790982e+15 -1.258841e+16 1.192317e-49 0.4
1.258841e+16 6.993558e+15 1.258841e+16 1.429068e-49 0.4
1.258841e+16 6.993558e+15 9.790982e+15 1.893729e-49 0.4
1.258841e+16 6.993558e+15 6.993558e+15 2.437297e-49 0.4
1.258841e+16 6.993558e+15 4.196135e+15 2.963252e-49 0.4
1.258841e+16 6.993558e+15 1.398712e+15 3.301716e-49 0.4
1.258841e+16 6.993558e+15 -1.398712e+15 3.301716e-49 0.4
1.258841e+16 6.993558e+15 -4.196135e+15 2.963252e-49 0.4
1.258841e+16 6.993558e+15 -6.993558e+15 2.437297e-49 0.4
1.258841e+16 6.993558e+15 -9.790982e+15 1.893729e-49 0.4
1.258841e+16 6.993558e+15 -1.258841e+16 1.429068e-49 0.4
1.258841e+16 4.196135e+15 1.258841e+16 1.634260e-49 0.4
1.258841e+16 4.196135e+15 9.790982e+15 2.229940e-49 0.4
1.258841e+16 4.196135e+15 6.993558e+15 2.963252e-49 0.4
1.258841e+16 4.196135e+15 4.196135e+15 1.251217e-47 0.2
1.258841e+16 4.196135e+15 1.398712e+15 1.752700e-47 0.2
1.258841e+16 4.196135e+15 -1.398712e+15 1.752700e-47 0.2
1.258841e+16 4.196135e+15 -4.196135e+15 1.251217e-47 0.2
1.258841e+16 4.196135e+15 -6.993558e+15 2.963252e-49 0.4
1.258841e+16 4.196135e+15 -9.790982e+15 2.229940e-49 0.4
1.258841e+16 4.196135e+15 -1.258841e+16 1.634260e-49 0.4
1.258841e+16 1.398712e+15 1.258841e+16 1.756038e-49 0.4
1.258841e+16 1.398712e+15 9.790982e+15 2.437297e-49 0.4
1.258841e+16 1.398712e+15 6.993558e+15 3.301716e-49 0.4
1.258841e+16 1.398712e+15 4.196135e+15 1.596905e-47 0.2
1.258841e+16 1.398712e+15 1.398712e+15 2.307450e-47 0.2
1.258841e+16 1.398712e+15 -1.398712e+15 2.307450e-47 0.2
1.258841e+16 1.398712e+15 -4.196135e+15 1.596905e-47 0.2
1.258841e+16 1.398712e+15 -6.993558e+15 3.301716e-49 0.4
1.258841e+16 1.398712e+15 -9.790982e+15 2.437297e-49 0.4
1.258841e+16 1.398712e+15 -1.258841e+16 1.756038e-49 0.4
1.258841e+16 -1.398712e+15 1.258841e+16 1.756038e-49 0.4
1.258841e+16 -1.398712e+15 9.790982e+15 2.437297e-49 0.4
1.258841e+16 -1.398712e+15 6.993558e+15 3.301716e-49 0.4
1.258841e+16 -1.398712e+15 4.196135e+15 1.596905e-47 0.2
1.258841e+16 -1.398712e+15 1.398712e+15 2.307450e-47 0.2
1.258841e+16 -1.398712e+15 -1.398712e+15 2.307450e-47 0.2
1.258841e+16 -1.398712e+15 -4.196135e+15 1.596905e-47 0.2
1.258841e+16 -1.398712e+15 -6.993558e+15 3.301716e-49 0.4
1.258841e+16 -1.398712e+15 -9.790982e+15 2.437297e-49 0.4
1.258841e+16 -1.398712e+15 -1.258841e+16 1.756038e-49 0.4
1.258841e+16 -4.196135e+15 1.258841e+16 1.634260e-49 0.4
1.258841e+16 -4.196135e+15 9.790982e+15 2.229940e-49 0.4
1.258841e+16 -4.196135e+15 6.993558e+15 2.963252e-49 0.4
1.258841e+16 -4.196135e+15 4.196135e+15 1.251217e-47 0.2
1.258841e+16 -4.196135e+15 1.398712e+15 1.752700e-47 0.2
1.258841e+16 -4.196135e+15 -1.398712e+15 1.752700e-47 0.2
1.258841e+16 -4.196135e+15 -4.196135e+15 1.251217e-47 0.2
1.258841e+16 -4.196135e+15 -6.993558e+15 2.963252e-49 0.4
1.258841e+16 -4.196135e+15 -9.790982e+15 2.229940e-49 0.4
1.258841e+16 -4.196135e+15 -1.258841e+16 1.634260e-49 0.4
1.258841e+16 -6.993558e+15 1.258841e+16 1.429068e-49 0.4
1.258841e+16 -6.993558e+15 9.790982e+15 1.893729e-49 0.4
1.258841e+16 -6.993558e+15 6.993558e+15 2.437297e-49 0.4
1.258841e+16 -6.993558e+15 4.196135e+15 2.963252e-49 0.4
1.258841e+16 -6.993558e+15 1.398712e+15 3.301716e-49 0.4
1.258841e+16 -6.993558e+15 -1.398712e+15 3.301716e-49 0.4
1.258841e+16 -6.993558e+15 -4.196135e+15 2.963252e-49 0.4
1.258841e+16 -6.993558e+15 -6.993558e+15 2.437297e-49 0.4
1.258841e+16 -6.993558e+15 -9.790982e+15 1.893729e-49 0.4
1.258841e+16 -6.993558e+15 -1.258841e+16 1.429068e-49 0.4
1.258841e+16 -9.790982e+15 1.258841e+16 1.192317e-49 0.4
1.258841e+16 -9.790982e+15 9.790982e+15 1.525934e-49 0.4
1.258841e+16 -9.790982e+15 6.993558e+15 1.893729e-49 0.4
1.258841e+16 -9.790982e+15 4.196135e+15 2.229940e-49 0.4
1.258841e+16 -9.790982e+15 1.398712e+15 2.437297e-49 0.4
1.258841e+16 -9.790982e+15 -1.398712e+15 2.437297e-49 0.4
1.258841e+16 -9.790982e+15 -4.196135e+15 2.229940e-49 0.4
1.258841e+16 -9.790982e+15 -6.993558e+15 1.893729e-49 0.4
1.258841e+16 -9.790982e+15 -9.790982e+15 1.525934e-49 0.4
1.258841e+16 -9.790982e+15 -1.258841e+16 1.192317e-49 0.4
1.258841e+16 -1.258841e+16 1.258841e+16 9.647304e-50 0.4
1.258841e+16 -1.258841e+16 9.790982e+15 1.192317e-49 0.4
1.258841e+16 -1.258841e+16 6.993558e+15 1.429068e-49 0.4
1.258841e+16 -1.258841e+16 4.196135e+15 1.634260e-49 0.4
1.258841e+16 -1.258841e+16 1.398712e+15 1.756038e-49 0.4
1.258841e+16 -1.258841e+16 -1.398712e+15 1.756038e-49 0.4
1.258841e+16 -1.258841e+16 -4.196135e+15 1.634260e-49 0.4
1.258841e+16 -1.258841e+16 -6.993558e+15 1.429068e-49 0.4
1.258841e+16 -1.258841e+16 -9.790982e+15 1.192317e-49 0.4
1.258841e+16 -1.258841e+16 -1.258841e+16 9.647304e-50 0.4
9.790982e+15 1.258841e+16 1.258841e+16 1.192317e-49 0.4
9.790982e+15 1.258841e+16 9.790982e+15 1.525934e-49 0.4
9.790982e+15 1.258841e+16 6.993558e+15 1.893729e-49 0.4
9.790982e+15 1.258841e+16 4.196135e+15 2.229940e-49 0.4
9.790982e+15 1.258841e+16 1.398712e+15 2.437297e-49 0.4
9.790982e+15 1.258841e+16 -1.398712e+15 2.437297e-49 0.4
9.790982e+15 1.258841e+16 -4.196135e+15 2.229940e-49 0.4
9.790982e+15 1.258841e+16 -6.993558e+15 1.893729e-49 0.4
9.790982e+15 1.258841e+16 -9.790982e+15 1.525934e-49 0.4
9.790982e+15 1.258841e+16 -1.258841e+16 1.192317e-49 0.4
9.790982e+15 9.790982e+15 1.258841e+16 1.525934e-49 0.4
9.790982e+15 9.790982e+15 9.790982e+15 2.050404e-49 0.4
9.790982e+15 9.790982e+15 6.993558e+15 2.678907e-49 0.4
9.790982e+15 9.790982e+15 4.196135e+15 3.301716e-49 0.4
9.790982e+15 9.790982e+15 1.398712e+15 1.362436e-47 0.2
9.790982e+15 9.790982e+15 -1.398712e+15 1.362436e-47 0.2
9.790982e+15 9.790982e+15 -4.196135e+15 3.301716e-49 0.4
9.790982e+15 9.790982e+15 -6.993558e+15 2.678907e-49 0.4
9.790982e+15 9.790982e+15 -9.790982e+15 2.050404e-49 0.4
9.790982e+15 9.790982e+15 -1.258841e+16 1.525934e-49 0.4
9.790982e+15 6.993558e+15 1.258841e+16 1.893729e-49 0.4
9.790982e+15 6.993558e+15 9.790982e+15 2.678907e-49 0.4
9.790982e+15 6.993558e+15 6.993558e+15 1.028778e-47 0.2
9.790982e+15 6.993558e+15 4.196135e+15 2.082333e-47 0.2
9.790982e+15 6.993558e+15 1.398712e+15 3.123327e-47 0.2
9.790982e+15 6.993558e+15 -1.398712e+15 3.123327e-47 0.2
9.790982e+15 6.993558e+15 -4.196135e+15 2.082333e-47 0.2
9.790982e+15 6.993558e+15 -6.993558e+15 1.028778e-47 0.2
9.790982e+15 6.993558e+15 -9.790982e+15 2.678907e-49 0.4
9.790982e+15 6.993558e+15 -1.258841e+16 1.893729e-49 0.4
9.790982e+15 4.196135e+15 1.258841e+16 2.229940e-49 0.4
9.790982e+15 4.196135e+15 9.790982e+15 3.301716e-49 0.4
9.790982e+15 4.196135e+15 6.993558e+15 1.632099e-47 0.2
9.790982e+15 4.196135e+15 4.196135e+15 3.843789e-47 0.2
9.790982e+15 4.196135e+15 1.398712e+15 6.392205e-47 0.2
9.790982e+15 4.196135e+15 -1.398712e+15 6.392205e-47 0.2
9.790982e+15 4.196135e+15 -4.196135e+15 3.843789e-47 0.2
9.790982e+15 4.196135e+15 -6.993558e+15 1.632099e-47 0.2
9.790982e+15 4.196135e+15 -9.790982e+15 3.301716e-49 0.4
9.790982e+15 4.196135e+15 -1.258841e+16 2.229940e-49 0.4
9.790982e+15 1.398712e+15 1.258841e+16 2.437297e-49 0.4
9.790982e+15 1.398712e+15 9.790982e+15 6.951203e-48 0.2
9.790982e+15 1.398712e+15 6.993558e+15 2.110356e-47 0.2
9.790982e+15 1.398712e+15 4.196135e+15 5.510522e-47 0.2
9.790982e+15 1.398712e+15 1.398712e+15 9.870066e-47 0.2
9.790982e+15 1.398712e+15 -1.398712e+15 9.870066e-47 0.2
9.790982e+15 1.398712e+15 -4.196135e+15 5.510522e-47 0.2
9.790982e+15 1.398712e+15 -6.993558e+15 2.110356e-47 0.2
9.790982e+15 1.398712e+15 -9.790982e+15 6.951203e-48 0.2
9.790982e+15 1.398712e+15 -1.258841e+16 2.437297e-49 0.4
9.790982e+15 -1.398712e+15 1.258841e+16 2.437297e-49 0.4
9.790982e+15 -1.398712e+15 9.790982e+15 6.951203e-48 0.2
9.790982e+15 -1.398712e+15 6.993558e+15 2.110356e-47 0.2
9.790982e+15 -1.398712e+15 4.196135e+15 5.510522e-47 0.2
9.790982e+15 -1.398712e+15 1.398712e+15 9.870066e-47 0.2
9.790982e+15 -1.398712e+15 -1.398712e+15 9.870066e-47 0.2
9.790982e+15 -1.398712e+15 -4.196135e+15 5.510522e-47 0.2
9.790982e+15 -1.398712e+15 -6.993558e+15 2.110356e-47 0.2
9.790982e+15 -1.398712e+15 -9.790982e+15 6.951203e-48 0.2
9.790982e+15 -1.398712e+15 -1.258841e+16 2.437297e-49 0.4
9.790982e+15 -4.196135e+15 1.258841e+16 2.229940e-49 0.4
9.790982e+15 -4.196135e+15 9.790982e+15 3.301716e-49 0.4
9.790982e+15 -4.196135e+15 6.993558e+15 1.632099e-47 0.2
9.790982e+15 -4.196135e+15 4.196135e+15 3.843789e-47 0.2
9.790982e+15 -4.196135e+15 1.398712e+15 6.392205e-47 0.2
9.790982e+15 -4.196135e+15 -1.398712e+15 6.392205e-47 0.2
9.790982e+15 -4.196135e+15 -4.196135e+15 3.843789e-47 0.2
9.790982e+15 -4.196135e+15 -6.993558e+15 1.632099e-47 0.2
9.790982e+15 -4.196135e+15 -9.790982e+15 3.301716e-49 0.4
9.790982e+15 -4.196135e+15 -1.258841e+16 2.229940e-49 0.4
9.790982e+15 -6.993558e+15 1.258841e+16 1.893729e-49 0.4
9.790982e+15 -6.993558e+15 9.790982e+15 2.678907e-49 0.4
9.790982e+15 -6.993558e+15 6.993558e+15 1.028778e-47 0.2
9.790982e+15 -6.993558e+15 4.196135e+15 2.082333e-47 0.2
9.790982e+15 -6.993558e+15 1.398712e+15 3.123327e-47 0.2
9.790982e+15 -6.993558e+15 -1.398712e+15 3.123327e-47 0.2
9.790982e+15 -6.993558e+15 -4.196135e+15 2.082333e-47 0.2
9.790982e+15 -6.993558e+15 -6.993558e+15 1.028778e-47 0.2
9.790982e+15 -6.993558e+15 -9.790982e+15 2.678907e-49 0.4
9.790982e+15 -6.993558e+15 -1.258841e+16 1.893729e-49 0.4
9.790982e+15 -9.790982e+15 1.258841e+16 1.525934e-49 0.4
9.790982e+15 -9.790982e+15 9.790982e+15 2.050404e-49 0.4
9.790982e+15 -9.790982e+15 6.993558e+15 2.678907e-49 0.4
9.790982e+15 -9.790982e+15 4.196135e+15 3.301716e-49 0.4
9.790982e+15 -9.790982e+15 1.398712e+15 1.362436e-47 0.2
9.790982e+15 -9.790982e+15 -1.398712e+15 1.362436e-47 0.2
9.790982e+15 -9.790982e+15 -4.196135e+15 3.301716e-49 0.4
9.790982e+15 -9.790982e+15 -6.993558e+15 2.678907e-49 0.4
9.790982e+15 -9.790982e+15 -9.790982e+15 2.050404e-49 0.4
9.790982e+15 -9.790982e+15 -1.258841e+16 1.525934e-49 0.4
9.790982e+15 -1.258841e+16 1.258841e+16 1.192317e-49 0.4
9.790982e+15 -1.258841e+16 9.790982e+15 1.525934e-49 0.4
9.790982e+15 -1.258841e+16 6.993558e+15 1.893729e-49 0.4
9.790982e+15 -1.258841e+16 4.196135e+15 2.229940e-49 0.4
9.790982e+15 -1.258841e+16 1.398712e+15 2.437297e-49 0.4
9.790982e+15 -1.258841e+16 -1.398712e+15 2.437297e-49 0.4
9.790982e+15 -1.258841e+16 -4.196135e+15 2.229940e-49 0.4
9.790982e+15 -1.258841e+16 -6.993558e+15 1.893729e-49 0.4
9.790982e+15 -1.258841e+16 -9.790982e+15 1.525934e-49 0.4
9.790982e+15 -1.258841e+16 -1.258841e+16 1.192317e-49 0.4
6.993558e+15 1.258841e+16 1.258841e+16 1.429068e-49 0.4
6.993558e+15 1.258841e+16 9.790982e+15 1.893729e-49 0.4
6.993558e+15 1.258841e+16 6.993558e+15 2.437297e-49 0.4
6.993558e+15 1.258841e+16 4.196135e+15 2.963252e-49 0.4
6.993558e+15 1.258841e+16 1.398712e+15 3.301716e-49 0.4
6.993558e+15 1.258841e+16 -1.398712e+15 3.301716e-49 0.4
6.993558e+15 1.258841e+16 -4.196135e+15 2.963252e-49 0.4
6.993558e+15 1.258841e+16 -6.993558e+15 2.437297e-49 0.4
6.993558e+15 1.258841e+16 -9.790982e+15 1.893729e-49 0.4
6.993558e+15 1.258841e+16 -1.258841e+16 1.429068e-49 0.4
6.993558e+15 9.790982e+15 1.258841e+16 1.893729e-49 0.4
6.993558e+15 9.790982e+15 9.790982e+15 2.678907e-49 0.4
6.993558e+15 9.790982e+15 6.993558e+15 1.028778e-47 0.2
6.993558e+15 9.790982e+15 4.196135e+15 2.082333e-47 0.2
6.993558e+15 9.790982e+15 1.398712e+15 3.123327e-47 0.2
6.993558e+15 9.790982e+15 -1.398712e+15 3.123327e-47 0.2
6.993558e+15 9.790982e+15 -4.196135e+15 2.082333e-47 0.2
6.993558e+15 9.790982e+15 -6.993558e+15 1.028778e-47 0.2
6.993558e+15 9.790982e+15 -9.790982e+15 2.678907e-49 0.4
6.993558e+15 9.790982e+15 -1.258841e+16 1.893729e-49 0.4
6.993558e+15 6.993558e+15 1.258841e+16 2.437297e-49 0.4
6.993558e+15 6.993558e+15 9.790982e+15 6.951203e-48 0.2
6.993558e+15 6.993558e+15 6.993558e+15 2.110356e-47 0.2
6.993558e+15 6.993558e+15 4.196135e+15 5.510522e-47 0.2
6.993558e+15 6.993558e+15 1.398712e+15 9.870066e-47 0.2
6.993558e+15 6.993558e+15 -1.398712e+15 9.870066e-47 0.2
6.993558e+15 6.993558e+15 -4.196135e+15 5.510522e-47 0.2
6.993558e+15 6.993558e+15 -6.993558e+15 2.110356e-47 0.2
6.993558e+15 6.993558e+15 -9.790982e+15 6.951203e-48 0.2
6.993558e+15 6.993558e+15 -1.258841e+16 2.437297e-49 0.4
6.993558e+15 4.196135e+15 1.258841e+16 2.963252e-49 0.4
6.993558e+15 4.196135e+15 9.790982e+15 9.567475e-48 0.4
6.993558e+15 4.196135e+15 6.993558e+15 3.747155e-47 0.2
6.993558e+15 4.196135e+15 4.196135e+15 1.328116e-46 0.2
6.993558e+15 4.196135e+15 1.398712e+15 3.025781e-46 0.2
6.993558e+15 4.196135e+15 -1.398712e+15 3.025781e-46 0.2
6.993558e+15 4.196135e+15 -4.196135e+15 1.328116e-46 0.2
6.993558e+15 4.196135e+15 -6.993558e+15 3.747155e-47 0.2
6.993558e+15 4.196135e+15 -9.790982e+15 9.567475e-48 0.4
6.993558e+15 4.196135e+15 -1.258841e+16 2.963252e-49 0.4
6.993558e+15 1.398712e+15 1.258841e+16 3.301716e-49 0.4
6.993558e+15 1.398712e+15 9.790982e+15 1.097385e-47 0.4
6.993558e+15 1.398712e+15 6.993558e+15 5.132434e-47 0.2
6.993558e+15 1.398712e+15 4.196135e+15 2.313833e-46 0.2
6.993558e+15 1.398712e+15 1.398712e+15 6.533548e-46 0.2
6.993558e+15 1.398712e+15 -1.398712e+15 6.533548e-46 0.2
6.993558e+15 1.398712e+15 -4.196135e+15 2.313833e-46 0.2
6.993558e+15 1.398712e+15 -6.993558e+15 5.132434e-47 0.2
6.993558e+15 1.398712e+15 -9.790982e+15 1.097385e-47 0.4
6.993558e+15 1.398712e+15 -1.258841e+16 3.301716e-49 0.4
6.993558e+15 -1.398712e+15 1.258841e+16 3.301716e-49 0.4
6.993558e+15 -1.398712e+15 9.790982e+15 1.097385e-47 0.4
6.993558e+15 -1.398712e+15 6.993558e+15 5.132434e-47 0.2
6.993558e+15 -1.398712e+15 4.196135e+15 2.313833e-46 0.2
6.993558e+15 -1.398712e+15 1.398712e+15 6.533548e-46 0.2
6.993558e+15 -1.398712e+15 -1.398712e+15 6.533548e-46 0.2
6.993558e+15 -1.398712e+15 -4.196135e+15 2.313833e-46 0.2
6.993558e+15 -1.398712e+15 -6.993558e+15 5.132434e-47 0.2
6.993558e+15 -1.398712e+15 -9.790982e+15 1.097385e-47 0.4
6.993558e+15 -1.398712e+15 -1.258841e+16 3.301716e-49 0.4
6.993558e+15 -4.196135e+15 1.258841e+16 2.963252e-49 0.4
6.993558e+15 -4.196135e+15 9.790982e+15 9.567475e-48 0.4
6.993558e+15 -4.196135e+15 6.993558e+15 3.747155e-47 0.2
6.993558e+15 -4.196135e+15 4.196135e+15 1.328116e-46 0.2
6.993558e+15 -4.196135e+15 1.398712e+15 3.025781e-46 0.2
6.993558e+15 -4.196135e+15 -1.398712e+15 3.025781e-46 0.2
6.993558e+15 -4.196135e+15 -4.196135e+15 1.328116e-46 0.2
6.993558e+15 -4.196135e+15 -6.993558e+15 3.747155e-47 0.2
6.993558e+15 -4.196135e+15 -9.790982e+15 9.567475e-48 0.4
6.993558e+15 -4.196135e+15 -1.258841e+16 2.963252e-49 0.4
6.993558e+15 -6.993558e+15 1.258841e+16 2.437297e-49 0.4
6.993558e+15 -6.993558e+15 9.790982e+15 6.951203e-48 0.2
6.993558e+15 -6.993558e+15 6.993558e+15 2.110356e-47 0.2
6.993558e+15 -6.993558e+15 4.196135e+15 5.510522e-47 0.2
6.993558e+15 -6.993558e+15 1.398712e+15 9.870066e-47 0.2
6.993558e+15 -6.993558e+15 -1.398712e+15 9.870066e-47 0.2
6.993558e+15 -6.993558e+15 -4.196135e+15 5.510522e-47 0.2
6.993558e+15 -6.993558e+15 -6.993558e+15 2.110356e-47 0.2
6.993558e+15 -6.993558e+15 -9.790982e+15 6.951203e-48 0.2
6.993558e+15 -6.993558e+15 -1.258841e+16 2.437297e-49 0.4
6.993558e+15 -9.790982e+15 1.258841e+16 1.893729e-49 0.4
6.993558e+15 -9.790982e+15 9.790982e+15 2.678907e-49 0.4
6.993558e+15 -9.790982e+15 6.993558e+15 1.028778e-47 0.2
6.993558e+15 -9.790982e+15 4.196135e+15 2.082333e-47 0.2
6.993558e+15 -9.790982e+15 1.398712e+15 3.123327e-47 0.2
6.993558e+15 -9.790982e+15 -1.398712e+15 3.123327e-47 0.2
6.993558e+15 -9.790982e+15 -4.196135e+15 2.082333e-47 0.2
6.993558e+15 -9.790982e+15 -6.993558e+15 1.028778e-47 0.2
6.993558e+15 -9.790982e+15 -9.790982e+15 2.678907e-49 0.4
6.993558e+15 -9.790982e+15 -1.258841e+16 1.893729e-49 0.4
6.993558e+15 -1.258841e+16 1.258841e+16 1.429068e-49 0.4
6.993558e+15 -1.258841e+16 9.790982e+15 1.893729e-49 0.4
6.993558e+15 -1.258841e+16 6.993558e+15 2.437297e-49 0.4
6.993558e+15 -1.258841e+16 4.196135e+15 2.963252e-49 0.4
6.993558e+15 -1.258841e+16 1.398712e+15 3.301716e-49 0.4
6.993558e+15 -1.258841e+16 -1.398712e+15 3.301716e-49 0.4
6.993558e+15 -1.258841e+16 -4.196135e+15 2.963252e-49 0.4
6.993558e+15 -1.258841e+16 -6.993558e+15 2.437297e-49 0.4
6.993558e+15 -1.258841e+16 -9.790982e+15 1.893729e-49 0.4
6.993558e+15 -1.258841e+16 -1.258841e+16 1.429068e-49 0.4
4.196135e+15 1.258841e+16 1.258841e+16 1.634260e-49 0.4
4.196135e+15 1.258841e+16 9.790982e+15 2.229940e-49 0.4
4.196135e+15 1.258841e+16 6.993558e+15 2.963252e-49 0.4
4.196135e+15 1.258841e+16 4.196135e+15 1.251217e-47 0.2
4.196135e+15 1.258841e+16 1.398712e+15 1.752700e-47 0.2
4.196135e+15 1.258841e+16 -1.398712e+15 1.752700e-47 0.2
4.196135e+15 1.258841e+16 -4.196135e+15 1.251217e-47 0.2
4.196135e+15 1.258841e+16 -6.993558e+15 2.963252e-49 0.4
4.196135e+15 1.258841e+16 -9.790982e+15 2.229940e-49 0.4
4.196135e+15 1.258841e+16 -1.258841e+16 1.634260e-49 0.4
4.196135e+15 9.790982e+15 1.258841e+16 2.229940e-49 0.4
4.196135e+15 9.790982e+15 9.790982e+15 3.301716e-49 0.4
4.196135e+15 9.790982e+15 6.993558e+15 1.632099e-47 0.2
4.196135e+15 9.790982e+15 4.196135e+15 3.843789e-47 0.2
4.196135e+15 9.790982e+15 1.398712e+15 6.392205e-47 0.2
4.196135e+15 9.790982e+15 -1.398712e+15 6.392205e-47 0.2
4.196135e+15 9.790982e+15 -4.196135e+15 3.843789e-47 0.2
4.196135e+15 9.790982e+15 -6.993558e+15 1.632099e-47 0.2
4.196135e+15 9.790982e+15 -9.790982e+15 3.301716e-49 0.4
4.196135e+15 9.790982e+15 -1.258841e+16 2.229940e-49 0.4
4.196135e+15 6.993558e+15 1.258841e+16 2.963252e-49 0.4
4.196135e+15 6.993558e+15 9.790982e+15 9.567475e-48 0.4
4.196135e+15 6.993558e+15 6.993558e+15 3.747155e-47 0.2
4.196135e+15 6.993558e+15 4.196135e+15 1.328116e-46 0.2
4.196135e+15 6.993558e+15 1.398712e+15 3.025781e-46 0.2
4.196135e+15 6.993558e+15 -1.398712e+15 3.025781e-46 0.2
4.196135e+15 6.993558e+15 -4.196135e+15 1.328116e-46 0.2
4.196135e+15 6.993558e+15 -6.993558e+15 3.747155e-47 0.2
4.196135e+15 6.993558e+15 -9.790982e+15 9.567475e-48 0.4
4.196135e+15 6.993558e+15 -1.258841e+16 2.963252e-49 0.4
4.196135e+15 4.196135e+15 1.258841e+16 2.502433e-48 0.4
4.196135e+15 4.196135e+15 9.790982e+15 1.192900e-47 0.4
4.196135e+15 4.196135e+15 6.993558e+15 7.031200e-47 0.4
4.196135e+15 4.196135e+15 4.196135e+15 4.523225e-46 0.2
4.196135e+15 4.196135e+15 1.398712e+15 1.844543e-45 0.2
4.196135e+15 4.196135e+15 -1.398712e+15 1.844543e-45 0.2
4.196135e+15 4.196135e+15 -4.196135e+15 4.523225e-46 0.2
4.196135e+15 4.196135e+15 -6.993558e+15 7.031200e-47 0.4
4.196135e+15 4.196135e+15 -9.790982e+15 1.192900e-47 0.4
4.196135e+15 4.196135e+15 -1.258841e+16 2.502433e-48 0.4
4.196135e+15 1.398712e+15 1.258841e+16 1.947445e-48 0.4
4.196135e+15 1.398712e+15 9.790982e+15 1.102104e-47 0.4
4.196135e+15 1.398712e+15 6.993558e+15 8.899356e-47 0.4
4.196135e+15 1.398712e+15 4.196135e+15 1.024746e-45 0.2
4.196135e+15 1.398712e+15 1.398712e+15 9.121369e-45 0.2
4.196135e+15 1.398712e+15 -1.398712e+15 9.121369e-45 0.2
4.196135e+15 1.398712e+15 -4.196135e+15 1.024746e-45 0.2
4.196135e+15 1.398712e+15 -6.993558e+15 8.899356e-47 0.4
4.196135e+15 1.398712e+15 -9.790982e+15 1.102104e-47 0.4
4.196135e+15 1.398712e+15 -1.258841e+16 1.947445e-48 0.4
4.196135e+15 -1.398712e+15 1.258841e+16 1.947445e-48 0.4
4.196135e+15 -1.398712e+15 9.790982e+15 1.102104e-47 0.4
4.196135e+15 -1.398712e+15 6.993558e+15 8.899356e-47 0.4
4.196135e+15 -1.398712e+15 4.196135e+15 1.024746e-45 0.2
4.196135e+15 -1.398712e+15 1.398712e+15 9.121369e-45 0.2
4.196135e+15 -1.398712e+15 -1.398712e+15 9.121369e-45 0.2
4.196135e+15 -1.398712e+15 -4.196135e+15 1.024746e-45 0.2
4.196135e+15 -1.398712e+15 -6.993558e+15 8.899356e-47 0.4
4.196135e+15 -1.398712e+15 -9.790982e+15 1.102104e-47 0.4
4.196135e+15 -1.398712e+15 -1.258841e+16 1.947445e-48 0.4
4.196135e+15 -4.196135e+15 1.258841e+16 2.502433e-48 0.4
4.196135e+15 -4.196135e+15 9.790982e+15 1.192900e-47 0.4
4.196135e+15 -4.196135e+15 6.993558e+15 7.031200e-47 0.4
4.196135e+15 -4.196135e+15 4.196135e+15 4.523225e-46 0.2
4.196135e+15 -4.196135e+15 1.398712e+15 1.844543e-45 0.2
4.196135e+15 -4.196135e+15 -1.398712e+15 1.844543e-45 0.2
4.196135e+15 -4.196135e+15 -4.196135e+15 4.523225e-46 0.2
4.196135e+15 -4.196135e+15 -6.993558e+15 7.031200e-47 0.4
4.196135e+15 -4.196135e+15 -9.790982e+15 1.192900e-47 0.4
4.196135e+15 -4.196135e+15 -1.258841e+16 2.502433e-48 0.4
4.196135e+15 -6.993558e+15 1.258841e+16 2.963252e-49 0.4
4.196135e+15 -6.993558e+15 9.790982e+15 9.567475e-48 0.4
4.196135e+15 -6.993558e+15 6.993558e+15 3.747155e-47 0.2
4.196135e+15 -6.993558e+15 4.196135e+15 1.328116e-46 0.2
4.196135e+15 -6.993558e+15 1.398712e+15 3.025781e-46 0.2
4.196135e+15 -6.993558e+15 -1.398712e+15 3.025781e-46 0.2
4.196135e+15 -6.993558e+15 -4.196135e+15 1.328116e-46 0.2
4.196135e+15 -6.993558e+15 -6.993558e+15 3.747155e-47 0.2
4.196135e+15 -6.993558e+15 -9.790982e+15 9.567475e-48 0.4
4.196135e+15 -6.993558e+15 -1.258841e+16 2.963252e-49 0.4
4.196135e+15 -9.790982e+15 1.258841e+16 2.229940e-49 0.4
4.196135e+15 -9.790982e+15 9.790982e+15 3.301716e-49 0.4
4.196135e+15 -9.790982e+15 6.993558e+15 1.632099e-47 0.2
4.196135e+15 -9.790982e+15 4.196135e+15 3.843789e-47 0.2
4.196135e+15 -9.790982e+15 1.398712e+15 6.392205e-47 0.2
4.196135e+15 -9.790982e+15 -1.398712e+15 6.392205e-47 0.2
4.196135e+15 -9.790982e+15 -4.196135e+15 3.843789e-47 0.2
4.196135e+15 -9.790982e+15 -6.993558e+15 1.632099e-47 0.2
4.196135e+15 -9.790982e+15 -9.790982e+15 3.301716e-49 0.4
4.196135e+15 -9.790982e+15 -1.258841e+16 2.229940e-49 0.4
4.196135e+15 -1.258841e+16 1.258841e+16 1.634260e-49 0.4
4.196135e+15 -1.258841e+16 9.790982e+15 2.229940e-49 0.4
4.196135e+15 -1.258841e+16 6.993558e+15 2.963252e-49 0.4
4.196135e+15 -1.258841e+16 4.196135e+15 1.251217e-47 0.2
4.196135e+15 -1.258841e+16 1.398712e+15 1.752700e-47 0.2
4.196135e+15 -1.258841e+16 -1.398712e+15 1.752700e-47 0.2
4.196135e+15 -1.258841e+16 -4.196135e+15 1.251217e-47 0.2
4.196135e+15 -1.258841e+16 -6.993558e+15 2.963252e-49 0.4
4.196135e+15 -1.258841e+16 -9.790982e+15 2.229940e-49 0.4
4.196135e+15 -1.258841e+16 -1.258841e+16 1.634260e-49 0.4
1.398712e+15 1.258841e+16 1.258841e+16 1.756038e-49 0.4
1.398712e+15 1.258841e+16 9.790982e+15 2.437297e-49 0.4
1.398712e+15 1.258841e+16 6.993558e+15 3.301716e-49 0.4
1.398712e+15 1.258841e+16 4.196135e+15 1.596905e-47 0.2
1.398712e+15 1.258841e+16 1.398712e+15 2.307450e-47 0.2
1.398712e+15 1.258841e+16 -1.398712e+15 2.307450e-47 0.2
1.398712e+15 1.258841e+16 -4.196135e+15 1.596905e-47 0.2
1.398712e+15 1.258841e+16 -6.993558e+15 3.301716e-49 0.4
1.398712e+15 1.258841e+16 -9.790982e+15 2.437297e-49 0.4
1.398712e+15 1.258841e+16 -1.258841e+16 1.756038e-49 0.4
1.398712e+15 9.790982e+15 1.258841e+16 2.437297e-49 0.4
1.398712e+15 9.790982e+15 9.790982e+15 6.951203e-48 0.2
1.398712e+15 9.790982e+15 6.993558e+15 2.110356e-47 0.2
1.398712e+15 9.790982e+15 4.196135e+15 5.510522e-47 0.2
1.398712e+15 9.790982e+15 1.398712e+15 9.870066e-47 0.2
1.398712e+15 9.790982e+15 -1.398712e+15 9.870066e-47 0.2
1.398712e+15 9.790982e+15 -4.196135e+15 5.510522e-47 0.2
1.398712e+15 9.790982e+15 -6.993558e+15 2.110356e-47 0.2
1.398712e+15 9.790982e+15 -9.790982e+15 6.951203e-48 0.2
1.398712e+15 9.790982e+15 -1.258841e+16 2.437297e-49 0.4
1.398712e+15 6.993558e+15 1.258841e+16 3.301716e-49 0.4
1.398712e+15 6.993558e+15 9.790982e+15 1.097385e-47 0.4
1.398712e+15 6.993558e+15 6.993558e+15 5.132434e-47 0.2
1.398712e+15 6.993558e+15 4.196135e+15 2.313833e-46 0.2
1.398712e+15 6.993558e+15 1.398712e+15 6.533548e-46 0.2
1.398712e+15 6.993558e+15 -1.398712e+15 6.533548e-46 0.2
1.398712e+15 6.993558e+15 -4.196135e+15 2.313833e-46 0.2
1.398712e+15 6.993558e+15 -6.993558e+15 5.132434e-47 0.2
1.398712e+15 6.993558e+15 -9.790982e+15 1.097385e-47 0.4
1.398712e+15 6.993558e+15 -1.258841e+16 3.301716e-49 0.4
1.398712e+15 4.196135e+15 1.258841e+16 1.947445e-48 0.4
1.398712e+15 4.196135e+15 9.790982e+15 1.102104e-47 0.4
1.398712e+15 4.196135e+15 6.993558e+15 8.899356e-47 0.4
1.398712e+15 4.196135e+15 4.196135e+15 1.024746e-45 0.2
1.398712e+15 4.196135e+15 1.398712e+15 9.121369e-45 0.2
1.398712e+15 4.196135e+15 -1.398712e+15 9.121369e-45 0.2
1.398712e+15 4.196135e+15 -4.196135e+15 1.024746e-45 0.2
1.398712e+15 4.196135e+15 -6.993558e+15 8.899356e-47 0.4
1.398712e+15 4.196135e+15 -9.790982e+15 1.102104e-47 0.4
1.398712e+15 4.196135e+15 -1.258841e+16 1.947445e-48 0.4
1.398712e+15 1.398712e+15 1.258841e+16 5.627926e-49 0.4
1.398712e+15 1.398712e+15 9.790982e+15 3.948027e-48 0.4
1.398712e+15 1.398712e+15 6.993558e+15 5.025806e-47 0.4
1.398712e+15 1.398712e+15 4.196135e+15 1.824274e-45 0.4
1.398712e+15 1.398712e+15 1.398712e+15 3.297431e-43 0.2
1.398712e+15 1.398712e+15 -1.398712e+15 3.297431e-43 0.2
1.398712e+15 1.398712e+15 -4.196135e+15 1.824274e-45 0.4
1.398712e+15 1.398712e+15 -6.993558e+15 5.025806e-47 0.4
1.398712e+15 1.398712e+15 -9.790982e+15 3.948027e-48 0.4
1.398712e+15 1.398712e+15 -1.258841e+16 5.627926e-49 0.4
1.398712e+15 -1.398712e+15 1.258841e+16 5.627926e-49 0.4
1.398712e+15 -1.398712e+15 9.790982e+15 3.948027e-48 0.4
1.398712e+15 -1.398712e+15 6.993558e+15 5.025806e-47 0.4
1.398712e+15 -1.398712e+15 4.196135e+15 1.824274e-45 0.4
1.398712e+15 -1.398712e+15 1.398712e+15 3.297431e-43 0.2
1.398712e+15 -1.398712e+15 -1.398712e+15 3.297431e-43 0.2
1.398712e+15 -1.398712e+15 -4.196135e+15 1.824274e-45 0.4
1.398712e+15 -1.398712e+15 -6.993558e+15 5.025806e-47 0.4
1.398712e+15 -1.398712e+15 -9.790982e+15 3.948027e-48 0.4
1.398712e+15 -1.398712e+15 -1.258841e+16 5.627926e-49 0.4
1.398712e+15 -4.196135e+15 1.258841e+16 1.947445e-48 0.4
1.398712e+15 -4.196135e+15 9.790982e+15 1.102104e-47 0.4
1.398712e+15 -4.196135e+15 6.993558e+15 8.899356e-47 0.4
1.398712e+15 -4.196135e+15 4.196135e+15 1.024746e-45 0.2
1.398712e+15 -4.196135e+15 1.398712e+15 9.121369e-45 0.2
1.398712e+15 -4.196135e+15 -1.398712e+15 9.121369e-45 0.2
1.398712e+15 -4.196135e+15 -4.196135e+15 1.024746e-45 0.2
1.398712e+15 -4.196135e+15 -6.993558e+15 8.899356e-47 0.4
1.398712e+15 -4.196135e+15 -9.790982e+15 1.102104e-47 0.4
1.398712e+15 -4.196135e+15 -1.258841e+16 1.947445e-48 0.4
1.398712e+15 -6.993558e+15 1.258841e+16 3.301716e-49 0.4
1.398712e+15 -6.993558e+15 9.790982e+15 1.097385e-47 0.4
1.398712e+15 -6.993558e+15 6.993558e+15 5.132434e-47 0.2
1.398712e+15 -6.993558e+15 4.196135e+15 2.313833e-46 0.2
1.398712e+15 -6.993558e+15 1.398712e+15 6.533548e-46 0.2
1.398712e+15 -6.993558e+15 -1.398712e+15 6.533548e-46 0.2
1.398712e+15 -6.993558e+15 -4.196135e+15 2.313833e-46 0.2
1.398712e+15 -6.993558e+15 -6.993558e+15 5.132434e-47 0.2
1.398712e+15 -6.993558e+15 -9.790982e+15 1.097385e-47 0.4
1.398712e+15 -6.993558e+15 -1.258841e+16 3.301716e-49 0.4
1.398712e+15 -9.790982e+15 1.258841e+16 2.437297e-49 0.4
1.398712e+15 -9.790982e+15 9.790982e+15 6.951203e-48 0.2
1.398712e+15 -9.790982e+15 6.993558e+15 2.110356e-47 0.2
1.398712e+15 -9.790982e+15 4.196135e+15 5.510522e-47 0.2
1.398712e+15 -9.790982e+15 1.398712e+15 9.870066e-47 0.2
1.398712e+15 -9.790982e+15 -1.398712e+15 9.870066e-47 0.2
1.398712e+15 -9.790982e+15 -4.196135e+15 5.510522e-47 0.2
1.398712e+15 -9.790982e+15 -6.993558e+15 2.110356e-47 0.2
1.398712e+15 -9.790982e+15 -9.790982e+15 6.951203e-48 0.2
1.398712e+15 -9.790982e+15 -1.258841e+16 2.437297e-49 0.4
1.398712e+15 -1.258841e+16 1.258841e+16 1.756038e-49 0.4
1.398712e+15 -1.258841e+16 9.790982e+15 2.437297e-49 0.4
1.398712e+15 -1.258841e+16 6.993558e+15 3.301716e-49 0.4
1.398712e+15 -1.258841e+16 4.196135e+15 1.596905e-47 0.2
1.398712e+15 -1.258841e+16 1.398712e+15 2.307450e-47 0.2
1.398712e+15 -1.258841e+16 -1.398712e+15 2.307450e-47 0.2
1.398712e+15 -1.258841e+16 -4.196135e+15 1.596905e-47 0.2
1.398712e+15 -1.258841e+16 -6.993558e+15 3.301716e-49 0.4
1.398712e+15 -1.258841e+16 -9.790982e+15 2.437297e-49 0.4
1.398712e+15 -1.258841e+16 -1.258841e+16 1.756038e-49 0.4
-1.398712e+15 1.258841e+16 1.258841e+16 1.756038e-49 0.4
-1.398712e+15 1.258841e+16 9.790982e+15 2.437297e-49 0.4
-1.398712e+15 1.258841e+16 6.993558e+15 3.301716e-49 0.4
-1.398712e+15 1.258841e+16 4.196135e+15 1.596905e-47 0.2
-1.398712e+15 1.258841e+16 1.398712e+15 2.307450e-47 0.2
-1.398712e+15 1.258841e+16 -1.398712e+15 2.307450e-47 0.2
-1.398712e+15 1.258841e+16 -4.196135e+15 1.596905e-47 0.2
-1.398712e+15 1.258841e+16 -6.993558e+15 3.301716e-49 0.4
-1.398712e+15 1.258841e+16 -9.790982e+15 2.437297e-49 0.4
-1.398712e+15 1.258841e+16 -1.258841e+16 1.756038e-49 0.4
-1.398712e+15 9.790982e+15 1.258841e+16 2.437297e-49 0.4
-1.398712e+15 9.790982e+15 9.790982e+15 6.951203e-48 0.2
-1.398712e+15 9.790982e+15 6.993558e+15 2.110356e-47 0.2
-1.398712e+15 9.790982e+15 4.196135e+15 5.510522e-47 0.2
-1.398712e+15 9.790982e+15 1.398712e+15 9.870066e-47 0.2
-1.398712e+15 9.790982e+15 -1.398712e+15 9.870066e-47 0.2
-1.398712e+15 9.790982e+15 -4.196135e+15 5.510522e-47 0.2
-1.398712e+15 9.790982e+15 -6.993558e+15 2.110356e-47 0.2
-1.398712e+15 9.790982e+15 -9.790982e+15 6.951203e-48 0.2
-1.398712e+15 9.790982e+15 -1.258841e+16 2.437297e-49 0.4
-1.398712e+15 6.993558e+15 1.258841e+16 3.301716e-49 0.4
-1.398712e+15 6.993558e+15 9.790982e+15 1.097385e-47 0.4
-1.398712e+15 6.993558e+15 6.993558e+15 5.132434e-47 0.2
-1.398712e+15 6.993558e+15 4.196135e+15 2.313833e-46 0.2
-1.398712e+15 6.993558e+15 1.398712e+15 6.533548e-46 0.2
-1.398712e+15 6.993558e+15 -1.398712e+15 6.533548e-46 0.2
-1.398712e+15 6.993558e+15 -4.196135e+15 2.313833e-46 0.2
-1.398712e+15 6.993558e+15 -6.993558e+15 5.132434e-47 0.2
-1.398712e+15 6.993558e+15 -9.790982e+15 1.097385e-47 0.4
-1.398712e+15 6.993558e+15 -1.258841e+16 3.301716e-49 0.4
-1.398712e+15 4.196135e+15 1.258841e+16 1.947445e-48 0.4
-1.398712e+15 4.196135e+15 9.790982e+15 1.102104e-47 0.4
-1.398712e+15 4.196135e+15 6.993558e+15 8.899356e-47 0.4
-1.398712e+15 4.196135e+15 4.196135e+15 1.024746e-45 0.2
-1.398712e+15 4.196135e+15 1.398712e+15 9.121369e-45 0.2
-1.398712e+15 4.196135e+15 -1.398712e+15 9.121369e-45 0.2
-1.398712e+15 4.196135e+15 -4.196135e+15 1.024746e-45 0.2
-1.398712e+15 4.196135e+15 -6.993558e+15 8.899356e-47 0.4
-1.398712e+15 4.196135e+15 -9.790982e+15 1.102104e-47 0.4
-1.398712e+15 4.196135e+15 -1.258841e+16 1.947445e-48 0.4
-1.398712e+15 1.398712e+15 1.258841e+16 5.627926e-49 0.4
-1.398712e+15 1.398712e+15 9.790982e+15 3.948027e-48 0.4
-1.398712e+15 1.398712e+15 6.993558e+15 5.025806e-47 0.4
-1.398712e+15 1.398712e+15 4.196135e+15 1.824274e-45 0.4
-1.398712e+15 1.398712e+15 1.398712e+15 3.297431e-43 0.2
-1.398712e+15 1.398712e+15 -1.398712e+15 3.297431e-43 0.2
-1.398712e+15 1.398712e+15 -4.196135e+15 1.824274e-45 0.4
-1.398712e+15 1.398712e+15 -6.993558e+15 5.025806e-47 0.4
-1.398712e+15 1.398712e+15 -9.790982e+15 3.948027e-48 0.4
-1.398712e+15 1.398712e+15 -1.258841e+16 5.627926e-49 0.4
-1.398712e+15 -1.398712e+15 1.258841e+16 5.627926e-49 0.4
-1.398712e+15 -1.398712e+15 9.790982e+15 3.948027e-48 0.4
-1.398712e+15 -1.398712e+15 6.993558e+15 5.025806e-47 0.4
-1.398712e+15 -1.398712e+15 4.196135e+15 1.824274e-45 0.4
-1.398712e+15 -1.398712e+15 1.398712e+15 3.297431e-43 0.2
-1.398712e+15 -1.398712e+15 -1.398712e+15 3.297431e-43 0.2
-1.398712e+15 -1.398712e+15 -4.196135e+15 1.824274e-45 0.4
-1.398712e+15 -1.398712e+15 -6.993558e+15 5.025806e-47 0.4
-1.398712e+15 -1.398712e+15 -9.790982e+15 3.948027e-48 0.4
-1.398712e+15 -1.398712e+15 -1.258841e+16 5.627926e-49 0.4
-1.398712e+15 -4.196135e+15 1.258841e+16 1.947445e-48 0.4
-1.398712e+15 -4.196135e+15 9.790982e+15 1.102104e-47 0.4
-1.398712e+15 -4.196135e+15 6.993558e+15 8.899356e-47 0.4
-1.398712e+15 -4.196135e+15 4.196135e+15 1.024746e-45 0.2
-1.398712e+15 -4.196135e+15 1.398712e+15 9.121369e-45 0.2
-1.398712e+15 -4.196135e+15 -1.398712e+15 9.121369e-45 0.2
-1.398712e+15 -4.196135e+15 -4.196135e+15 1.024746e-45 0.2
-1.398712e+15 -4.196135e+15 -6.993558e+15 8.899356e-47 0.4
-1.398712e+15 -4.196135e+15 -9.790982e+15 1.102104e-47 0.4
-1.398712e+15 -4.196135e+15 -1.258841e+16 1.947445e-48 0.4
-1.398712e+15 -6.993558e+15 1.258841e+16 3.301716e-49 0.4
-1.398712e+15 -6.993558e+15 9.790982e+15 1.097385e-47 0.4
-1.398712e+15 -6.993558e+15 6.993558e+15 5.132434e-47 0.2
-1.398712e+15 -6.993558e+15 4.196135e+15 2.313833e-46 0.2
-1.398712e+15 -6.993558e+15 1.398712e+15 6.533548e-46 0.2
-1.398712e+15 -6.993558e+15 -1.398712e+15 6.533548e-46 0.2
-1.398712e+15 -6.993558e+15 -4.196135e+15 2.313833e-46 0.2
-1.398712e+15 -6.993558e+15 -6.993558e+15 5.132434e-47 0.2
-1.398712e+15 -6.993558e+15 -9.790982e+15 1.097385e-47 0.4
-1.398712e+15 -6.993558e+15 -1.258841e+16 3.301716e-49 0.4
-1.398712e+15 -9.790982e+15 1.258841e+16 2.437297e-49 0.4
-1.398712e+15 -9.790982e+15 9.790982e+15 6.951203e-48 0.2
-1.398712e+15 -9.790982e+15 6.993558e+15 2.110356e-47 0.2
-1.398712e+15 -9.790982e+15 4.196135e+15 5.510522e-47 0.2
-1.398712e+15 -9.790982e+15 1.398712e+15 9.870066e-47 0.2
-1.398712e+15 -9.790982e+15 -1.398712e+15 9.870066e-47 0.2
-1.398712e+15 -9.790982e+15 -4.196135e+15 5.510522e-47 0.2
-1.398712e+15 -9.790982e+15 -6.993558e+15 2.110356e-47 0.2
-1.398712e+15 -9.790982e+15 -9.790982e+15 6.951203e-48 0.2
-1.398712e+15 -9.790982e+15 -1.258841e+16 2.437297e-49 0.4
-1.398712e+15 -1.258841e+16 1.258841e+16 1.756038e-49 0.4
-1.398712e+15 -1.258841e+16 9.790982e+15 2.437297e-49 0.4
-1.398712e+15 -1.258841e+16 6.993558e+15 3.301716e-49 0.4
-1.398712e+15 -1.258841e+16 4.196135e+15 1.596905e-47 0.2
-1.398712e+15 -1.258841e+16 1.398712e+15 2.307450e-47 0.2
-1.398712e+15 -1.258841e+16 -1.398712e+15 2.307450e-47 0.2
-1.398712e+15 -1.258841e+16 -4.196135e+15 1.596905e-47 0.2
-1.398712e+15 -1.258841e+16 -6.993558e+15 3.301716e-49 0.4
-1.398712e+15 -1.258841e+16 -9.790982e+15 2.437297e-49 0.4
-1.398712e+15 -1.258841e+16 -1.258841e+16 1.756038e-49 0.4
-4.196135e+15 1.258841e+16 1.258841e+16 1.634260e-49 0.4
-4.196135e+15 1.258841e+16 9.790982e+15 2.229940e-49 0.4
-4.196135e+15 1.258841e+16 6.993558e+15 2.963252e-49 0.4
-4.196135e+15 1.258841e+16 4.196135e+15 1.251217e-47 0.2
-4.196135e+15 1.258841e+16 1.398712e+15 1.752700e-47 0.2
-4.196135e+15 1.258841e+16 -1.398712e+15 1.752700e-47 0.2
-4.196135e+15 1.258841e+16 -4.196135e+15 1.251217e-47 0.2
-4.196135e+15 1.258841e+16 -6.993558e+15 2.963252e-49 0.4
-4.196135e+15 1.258841e+16 -9.790982e+15 2.229940e-49 0.4
-4.196135e+15 1.258841e+16 -1.258841e+16 1.634260e-49 0.4
-4.196135e+15 9.790982e+15 1.258841e+16 2.229940e-49 0.4
-4.196135e+15 9.790982e+15 9.790982e+15 3.301716e-49 0.4
-4.196135e+15 9.790982e+15 6.993558e+15 1.632099e-47 0.2
-4.196135e+15 9.790982e+15 4.196135e+15 3.843789e-47 0.2
-4.196135e+15 9.790982e+15 1.398712e+15 6.392205e-47 0.2
-4.196135e+15 9.790982e+15 -1.398712e+15 6.392205e-47 0.2
-4.196135e+15 9.790982e+15 -4.196135e+15 3.843789e-47 0.2
-4.196135e+15 9.790982e+15 -6.993558e+15 1.632099e-47 0.2
-4.196135e+15 9.790982e+15 -9.790982e+15 3.301716e-49 0.4
-4.196135e+15 9.790982e+15 -1.258841e+16 2.229940e-49 0.4
-4.196135e+15 6.993558e+15 1.258841e+16 2.963252e-49 0.4
-4.196135e+15 6.993558e+15 9.790982e+15 9.567475e-48 0.4
-4.196135e+15 6.993558e+15 6.993558e+15 3.747155e-47 0.2
-4.196135e+15 6.993558e+15 4.196135e+15 1.328116e-46 0.2
-4.196135e+15 6.993558e+15 1.398712e+15 3.025781e-46 0.2
-4.196135e+15 6.993558e+15 -1.398712e+15 3.025781e-46 0.2
-4.196135e+15 6.993558e+15 -4.196135e+15 1.328116e-46 0.2
-4.196135e+15 6.993558e+15 -6.993558e+15 3.747155e-47 0.2
-4.196135e+15 6.993558e+15 -9.790982e+15 9.567475e-48 0.4
-4.196135e+15 6.993558e+15 -1.258841e+16 2.963252e-49 0.4
-4.196135e+15 4.196135e+15 1.258841e+16 2.502433e-48 0.4
-4.196135e+15 4.196135e+15 9.790982e+15 1.192900e-47 0.4
-4.196135e+15 4.196135e+15 6.993558e+15 7.031200e-47 0.4
-4.196135e+15 4.196135e+15 4.196135e+15 4.523225e-46 0.2
-4.196135e+15 4.196135e+15 1.398712e+15 1.844543e-45 0.2
-4.196135e+15 4.196135e+15 -1.398712e+15 1.844543e-45 0.2
-4.196135e+15 4.196135e+15 -4.196135e+15 4.523225e-46 0.2
-4.196135e+15 4.196135e+15 -6.993558e+15 7.031200e-47 0.4
-4.196135e+15 4.196135e+15 -9.790982e+15 1.192900e-47 0.4
-4.196135e+15 4.196135e+15 -1.258841e+16 2.502433e-48 0.4
-4.196135e+15 1.398712e+15 1.258841e+16 1.947445e-48 0.4
-4.196135e+15 1.398712e+15 9.790982e+15 1.102104e-47 0.4
-4.196135e+15 1.398712e+15 6.993558e+15 8.899356e-47 0.4
-4.196135e+15 1.398712e+15 4.196135e+15 1.024746e-45 0.2
-4.196135e+15 1.398712e+15 1.398712e+15 9.121369e-45 0.2
-4.196135e+15 1.398712e+15 -1.398712e+15 9.121369e-45 0.2
-4.196135e+15 1.398712e+15 -4.196135e+15 1.024746e-45 0.2
-4.196135e+15 1.398712e+15 -6.993558e+15 8.899356e-47 0.4
-4.196135e+15 1.398712e+15 -9.790982e+15 1.102104e-47 0.4
-4.196135e+15 1.398712e+15 -1.258841e+16 1.947445e-48 0.4
-4.196135e+15 -1.398712e+15 1.258841e+16 1.947445e-48 0.4
-4.196135e+15 -1.398712e+15 9.790982e+15 1.102104e-47 0.4
-4.196135e+15 -1.398712e+15 6.993558e+15 8.899356e-47 0.4
-4.196135e+15 -1.398712e+15 4.196135e+15 1.024746e-45 0.2
-4.196135e+15 -1.398712e+15 1.398712e+15 9.121369e-45 0.2
-4.196135e+15 -1.398712e+15 -1.398712e+15 9.121369e-45 0.2
-4.196135e+15 -1.398712e+15 -4.196135e+15 1.024746e-45 0.2
-4.196135e+15 -1.398712e+15 -6.993558e+15 8.899356e-47 0.4
-4.196135e+15 -1.398712e+15 -9.790982e+15 1.102104e-47 0.4
-4.196135e+15 -1.398712e+15 -1.258841e+16 1.947445e-48 0.4
-4.196135e+15 -4.196135e+15 1.258841e+16 2.502433e-48 0.4
-4.196135e+15 -4.196135e+15 9.790982e+15 1.192900e-47 0.4
-4.196135e+15 -4.196135e+15 6.993558e+15 7.031200e-47 0.4
-4.196135e+15 -4.196135e+15 4.196135e+15 4.523225e-46 0.2
-4.196135e+15 -4.196135e+15 1.398712e+15 1.844543e-45 0.2
-4.196135e+15 -4.196135e+15 -1.398712e+15 1.844543e-45 0.2
-4.196135e+15 -4.196135e+15 -4.196135e+15 4.523225e-46 0.2
-4.196135e+15 -4.196135e+15 -6.993558e+15 7.031200e-47 0.4
-4.196135e+15 -4.196135e+15 -9.790982e+15 1.192900e-47 0.4
-4.196135e+15 -4.196135e+15 -1.258841e+16 2.502433e-48 0.4
-4.196135e+15 -6.993558e+15 1.258841e+16 2.963252e-49 0.4
-4.196135e+15 -6.993558e+15 9.790982e+15 9.567475e-48 0.4
-4.196135e+15 -6.993558e+15 6.993558e+15 3.747155e-47 0.2
-4.196135e+15 -6.993558e+15 4.196135e+15 1.328116e-46 0.2
-4.196135e+15 -6.993558e+15 1.398712e+15 3.025781e-46 0.2
-4.196135e+15 -6.993558e+15 -1.398712e+15 3.025781e-46 0.2
-4.196135e+15 -6.993558e+15 -4.196135e+15 1.328116e-46 0.2
-4.196135e+15 -6.993558e+15 -6.993558e+15 3.747155e-47 0.2
-4.196135e+15 -6.993558e+15 -9.790982e+15 9.567475e-48 0.4
-4.196135e+15 -6.993558e+15 -1.258841e+16 2.963252e-49 0.4
-4.196135e+15 -9.790982e+15 1.258841e+16 2.229940e-49 0.4
-4.196135e+15 -9.790982e+15 9.790982e+15 3.301716e-49 0.4
-4.196135e+15 -9.790982e+15 6.993558e+15 1.632099e-47 0.2
-4.196135e+15 -9.790982e+15 4.196135e+15 3.843789e-47 0.2
-4.196135e+15 -9.790982e+15 1.398712e+15 6.392205e-47 0.2
-4.196135e+15 -9.790982e+15 -1.398712e+15 6.392205e-47 0.2
-4.196135e+15 -9.790982e+15 -4.196135e+15 3.843789e-47 0.2
-4.196135e+15 -9.790982e+15 -6.993558e+15 1.632099e-47 0.2
-4.196135e+15 -9.790982e+15 -9.790982e+15 3.301716e-49 0.4
-4.196135e+15 -9.790982e+15 -1.258841e+16 2.229940e-49 0.4
-4.196135e+15 -1.258841e+16 1.258841e+16 1.634260e-49 0.4
-4.196135e+15 -1.258841e+16 9.790982e+15 2.229940e-49 0.4
-4.196135e+15 -1.258841e+16 6.993558e+15 2.963252e-49 0.4
-4.196135e+15 -1.258841e+16 4.196135e+15 1.251217e-47 0.2
-4.196135e+15 -1.258841e+16 1.398712e+15 1.752700e-47 0.2
-4.196135e+15 -1.258841e+16 -1.398712e+15 1.752700e-47 0.2
-4.196135e+15 -1.258841e+16 -4.196135e+15 1.251217e-47 0.2
-4.196135e+15 -1.258841e+16 -6.993558e+15 2.963252e-49 0.4
-4.196135e+15 -1.258841e+16 -9.790982e+15 2.229940e-49 0.4
-4.196135e+15 -1.258841e+16 -1.258841e+16 1.634260e-49 0.4
-6.993558e+15 1.258841e+16 1.258841e+16 1.429068e-49 0.4
-6.993558e+15 1.258841e+16 9.790982e+15 1.893729e-49 0.4
-6.993558e+15 1.258841e+16 6.993558e+15 2.437297e-49 0.4
-6.993558e+15 1.258841e+16 4.196135e+15 2.963252e-49 0.4
-6.993558e+15 1.258841e+16 1.398712e+15 3.301716e-49 0.4
-6.993558e+15 1.258841e+16 -1.398712e+15 3.301716e-49 0.4
-6.993558e+15 1.258841e+16 -4.196135e+15 2.963252e-49 0.4
-6.993558e+15 1.258841e+16 -6.993558e+15 2.437297e-49 0.4
-6.993558e+15 1.258841e+16 -9.790982e+15 1.893729e-49 0.4
-6.993558e+15 1.258841e+16 -1.258841e+16 1.429068e-49 0.4
-6.993558e+15 9.790982e+15 1.258841e+16 1.893729e-49 0.4
-6.993558e+15 9.790982e+15 9.790982e+15 2.678907e-49 0.4
-6.993558e+15 9.790982e+15 6.993558e+15 1.028778e-47 0.2
-6.993558e+15 9.790982e+15 4.196135e+15 2.082333e-47 0.2
-6.993558e+15 9.790982e+15 1.398712e+15 3.123327e-47 0.2
-6.993558e+15 9.790982e+15 -1.398712e+15 3.123327e-47 0.2
-6.993558e+15 9.790982e+15 -4.196135e+15 2.082333e-47 0.2
-6.993558e+15 9.790982e+15 -6.993558e+15 1.028778e-47 0.2
-6.993558e+15 9.790982e+15 -9.790982e+15 2.678907e-49 0.4
-6.993558e+15 9.790982e+15 -1.258841e+16 1.893729e-49 0.4
-6.993558e+15 6.993558e+15 1.258841e+16 2.437297e-49 0.4
-6.993558e+15 6.993558e+15 9.790982e+15 6.951203e-48 0.2
-6.993558e+15 6.993558e+15 6.993558e+15 2.110356e-47 0.2
-6.993558e+15 6.993558e+15 4.196135e+15 5.510522e-47 0.2
-6.993558e+15 6.993558e+15 1.398712e+15 9.870066e-47 0.2
-6.993558e+15 6.993558e+15 -1.398712e+15 9.870066e-47 0.2
-6.993558e+15 6.993558e+15 -4.196135e+15 5.510522e-47 0.2
-6.993558e+15 6.993558e+15 -6.993558e+15 2.110356e-47 0.2
-6.993558e+15 6.993558e+15 -9.790982e+15 6.951203e-48 0.2
-6.993558e+15 6.993558e+15 -1.258841e+16 2.437297e-49 0.4
-6.993558e+15 4.196135e+15 1.258841e+16 2.963252e-49 0.4
-6.993558e+15 4.196135e+15 9.790982e+15 9.567475e-48 0.4
-6.993558e+15 4.196135e+15 6.993558e+15 3.747155e-47 0.2
-6.993558e+15 4.196135e+15 4.196135e+15 1.328116e-46 0.2
-6.993558e+15 4.196135e+15 1.398712e+15 3.025781e-46 0.2
-6.993558e+15 4.196135e+15 -1.398712e+15 3.025781e-46 0.2
-6.993558e+15 4.196135e+15 -4.196135e+15 1.328116e-46 0.2
-6.993558e+15 4.196135e+15 -6.993558e+15 3.747155e-47 0.2
-6.993558e+15 4.196135e+15 -9.790982e+15 9.567475e-48 0.4
-6.993558e+15 4.196135e+15 -1.258841e+16 2.963252e-49 0.4
-6.993558e+15 1.398712e+15 1.258841e+16 3.301716e-49 0.4
-6.993558e+15 1.398712e+15 9.790982e+15 1.097385e-47 0.4
-6.993558e+15 1.398712e+15 6.993558e+15 5.132434e-47 0.2
-6.993558e+15 1.398712e+15 4.196135e+15 2.313833e-46 0.2
-6.993558e+15 1.398712e+15 1.398712e+15 6.533548e-46 0.2
-6.993558e+15 1.398712e+15 -1.398712e+15 6.533548e-46 0.2
-6.993558e+15 1.398712e+15 -4.196135e+15 2.313833e-46 0.2
-6.993558e+15 1.398712e+15 -6.993558e+15 5.132434e-47 0.2
-6.993558e+15 1.398712e+15 -9.790982e+15 1.097385e-47 0.4
-6.993558e+15 1.398712e+15 -1.258841e+16 3.301716e-49 0.4
-6.993558e+15 -1.398712e+15 1.258841e+16 3.301716e-49 0.4
-6.993558e+15 -1.398712e+15 9.790982e+15 1.097385e-47 0.4
-6.993558e+15 -1.398712e+15 6.993558e+15 5.132434e-47 0.2
-6.993558e+15 -1.398712e+15 4.196135e+15 2.313833e-46 0.2
-6.993558e+15 -1.398712e+15 1.398712e+15 6.533548e-46 0.2
-6.993558e+15 -1.398712e+15 -1.398712e+15 6.533548e-46 0.2
-6.993558e+15 -1.398712e+15 -4.196135e+15 2.313833e-46 0.2
-6.993558e+15 -1.398712e+15 -6.993558e+15 5.132434e-47 0.2
-6.993558e+15 -1.398712e+15 -9.790982e+15 1.097385e-47 0.4
-6.993558e+15 -1.398712e+15 -1.258841e+16 3.301716e-49 0.4
-6.993558e+15 -4.196135e+15 1.258841e+16 2.963252e-49 0.4
-6.993558e+15 -4.196135e+15 9.790982e+15 9.567475e-48 0.4
-6.993558e+15 -4.196135e+15 6.993558e+15 3.747155e-47 0.2
-6.993558e+15 -4.196135e+15 4.196135e+15 1.328116e-46 0.2
-6.993558e+15 -4.196135e+15 1.398712e+15 3.025781e-46 0.2
-6.993558e+15 -4.196135e+15 -1.398712e+15 3.025781e-46 0.2
-6.993558e+15 -4.196135e+15 -4.196135e+15 1.328116e-46 0.2
-6.993558e+15 -4.196135e+15 -6.993558e+15 3.747155e-47 0.2
-6.993558e+15 -4.196135e+15 -9.790982e+15 9.567475e-48 0.4
-6.993558e+15 -4.196135e+15 -1.258841e+16 2.963252e-49 0.4
-6.993558e+15 -6.993558e+15 1.258841e+16 2.437297e-49 0.4
-6.993558e+15 -6.993558e+15 9.790982e+15 6.951203e-48 0.2
-6.993558e+15 -6.993558e+15 6.993558e+15 2.110356e-47 0.2
-6.993558e+15 -6.993558e+15 4.196135e+15 5.510522e-47 0.2
-6.993558e+15 -6.993558e+15 1.398712e+15 9.870066e-47 0.2
-6.993558e+15 -6.993558e+15 -1.398712e+15 9.870066e-47 0.2
-6.993558e+15 -6.993558e+15 -4.196135e+15 5.510522e-47 0.2
-6.993558e+15 -6.993558e+15 -6.993558e+15 2.110356e-47 0.2
-6.993558e+15 -6.993558e+15 -9.790982e+15 6.951203e-48 0.2
-6.993558e+15 -6.993558e+15 -1.258841e+16 2.437297e-49 0.4
-6.993558e+15 -9.790982e+15 1.258841e+16 1.893729e-49 0.4
-6.993558e+15 -9.790982e+15 9.790982e+15 2.678907e-49 0.4
-6.993558e+15 -9.790982e+15 6.993558e+15 1.028778e-47 0.2
-6.993558e+15 -9.790982e+15 4.196135e+15 2.082333e-47 0.2
-6.993558e+15 -9.790982e+15 1.398712e+15 3.123327e-47 0.2
-6.993558e+15 -9.790982e+15 -1.398712e+15 3.123327e-47 0.2
-6.993558e+15 -9.790982e+15 -4.196135e+15 2.082333e-47 0.2
-6.993558e+15 -9.790982e+15 -6.993558e+15 1.028778e-47 0.2
-6.993558e+15 -9.790982e+15 -9.790982e+15 2.678907e-49 0.4
-6.993558e+15 -9.790982e+15 -1.258841e+16 1.893729e-49 0.4
-6.993558e+15 -1.258841e+16 1.258841e+16 1.429068e-49 0.4
-6.993558e+15 -1.258841e+16 9.790982e+15 1.893729e-49 0.4
-6.993558e+15 -1.258841e+16 6.993558e+15 2.437297e-49 0.4
-6.993558e+15 -1.258841e+16 4.196135e+15 2.963252e-49 0.4
-6.993558e+15 -1.258841e+16 1.398712e+15 3.301716e-49 0.4
-6.993558e+15 -1.258841e+16 -1.398712e+15 3.301716e-49 0.4
-6.993558e+15 -1.258841e+16 -4.196135e+15 2.963252e-49 0.4
-6.993558e+15 -1.258841e+16 -6.993558e+15 2.437297e-49 0.4
-6.993558e+15 -1.258841e+16 -9.790982e+15 1.893729e-49 0.4
-6.993558e+15 -1.258841e+16 -1.258841e+16 1.429068e-49 0.4
-9.790982e+15 1.258841e+16 1.258841e+16 1.192317e-49 0.4
-9.790982e+15 1.258841e+16 9.790982e+15 1.525934e-49 0.4
-9.790982e+15 1.258841e+16 6.993558e+15 1.893729e-49 0.4
-9.790982e+15 1.258841e+16 4.196135e+15 2.229940e-49 0.4
-9.790982e+15 1.258841e+16 1.398712e+15 2.437297e-49 0.4
-9.790982e+15 1.258841e+16 -1.398712e+15 2.437297e-49 0.4
-9.790982e+15 1.258841e+16 -4.196135e+15 2.229940e-49 0.4
-9.790982e+15 1.258841e+16 -6.993558e+15 1.893729e-49 0.4
-9.790982e+15 1.258841e+16 -9.790982e+15 1.525934e-49 0.4
-9.790982e+15 1.258841e+16 -1.258841e+16 1.192317e-49 0.4
-9.790982e+15 9.790982e+15 1.258841e+16 1.525934e-49 0.4
-9.790982e+15 9.790982e+15 9.790982e+15 2.050404e-49 0.4
-9.790982e+15 9.790982e+15 6.993558e+15 2.678907e-49 0.4
-9.790982e+15 9.790982e+15 4.196135e+15 3.301716e-49 0.4
-9.790982e+15 9.790982e+15 1.398712e+15 1.362436e-47 0.2
-9.790982e+15 9.790982e+15 -1.398712e+15 1.362436e-47 0.2
-9.790982e+15 9.790982e+15 -4.196135e+15 3.301716e-49 0.4
-9.790982e+15 9.790982e+15 -6.993558e+15 2.678907e-49 0.4
-9.790982e+15 9.790982e+15 -9.790982e+15 2.050404e-49 0.4
-9.790982e+15 9.790982e+15 -1.258841e+16 1.525934e-49 0.4
-9.790982e+15 6.993558e+15 1.258841e+16 1.893729e-49 0.4
-9.790982e+15 6.993558e+15 9.790982e+15 2.678907e-49 0.4
-9.790982e+15 6.993558e+15 6.993558e+15 1.028778e-47 0.2
-9.790982e+15 6.993558e+15 4.196135e+15 2.082333e-47 0.2
-9.790982e+15 6.993558e+15 1.398712e+15 3.123327e-47 0.2
-9.790982e+15 6.993558e+15 -1.398712e+15 3.123327e-47 0.2
-9.790982e+15 6.993558e+15 -4.196135e+15 2.082333e-47 0.2
-9.790982e+15 6.993558e+15 -6.993558e+15 1.028778e-47 0.2
-9.790982e+15 6.993558e+15 -9.790982e+15 2.678907e-49 0.4
-9.790982e+15 6.993558e+15 -1.258841e+16 1.893729e-49 0.4
-9.790982e+15 4.196135e+15 1.258841e+16 2.229940e-49 0.4
-9.790982e+15 4.196135e+15 9.790982e+15 3.301716e-49 0.4
-9.790982e+15 4.196135e+15 6.993558e+15 1.632099e-47 0.2
-9.790982e+15 4.196135e+15 4.196135e+15 3.843789e-47 0.2
-9.790982e+15 4.196135e+15 1.398712e+15 6.392205e-47 0.2
-9.790982e+15 4.196135e+15 -1.398712e+15 6.392205e-47 0.2
-9.790982e+15 4.196135e+15 -4.196135e+15 3.843789e-47 0.2
-9.790982e+15 4.196135e+15 -6.993558e+15 1.632099e-47 0.2
-9.790982e+15 4.196135e+15 -9.790982e+15 3.301716e-49 0.4
-9.790982e+15 4.196135e+15 -1.258841e+16 2.229940e-49 0.4
-9.790982e+15 1.398712e+15 1.258841e+16 2.437297e-49 0.4
-9.790982e+15 1.398712e+15 9.790982e+15 6.951203e-48 0.2
-9.790982e+15 1.398712e+15 6.993558e+15 2.110356e-47 0.2
-9.790982e+15 1.398712e+15 4.196135e+15 5.510522e-47 0.2
-9.790982e+15 1.398712e+15 1.398712e+15 9.870066e-47 0.2
-9.790982e+15 1.398712e+15 -1.398712e+15 9.870066e-47 0.2
-9.790982e+15 1.398712e+15 -4.196135e+15 5.510522e-47 0.2
-9.790982e+15 1.398712e+15 -6.993558e+15 2.110356e-47 0.2
-9.790982e+15 1.398712e+15 -9.790982e+15 6.951203e-48 0.2
-9.790982e+15 1.398712e+15 -1.258841e+16 2.437297e-49 0.4
-9.790982e+15 -1.398712e+15 1.258841e+16 2.437297e-49 0.4
-9.790982e+15 -1.398712e+15 9.790982e+15 6.951203e-48 0.2
-9.790982e+15 -1.398712e+15 6.993558e+15 2.110356e-47 0.2
-9.790982e+15 -1.398712e+15 4.196135e+15 5.510522e-47 0.2
-9.790982e+15 -1.398712e+15 1.398712e+15 9.870066e-47 0.2
-9.790982e+15 -1.398712e+15 -1.398712e+15 9.870066e-47 0.2
-9.790982e+15 -1.398712e+15 -4.196135e+15 5.510522e-47 0.2
-9.790982e+15 -1.398712e+15 -6.993558e+15 2.110356e-47 0.2
-9.790982e+15 -1.398712e+15 -9.790982e+15 6.951203e-48 0.2
-9.790982e+15 -1.398712e+15 -1.258841e+16 2.437297e-49 0.4
-9.790982e+15 -4.196135e+15 1.258841e+16 2.229940e-49 0.4
-9.790982e+15 -4.196135e+15 9.790982e+15 3.301716e-49 0.4
-9.790982e+15 -4.196135e+15 6.993558e+15 1.632099e-47 0.2
-9.790982e+15 -4.196135e+15 4.196135e+15 3.843789e-47 0.2
-9.790982e+15 -4.196135e+15 1.398712e+15 6.392205e-47 0.2
-9.790982e+15 -4.196135e+15 -1.398712e+15 6.392205e-47 0.2
-9.790982e+15 -4.196135e+15 -4.196135e+15 3.843789e-47 0.2
-9.790982e+15 -4.196135e+15 -6.993558e+15 1.632099e-47 0.2
-9.790982e+15 -4.196135e+15 -9.790982e+15 3.301716e-49 0.4
-9.790982e+15 -4.196135e+15 -1.258841e+16 2.229940e-49 0.4
-9.790982e+15 -6.993558e+15 1.258841e+16 1.893729e-49 0.4
-9.790982e+15 -6.993558e+15 9.790982e+15 2.678907e-49 0.4
-9.790982e+15 -6.993558e+15 6.993558e+15 1.028778e-47 0.2
-9.790982e+15 -6.993558e+15 4.196135e+15 2.082333e-47 0.2
-9.790982e+15 -6.993558e+15 1.398712e+15 3.123327e-47 0.2
-9.790982e+15 -6.993558e+15 -1.398712e+15 3.123327e-47 0.2
-9.790982e+15 -6.993558e+15 -4.196135e+15 2.082333e-47 0.2
-9.790982e+15 -6.993558e+15 -6.993558e+15 1.028778e-47 0.2
-9.790982e+15 -6.993558e+15 -9.790982e+15 2.678907e-49 0.4
-9.790982e+15 -6.993558e+15 -1.258841e+16 1.893729e-49 0.4
-9.790982e+15 -9.790982e+15 1.258841e+16 1.525934e-49 0.4
-9.790982e+15 -9.790982e+15 9.790982e+15 2.050404e-49 0.4
-9.790982e+15 -9.790982e+15 6.993558e+15 2.678907e-49 0.4
-9.790982e+15 -9.790982e+15 4.196135e+15 3.301716e-49 0.4
-9.790982e+15 -9.790982e+15 1.398712e+15 1.362436e-47 0.2
-9.790982e+15 -9.790982e+15 -1.398712e+15 1.362436e-47 0.2
-9.790982e+15 -9.790982e+15 -4.196135e+15 3.301716e-49 0.4
-9.790982e+15 -9.790982e+15 -6.993558e+15 2.678907e-49 0.4
-9.790982e+15 -9.790982e+15 -9.790982e+15 2.050404e-49 0.4
-9.790982e+15 -9.790982e+15 -1.258841e+16 1.525934e-49 0.4
-9.790982e+15 -1.258841e+16 1.258841e+16 1.192317e-49 0.4
-9.790982e+15 -1.258841e+16 9.790982e+15 1.525934e-49 0.4
-9.790982e+15 -1.258841e+16 6.993558e+15 1.893729e-49 0.4
-9.790982e+15 -1.258841e+16 4.196135e+15 2.229940e-49 0.4
-9.790982e+15 -1.258841e+16 1.398712e+15 2.437297e-49 0.4
-9.790982e+15 -1.258841e+16 -1.398712e+15 2.437297e-49 0.4
-9.790982e+15 -1.258841e+16 -4.196135e+15 2.229940e-49 0.4
-9.790982e+15 -1.258841e+16 -6.993558e+15 1.893729e-49 0.4
-9.790982e+15 -1.258841e+16 -9.790982e+15 1.525934e-49 0.4
-9.790982e+15 -1.258841e+16 -1.258841e+16 1.192317e-49 0.4
-1.258841e+16 1.258841e+16 1.258841e+16 9.647304e-50 0.4
-1.258841e+16 1.258841e+16 9.790982e+15 1.192317e-49 0.4
-1.258841e+16 1.258841e+16 6.993558e+15 1.429068e-49 0.4
-1.258841e+16 1.258841e+16 4.196135e+15 1.634260e-49 0.4
-1.258841e+16 1.258841e+16 1.398712e+15 1.756038e-49 0.4
-1.258841e+16 1.258841e+16 -1.398712e+15 1.756038e-49 0.4
-1.258841e+16 1.258841e+16 -4.196135e+15 1.634260e-49 0.4
-1.258841e+16 1.258841e+16 -6.993558e+15 1.429068e-49 0.4
-1.258841e+16 1.258841e+16 -9.790982e+15 1.192317e-49 0.4
-1.258841e+16 1.258841e+16 -1.258841e+16 9.647304e-50 0.4
-1.258841e+16 9.790982e+15 1.258841e+16 1.192317e-49 0.4
-1.258841e+16 9.790982e+15 9.790982e+15 1.525934e-49 0.4
-1.258841e+16 9.790982e+15 6.993558e+15 1.893729e-49 0.4
-1.258841e+16 9.790982e+15 4.196135e+15 2.229940e-49 0.4
-1.258841e+16 9.790982e+15 1.398712e+15 2.437297e-49 0.4
-1.258841e+16 9.790982e+15 -1.398712e+15 2.437297e-49 0.4
-1.258841e+16 9.790982e+15 -4.196135e+15 2.229940e-49 0.4
-1.258841e+16 9.790982e+15 -6.993558e+15 1.893729e-49 0.4
-1.258841e+16 9.790982e+15 -9.790982e+15 1.525934e-49 0.4
-1.258841e+16 9.790982e+15 -1.258841e+16 1.192317e-49 0.4
-1.258841e+16 6.993558e+15 1.258841e+16 1.429068e-49 0.4
-1.258841e+16 6.993558e+15 9.790982e+15 1.893729e-49 0.4
-1.258841e+16 6.993558e+15 6.993558e+15 2.437297e-49 0.4
-1.258841e+16 6.993558e+15 4.196135e+15 2.963252e-49 0.4
-1.258841e+16 6.993558e+15 1.398712e+15 3.301716e-49 0.4
-1.258841e+16 6.993558e+15 -1.398712e+15 3.301716e-49 0.4
-1.258841e+16 6.993558e+15 -4.196135e+15 2.963252e-49 0.4
-1.258841e+16 6.993558e+15 -6.993558e+15 2.437297e-49 0.4
-1.258841e+16 6.993558e+15 -9.790982e+15 1.893729e-49 0.4
-1.258841e+16 6.993558e+15 -1.258841e+16 1.429068e-49 0.4
-1.258841e+16 4.196135e+15 1.258841e+16 1.634260e-49 0.4
-1.258841e+16 4.196135e+15 9.790982e+15 2.229940e-49 0.4
-1.258841e+16 4.196135e+15 6.993558e+15 2.963252e-49 0.4
-1.258841e+16 4.196135e+15 4.196135e+15 1.251217e-47 0.2
-1.258841e+16 4.196135e+15 1.398712e+15 1.752700e-47 0.2
-1.258841e+16 4.196135e+15 -1.398712e+15 1.752700e-47 0.2
-1.258841e+16 4.196135e+15 -4.196135e+15 1.251217e-47 0.2
-1.258841e+16 4.196135e+15 -6.993558e+15 2.963252e-49 0.4
-1.258841e+16 4.196135e+15 -9.790982e+15 2.229940e-49 0.4
-1.258841e+16 4.196135e+15 -1.258841e+16 1.634260e-49 0.4
-1.258841e+16 1.398712e+15 1.258841e+16 1.756038e-49 0.4
-1.258841e+16 1.398712e+15 9.790982e+15 2.437297e-49 0.4
-1.258841e+16 1.398712e+15 6.993558e+15 3.301716e-49 0.4
-1.258841e+16 1.398712e+15 4.196135e+15 1.596905e-47 0.2
-1.258841e+16 1.398712e+15 1.398712e+15 2.307450e-47 0.2
-1.258841e+16 1.398712e+15 -1.398712e+15 2.307450e-47 0.2
-1.258841e+16 1.398712e+15 -4.196135e+15 1.596905e-47 0.2
-1.258841e+16 1.398712e+15 -6.993558e+15 3.301716e-49 0.4
-1.258841e+16 1.398712e+15 -9.790982e+15 2.437297e-49 0.4
-1.258841e+16 1.398712e+15 -1.258841e+16 1.756038e-49 0.4
-1.258841e+16 -1.398712e+15 1.258841e+16 1.756038e-49 0.4
-1.258841e+16 -1.398712e+15 9.790982e+15 2.437297e-49 0.4
-1.258841e+16 -1.398712e+15 6.993558e+15 3.301716e-49 0.4
-1.258841e+16 -1.398712e+15 4.196135e+15 1.596905e-47 0.2
-1.258841e+16 -1.398712e+15 1.398712e+15 2.307450e-47 0.2
-1.258841e+16 -1.398712e+15 -1.398712e+15 2.307450e-47 0.2
-1.258841e+16 -1.398712e+15 -4.196135e+15 1.596905e-47 0.2
-1.258841e+16 -1.398712e+15 -6.993558e+15 3.301716e-49 0.4
-1.258841e+16 -1.398712e+15 -9.790982e+15 2.437297e-49 0.4
-1.258841e+16 -1.398712e+15 -1.258841e+16 1.756038e-49 0.4
-1.258841e+16 -4.196135e+15 1.258841e+16 1.634260e-49 0.4
-1.258841e+16 -4.196135e+15 9.790982e+15 2.229940e-49 0.4
-1.258841e+16 -4.196135e+15 6.993558e+15 2.963252e-49 0.4
-1.258841e+16 -4.196135e+15 4.196135e+15 1.251217e-47 0.2
-1.258841e+16 -4.196135e+15 1.398712e+15 1.752700e-47 0.2
-1.258841e+16 -4.196135e+15 -1.398712e+15 1.752700e-47 0.2
-1.258841e+16 -4.196135e+15 -4.196135e+15 1.251217e-47 0.2
-1.258841e+16 -4.196135e+15 -6.993558e+15 2.963252e-49 0.4
-1.258841e+16 -4.196135e+15 -9.790982e+15 2.229940e-49 0.4
-1.258841e+16 -4.196135e+15 -1.258841e+16 1.634260e-49 0.4
-1.258841e+16 -6.993558e+15 1.258841e+16 1.429068e-49 0.4
-1.258841e+16 -6.993558e+15 9.790982e+15 1.893729e-49 0.4
-1.258841e+16 -6.993558e+15 6.993558e+15 2.437297e-49 0.4
-1.258841e+16 -6.993558e+15 4.196135e+15 2.963252e-49 0.4
-1.258841e+16 -6.993558e+15 1.398712e+15 3.301716e-49 0.4
-1.258841e+16 -6.993558e+15 -1.398712e+15 3.301716e-49 0.4
-1.258841e+16 -6.993558e+15 -4.196135e+15 2.963252e-49 0.4
-1.258841e+16 -6.993558e+15 -6.993558e+15 2.437297e-49 0.4
-1.258841e+16 -6.993558e+15 -9.790982e+15 1.893729e-49 0.4
-1.258841e+16 -6.993558e+15 -1.258841e+16 1.429068e-49 0.4
-1.258841e+16 -9.790982e+15 1.258841e+16 1.192317e-49 0.4
-1.258841e+16 -9.790982e+15 9.790982e+15 1.525934e-49 0.4
-1.258841e+16 -9.790982e+15 6.993558e+15 1.893729e-49 0.4
-1.258841e+16 -9.790982e+15 4.196135e+15 2.229940e-49 0.4
-1.258841e+16 -9.790982e+15 1.398712e+15 2.437297e-49 0.4
-1.258841e+16 -9.790982e+15 -1.398712e+15 2.437297e-49 0.4
-1.258841e+16 -9.790982e+15 -4.196135e+15 2.229940e-49 0.4
-1.258841e+16 -9.790982e+15 -6.993558e+15 1.893729e-49 0.4
-1.258841e+16 -9.790982e+15 -9.790982e+15 1.525934e-49 0.4
-1.258841e+16 -9.790982e+15 -1.258841e+16 1.192317e-49 0.4
-1.258841e+16 -1.258841e+16 1.258841e+16 9.647304e-50 0.4
-1.258841e+16 -1.258841e+16 9.790982e+15 1.192317e-49 0.4
-1.258841e+16 -1.258841e+16 6.993558e+15 1.429068e-49 0.4
-1.258841e+16 -1.258841e+16 4.196135e+15 1.634260e-49 0.4
-1.258841e+16 -1.258841e+16 1.398712e+15 1.756038e-49 0.4
-1.258841e+16 -1.258841e+16 -1.398712e+15 1.756038e-49 0.4
-1.258841e+16 -1.258841e+16 -4.196135e+15 1.634260e-49 0.4
-1.258841e+16 -1.258841e+16 -6.993558e+15 1.429068e-49 0.4
-1.258841e+16 -1.258841e+16 -9.790982e+15 1.192317e-49 0.4
-1.258841e+16 -1.258841e+16 -1.258841e+16 9.647304e-50 0.4
