10 1.165593e+16 432000 
1.049034e+16 1.049034e+16 1.049034e+16 1.667054e-49 0.4
1.049034e+16 1.049034e+16 8.159152e+15 2.060324e-49 0.4
1.049034e+16 1.049034e+16 5.827965e+15 2.469430e-49 0.4
1.049034e+16 1.049034e+16 3.496779e+15 2.824002e-49 0.4
1.049034e+16 1.049034e+16 1.165593e+15 3.034434e-49 0.4
1.049034e+16 1.049034e+16 -1.165593e+15 3.034434e-49 0.4
1.049034e+16 1.049034e+16 -3.496779e+15 2.824002e-49 0.4
1.049034e+16 1.049034e+16 -5.827965e+15 2.469430e-49 0.4
1.049034e+16 1.049034e+16 -8.159152e+15 2.060324e-49 0.4
1.049034e+16 1.049034e+16 -1.049034e+16 1.667054e-49 0.4
1.049034e+16 8.159152e+15 1.049034e+16 2.060324e-49 0.4
1.049034e+16 8.159152e+15 8.159152e+15 2.636814e-49 0.4
1.049034e+16 8.159152e+15 5.827965e+15 3.272364e-49 0.4
1.049034e+16 8.159152e+15 3.496779e+15 3.853336e-49 0.4
1.049034e+16 8.159152e+15 1.165593e+15 4.211649e-49 0.4
1.049034e+16 8.159152e+15 -1.165593e+15 4.211649e-49 0.4
1.049034e+16 8.159152e+15 -3.496779e+15 3.853336e-49 0.4
1.049034e+16 8.159152e+15 -5.827965e+15 3.272364e-49 0.4
1.049034e+16 8.159152e+15 -8.159152e+15 2.636814e-49 0.4
1.049034e+16 8.159152e+15 -1.049034e+16 2.060324e-49 0.4
1.049034e+16 5.827965e+15 1.049034e+16 2.469430e-49 0.4
1.049034e+16 5.827965e+15 8.159152e+15 3.272364e-49 0.4
1.049034e+16 5.827965e+15 5.827965e+15 4.211649e-49 0.4
1.049034e+16 5.827965e+15 3.496779e+15 5.120500e-49 0.4
1.049034e+16 5.827965e+15 1.165593e+15 5.705365e-49 0.4
1.049034e+16 5.827965e+15 -1.165593e+15 5.705365e-49 0.4
1.049034e+16 5.827965e+15 -3.496779e+15 5.120500e-49 0.4
1.049034e+16 5.827965e+15 -5.827965e+15 4.211649e-49 0.4
1.049034e+16 5.827965e+15 -8.159152e+15 3.272364e-49 0.4
1.049034e+16 5.827965e+15 -1.049034e+16 2.469430e-49 0.4
1.049034e+16 3.496779e+15 1.049034e+16 2.824002e-49 0.4
1.049034e+16 3.496779e+15 8.159152e+15 3.853336e-49 0.4
1.049034e+16 3.496779e+15 5.827965e+15 5.120500e-49 0.4
1.049034e+16 3.496779e+15 3.496779e+15 3.736113e-47 0.2
1.049034e+16 3.496779e+15 1.165593e+15 5.233536e-47 0.2
1.049034e+16 3.496779e+15 -1.165593e+15 5.233536e-47 0.2
1.049034e+16 3.496779e+15 -3.496779e+15 3.736113e-47 0.2
1.049034e+16 3.496779e+15 -5.827965e+15 5.120500e-49 0.4
1.049034e+16 3.496779e+15 -8.159152e+15 3.853336e-49 0.4
1.049034e+16 3.496779e+15 -1.049034e+16 2.824002e-49 0.4
1.049034e+16 1.165593e+15 1.049034e+16 3.034434e-49 0.4
1.049034e+16 1.165593e+15 8.159152e+15 4.211649e-49 0.4
1.049034e+16 1.165593e+15 5.827965e+15 5.705365e-49 0.4
1.049034e+16 1.165593e+15 3.496779e+15 4.768332e-47 0.2
1.049034e+16 1.165593e+15 1.165593e+15 6.890008e-47 0.2
1.049034e+16 1.165593e+15 -1.165593e+15 6.890008e-47 0.2
1.049034e+16 1.165593e+15 -3.496779e+15 4.768332e-47 0.2
1.049034e+16 1.165593e+15 -5.827965e+15 5.705365e-49 0.4
1.049034e+16 1.165593e+15 -8.159152e+15 4.211649e-49 0.4
1.049034e+16 1.165593e+15 -1.049034e+16 3.034434e-49 0.4
1.049034e+16 -1.165593e+15 1.049034e+16 3.034434e-49 0.4
1.049034e+16 -1.165593e+15 8.159152e+15 4.211649e-49 0.4
1.049034e+16 -1.165593e+15 5.827965e+15 5.705365e-49 0.4
1.049034e+16 -1.165593e+15 3.496779e+15 4.768332e-47 0.2
1.049034e+16 -1.165593e+15 1.165593e+15 6.890008e-47 0.2
1.049034e+16 -1.165593e+15 -1.165593e+15 6.890008e-47 0.2
1.049034e+16 -1.165593e+15 -3.496779e+15 4.768332e-47 0.2
1.049034e+16 -1.165593e+15 -5.827965e+15 5.705365e-49 0.4
1.049034e+16 -1.165593e+15 -8.159152e+15 4.211649e-49 0.4
1.049034e+16 -1.165593e+15 -1.049034e+16 3.034434e-49 0.4
1.049034e+16 -3.496779e+15 1.049034e+16 2.824002e-49 0.4
1.049034e+16 -3.496779e+15 8.159152e+15 3.853336e-49 0.4
1.049034e+16 -3.496779e+15 5.827965e+15 5.120500e-49 0.4
1.049034e+16 -3.496779e+15 3.496779e+15 3.736113e-47 0.2
1.049034e+16 -3.496779e+15 1.165593e+15 5.233536e-47 0.2
1.049034e+16 -3.496779e+15 -1.165593e+15 5.233536e-47 0.2
1.049034e+16 -3.496779e+15 -3.496779e+15 3.736113e-47 0.2
1.049034e+16 -3.496779e+15 -5.827965e+15 5.120500e-49 0.4
1.049034e+16 -3.496779e+15 -8.159152e+15 3.853336e-49 0.4
1.049034e+16 -3.496779e+15 -1.049034e+16 2.824002e-49 0.4
1.049034e+16 -5.827965e+15 1.049034e+16 2.469430e-49 0.4
1.049034e+16 -5.827965e+15 8.159152e+15 3.272364e-49 0.4
1.049034e+16 -5.827965e+15 5.827965e+15 4.211649e-49 0.4
1.049034e+16 -5.827965e+15 3.496779e+15 5.120500e-49 0.4
1.049034e+16 -5.827965e+15 1.165593e+15 5.705365e-49 0.4
1.049034e+16 -5.827965e+15 -1.165593e+15 5.705365e-49 0.4
1.049034e+16 -5.827965e+15 -3.496779e+15 5.120500e-49 0.4
1.049034e+16 -5.827965e+15 -5.827965e+15 4.211649e-49 0.4
1.049034e+16 -5.827965e+15 -8.159152e+15 3.272364e-49 0.4
1.049034e+16 -5.827965e+15 -1.049034e+16 2.469430e-49 0.4
1.049034e+16 -8.159152e+15 1.049034e+16 2.060324e-49 0.4
1.049034e+16 -8.159152e+15 8.159152e+15 2.636814e-49 0.4
1.049034e+16 -8.159152e+15 5.827965e+15 3.272364e-49 0.4
1.049034e+16 -8.159152e+15 3.496779e+15 3.853336e-49 0.4
1.049034e+16 -8.159152e+15 1.165593e+15 4.211649e-49 0.4
1.049034e+16 -8.159152e+15 -1.165593e+15 4.211649e-49 0.4
1.049034e+16 -8.159152e+15 -3.496779e+15 3.853336e-49 0.4
1.049034e+16 -8.159152e+15 -5.827965e+15 3.272364e-49 0.4
1.049034e+16 -8.159152e+15 -8.159152e+15 2.636814e-49 0.4
1.049034e+16 -8.159152e+15 -1.049034e+16 2.060324e-49 0.4
1.049034e+16 -1.049034e+16 1.049034e+16 1.667054e-49 0.4
1.049034e+16 -1.049034e+16 8.159152e+15 2.060324e-49 0.4
1.049034e+16 -1.049034e+16 5.827965e+15 2.469430e-49 0.4
1.049034e+16 -1.049034e+16 3.496779e+15 2.824002e-49 0.4
1.049034e+16 -1.049034e+16 1.165593e+15 3.034434e-49 0.4
1.049034e+16 -1.049034e+16 -1.165593e+15 3.034434e-49 0.4
1.049034e+16 -1.049034e+16 -3.496779e+15 2.824002e-49 0.4
1.049034e+16 -1.049034e+16 -5.827965e+15 2.469430e-49 0.4
1.049034e+16 -1.049034e+16 -8.159152e+15 2.060324e-49 0.4
1.049034e+16 -1.049034e+16 -1.049034e+16 1.667054e-49 0.4
8.159152e+15 1.049034e+16 1.049034e+16 2.060324e-49 0.4
8.159152e+15 1.049034e+16 8.159152e+15 2.636814e-49 0.4
8.159152e+15 1.049034e+16 5.827965e+15 3.272364e-49 0.4
8.159152e+15 1.049034e+16 3.496779e+15 3.853336e-49 0.4
8.159152e+15 1.049034e+16 1.165593e+15 4.211649e-49 0.4
8.159152e+15 1.049034e+16 -1.165593e+15 4.211649e-49 0.4
8.159152e+15 1.049034e+16 -3.496779e+15 3.853336e-49 0.4
8.159152e+15 1.049034e+16 -5.827965e+15 3.272364e-49 0.4
8.159152e+15 1.049034e+16 -8.159152e+15 2.636814e-49 0.4
8.159152e+15 1.049034e+16 -1.049034e+16 2.060324e-49 0.4
8.159152e+15 8.159152e+15 1.049034e+16 2.636814e-49 0.4
8.159152e+15 8.159152e+15 8.159152e+15 3.543098e-49 0.4
8.159152e+15 8.159152e+15 5.827965e+15 4.629152e-49 0.4
8.159152e+15 8.159152e+15 3.496779e+15 5.705365e-49 0.4
8.159152e+15 8.159152e+15 1.165593e+15 4.068212e-47 0.2
8.159152e+15 8.159152e+15 -1.165593e+15 4.068212e-47 0.2
8.159152e+15 8.159152e+15 -3.496779e+15 5.705365e-49 0.4
8.159152e+15 8.159152e+15 -5.827965e+15 4.629152e-49 0.4
8.159152e+15 8.159152e+15 -8.159152e+15 3.543098e-49 0.4
8.159152e+15 8.159152e+15 -1.049034e+16 2.636814e-49 0.4
8.159152e+15 5.827965e+15 1.049034e+16 3.272364e-49 0.4
8.159152e+15 5.827965e+15 8.159152e+15 4.629152e-49 0.4
8.159152e+15 5.827965e+15 5.827965e+15 3.071915e-47 0.2
8.159152e+15 5.827965e+15 3.496779e+15 6.217812e-47 0.2
8.159152e+15 5.827965e+15 1.165593e+15 9.326204e-47 0.2
8.159152e+15 5.827965e+15 -1.165593e+15 9.326204e-47 0.2
8.159152e+15 5.827965e+15 -3.496779e+15 6.217812e-47 0.2
8.159152e+15 5.827965e+15 -5.827965e+15 3.071915e-47 0.2
8.159152e+15 5.827965e+15 -8.159152e+15 4.629152e-49 0.4
8.159152e+15 5.827965e+15 -1.049034e+16 3.272364e-49 0.4
8.159152e+15 3.496779e+15 1.049034e+16 3.853336e-49 0.4
8.159152e+15 3.496779e+15 8.159152e+15 5.705365e-49 0.4
8.159152e+15 3.496779e+15 5.827965e+15 4.873420e-47 0.2
8.159152e+15 3.496779e+15 3.496779e+15 1.147749e-46 0.2
8.159152e+15 3.496779e+15 1.165593e+15 1.908702e-46 0.2
8.159152e+15 3.496779e+15 -1.165593e+15 1.908702e-46 0.2
8.159152e+15 3.496779e+15 -3.496779e+15 1.147749e-46 0.2
8.159152e+15 3.496779e+15 -5.827965e+15 4.873420e-47 0.2
8.159152e+15 3.496779e+15 -8.159152e+15 5.705365e-49 0.4
8.159152e+15 3.496779e+15 -1.049034e+16 3.853336e-49 0.4
8.159152e+15 1.165593e+15 1.049034e+16 4.211649e-49 0.4
8.159152e+15 1.165593e+15 8.159152e+15 2.075618e-47 0.2
8.159152e+15 1.165593e+15 5.827965e+15 6.301489e-47 0.2
8.159152e+15 1.165593e+15 3.496779e+15 1.645433e-46 0.2
8.159152e+15 1.165593e+15 1.165593e+15 2.947186e-46 0.2
8.159152e+15 1.165593e+15 -1.165593e+15 2.947186e-46 0.2
8.159152e+15 1.165593e+15 -3.496779e+15 1.645433e-46 0.2
8.159152e+15 1.165593e+15 -5.827965e+15 6.301489e-47 0.2
8.159152e+15 1.165593e+15 -8.159152e+15 2.075618e-47 0.2
8.159152e+15 1.165593e+15 -1.049034e+16 4.211649e-49 0.4
8.159152e+15 -1.165593e+15 1.049034e+16 4.211649e-49 0.4
8.159152e+15 -1.165593e+15 8.159152e+15 2.075618e-47 0.2
8.159152e+15 -1.165593e+15 5.827965e+15 6.301489e-47 0.2
8.159152e+15 -1.165593e+15 3.496779e+15 1.645433e-46 0.2
8.159152e+15 -1.165593e+15 1.165593e+15 2.947186e-46 0.2
8.159152e+15 -1.165593e+15 -1.165593e+15 2.947186e-46 0.2
8.159152e+15 -1.165593e+15 -3.496779e+15 1.645433e-46 0.2
8.159152e+15 -1.165593e+15 -5.827965e+15 6.301489e-47 0.2
8.159152e+15 -1.165593e+15 -8.159152e+15 2.075618e-47 0.2
8.159152e+15 -1.165593e+15 -1.049034e+16 4.211649e-49 0.4
8.159152e+15 -3.496779e+15 1.049034e+16 3.853336e-49 0.4
8.159152e+15 -3.496779e+15 8.159152e+15 5.705365e-49 0.4
8.159152e+15 -3.496779e+15 5.827965e+15 4.873420e-47 0.2
8.159152e+15 -3.496779e+15 3.496779e+15 1.147749e-46 0.2
8.159152e+15 -3.496779e+15 1.165593e+15 1.908702e-46 0.2
8.159152e+15 -3.496779e+15 -1.165593e+15 1.908702e-46 0.2
8.159152e+15 -3.496779e+15 -3.496779e+15 1.147749e-46 0.2
8.159152e+15 -3.496779e+15 -5.827965e+15 4.873420e-47 0.2
8.159152e+15 -3.496779e+15 -8.159152e+15 5.705365e-49 0.4
8.159152e+15 -3.496779e+15 -1.049034e+16 3.853336e-49 0.4
8.159152e+15 -5.827965e+15 1.049034e+16 3.272364e-49 0.4
8.159152e+15 -5.827965e+15 8.159152e+15 4.629152e-49 0.4
8.159152e+15 -5.827965e+15 5.827965e+15 3.071915e-47 0.2
8.159152e+15 -5.827965e+15 3.496779e+15 6.217812e-47 0.2
8.159152e+15 -5.827965e+15 1.165593e+15 9.326204e-47 0.2
8.159152e+15 -5.827965e+15 -1.165593e+15 9.326204e-47 0.2
8.159152e+15 -5.827965e+15 -3.496779e+15 6.217812e-47 0.2
8.159152e+15 -5.827965e+15 -5.827965e+15 3.071915e-47 0.2
8.159152e+15 -5.827965e+15 -8.159152e+15 4.629152e-49 0.4
8.159152e+15 -5.827965e+15 -1.049034e+16 3.272364e-49 0.4
8.159152e+15 -8.159152e+15 1.049034e+16 2.636814e-49 0.4
8.159152e+15 -8.159152e+15 8.159152e+15 3.543098e-49 0.4
8.159152e+15 -8.159152e+15 5.827965e+15 4.629152e-49 0.4
8.159152e+15 -8.159152e+15 3.496779e+15 5.705365e-49 0.4
8.159152e+15 -8.159152e+15 1.165593e+15 4.068212e-47 0.2
8.159152e+15 -8.159152e+15 -1.165593e+15 4.068212e-47 0.2
8.159152e+15 -8.159152e+15 -3.496779e+15 5.705365e-49 0.4
8.159152e+15 -8.159152e+15 -5.827965e+15 4.629152e-49 0.4
8.159152e+15 -8.159152e+15 -8.159152e+15 3.543098e-49 0.4
8.159152e+15 -8.159152e+15 -1.049034e+16 2.636814e-49 0.4
8.159152e+15 -1.049034e+16 1.049034e+16 2.060324e-49 0.4
8.159152e+15 -1.049034e+16 8.159152e+15 2.636814e-49 0.4
8.159152e+15 -1.049034e+16 5.827965e+15 3.272364e-49 0.4
8.159152e+15 -1.049034e+16 3.496779e+15 3.853336e-49 0.4
8.159152e+15 -1.049034e+16 1.165593e+15 4.211649e-49 0.4
8.159152e+15 -1.049034e+16 -1.165593e+15 4.211649e-49 0.4
8.159152e+15 -1.049034e+16 -3.496779e+15 3.853336e-49 0.4
8.159152e+15 -1.049034e+16 -5.827965e+15 3.272364e-49 0.4
8.159152e+15 -1.049034e+16 -8.159152e+15 2.636814e-49 0.4
8.159152e+15 -1.049034e+16 -1.049034e+16 2.060324e-49 0.4
5.827965e+15 1.049034e+16 1.049034e+16 2.469430e-49 0.4
5.827965e+15 1.049034e+16 8.159152e+15 3.272364e-49 0.4
5.827965e+15 1.049034e+16 5.827965e+15 4.211649e-49 0.4
5.827965e+15 1.049034e+16 3.496779e+15 5.120500e-49 0.4
5.827965e+15 1.049034e+16 1.165593e+15 5.705365e-49 0.4
5.827965e+15 1.049034e+16 -1.165593e+15 5.705365e-49 0.4
5.827965e+15 1.049034e+16 -3.496779e+15 5.120500e-49 0.4
5.827965e+15 1.049034e+16 -5.827965e+15 4.211649e-49 0.4
5.827965e+15 1.049034e+16 -8.159152e+15 3.272364e-49 0.4
5.827965e+15 1.049034e+16 -1.049034e+16 2.469430e-49 0.4
5.827965e+15 8.159152e+15 1.049034e+16 3.272364e-49 0.4
5.827965e+15 8.159152e+15 8.159152e+15 4.629152e-49 0.4
5.827965e+15 8.159152e+15 5.827965e+15 3.071915e-47 0.2
5.827965e+15 8.159152e+15 3.496779e+15 6.217812e-47 0.2
5.827965e+15 8.159152e+15 1.165593e+15 9.326204e-47 0.2
5.827965e+15 8.159152e+15 -1.165593e+15 9.326204e-47 0.2
5.827965e+15 8.159152e+15 -3.496779e+15 6.217812e-47 0.2
5.827965e+15 8.159152e+15 -5.827965e+15 3.071915e-47 0.2
5.827965e+15 8.159152e+15 -8.159152e+15 4.629152e-49 0.4
5.827965e+15 8.159152e+15 -1.049034e+16 3.272364e-49 0.4
5.827965e+15 5.827965e+15 1.049034e+16 4.211649e-49 0.4
5.827965e+15 5.827965e+15 8.159152e+15 2.075618e-47 0.2
5.827965e+15 5.827965e+15 5.827965e+15 6.301489e-47 0.2
5.827965e+15 5.827965e+15 3.496779e+15 1.645433e-46 0.2
5.827965e+15 5.827965e+15 1.165593e+15 2.947186e-46 0.2
5.827965e+15 5.827965e+15 -1.165593e+15 2.947186e-46 0.2
5.827965e+15 5.827965e+15 -3.496779e+15 1.645433e-46 0.2
5.827965e+15 5.827965e+15 -5.827965e+15 6.301489e-47 0.2
5.827965e+15 5.827965e+15 -8.159152e+15 2.075618e-47 0.2
5.827965e+15 5.827965e+15 -1.049034e+16 4.211649e-49 0.4
5.827965e+15 3.496779e+15 1.049034e+16 5.120500e-49 0.4
5.827965e+15 3.496779e+15 8.159152e+15 2.856833e-47 0.4
5.827965e+15 3.496779e+15 5.827965e+15 1.118894e-46 0.2
5.827965e+15 3.496779e+15 3.496779e+15 3.965732e-46 0.2
5.827965e+15 3.496779e+15 1.165593e+15 9.034934e-46 0.2
5.827965e+15 3.496779e+15 -1.165593e+15 9.034934e-46 0.2
5.827965e+15 3.496779e+15 -3.496779e+15 3.965732e-46 0.2
5.827965e+15 3.496779e+15 -5.827965e+15 1.118894e-46 0.2
5.827965e+15 3.496779e+15 -8.159152e+15 2.856833e-47 0.4
5.827965e+15 3.496779e+15 -1.049034e+16 5.120500e-49 0.4
5.827965e+15 1.165593e+15 1.049034e+16 5.705365e-49 0.4
5.827965e+15 1.165593e+15 8.159152e+15 3.276774e-47 0.4
5.827965e+15 1.165593e+15 5.827965e+15 1.532537e-46 0.2
5.827965e+15 1.165593e+15 3.496779e+15 6.909067e-46 0.2
5.827965e+15 1.165593e+15 1.165593e+15 1.950907e-45 0.2
5.827965e+15 1.165593e+15 -1.165593e+15 1.950907e-45 0.2
5.827965e+15 1.165593e+15 -3.496779e+15 6.909067e-46 0.2
5.827965e+15 1.165593e+15 -5.827965e+15 1.532537e-46 0.2
5.827965e+15 1.165593e+15 -8.159152e+15 3.276774e-47 0.4
5.827965e+15 1.165593e+15 -1.049034e+16 5.705365e-49 0.4
5.827965e+15 -1.165593e+15 1.049034e+16 5.705365e-49 0.4
5.827965e+15 -1.165593e+15 8.159152e+15 3.276774e-47 0.4
5.827965e+15 -1.165593e+15 5.827965e+15 1.532537e-46 0.2
5.827965e+15 -1.165593e+15 3.496779e+15 6.909067e-46 0.2
5.827965e+15 -1.165593e+15 1.165593e+15 1.950907e-45 0.2
5.827965e+15 -1.165593e+15 -1.165593e+15 1.950907e-45 0.2
5.827965e+15 -1.165593e+15 -3.496779e+15 6.909067e-46 0.2
5.827965e+15 -1.165593e+15 -5.827965e+15 1.532537e-46 0.2
5.827965e+15 -1.165593e+15 -8.159152e+15 3.276774e-47 0.4
5.827965e+15 -1.165593e+15 -1.049034e+16 5.705365e-49 0.4
5.827965e+15 -3.496779e+15 1.049034e+16 5.120500e-49 0.4
5.827965e+15 -3.496779e+15 8.159152e+15 2.856833e-47 0.4
5.827965e+15 -3.496779e+15 5.827965e+15 1.118894e-46 0.2
5.827965e+15 -3.496779e+15 3.496779e+15 3.965732e-46 0.2
5.827965e+15 -3.496779e+15 1.165593e+15 9.034934e-46 0.2
5.827965e+15 -3.496779e+15 -1.165593e+15 9.034934e-46 0.2
5.827965e+15 -3.496779e+15 -3.496779e+15 3.965732e-46 0.2
5.827965e+15 -3.496779e+15 -5.827965e+15 1.118894e-46 0.2
5.827965e+15 -3.496779e+15 -8.159152e+15 2.856833e-47 0.4
5.827965e+15 -3.496779e+15 -1.049034e+16 5.120500e-49 0.4
5.827965e+15 -5.827965e+15 1.049034e+16 4.211649e-49 0.4
5.827965e+15 -5.827965e+15 8.159152e+15 2.075618e-47 0.2
5.827965e+15 -5.827965e+15 5.827965e+15 6.301489e-47 0.2
5.827965e+15 -5.827965e+15 3.496779e+15 1.645433e-46 0.2
5.827965e+15 -5.827965e+15 1.165593e+15 2.947186e-46 0.2
5.827965e+15 -5.827965e+15 -1.165593e+15 2.947186e-46 0.2
5.827965e+15 -5.827965e+15 -3.496779e+15 1.645433e-46 0.2
5.827965e+15 -5.827965e+15 -5.827965e+15 6.301489e-47 0.2
5.827965e+15 -5.827965e+15 -8.159152e+15 2.075618e-47 0.2
5.827965e+15 -5.827965e+15 -1.049034e+16 4.211649e-49 0.4
5.827965e+15 -8.159152e+15 1.049034e+16 3.272364e-49 0.4
5.827965e+15 -8.159152e+15 8.159152e+15 4.629152e-49 0.4
5.827965e+15 -8.159152e+15 5.827965e+15 3.071915e-47 0.2
5.827965e+15 -8.159152e+15 3.496779e+15 6.217812e-47 0.2
5.827965e+15 -8.159152e+15 1.165593e+15 9.326204e-47 0.2
5.827965e+15 -8.159152e+15 -1.165593e+15 9.326204e-47 0.2
5.827965e+15 -8.159152e+15 -3.496779e+15 6.217812e-47 0.2
5.827965e+15 -8.159152e+15 -5.827965e+15 3.071915e-47 0.2
5.827965e+15 -8.159152e+15 -8.159152e+15 4.629152e-49 0.4
5.827965e+15 -8.159152e+15 -1.049034e+16 3.272364e-49 0.4
5.827965e+15 -1.049034e+16 1.049034e+16 2.469430e-49 0.4
5.827965e+15 -1.049034e+16 8.159152e+15 3.272364e-49 0.4
5.827965e+15 -1.049034e+16 5.827965e+15 4.211649e-49 0.4
5.827965e+15 -1.049034e+16 3.496779e+15 5.120500e-49 0.4
5.827965e+15 -1.049034e+16 1.165593e+15 5.705365e-49 0.4
5.827965e+15 -1.049034e+16 -1.165593e+15 5.705365e-49 0.4
5.827965e+15 -1.049034e+16 -3.496779e+15 5.120500e-49 0.4
5.827965e+15 -1.049034e+16 -5.827965e+15 4.211649e-49 0.4
5.827965e+15 -1.049034e+16 -8.159152e+15 3.272364e-49 0.4
5.827965e+15 -1.049034e+16 -1.049034e+16 2.469430e-49 0.4
3.496779e+15 1.049034e+16 1.049034e+16 2.824002e-49 0.4
3.496779e+15 1.049034e+16 8.159152e+15 3.853336e-49 0.4
3.496779e+15 1.049034e+16 5.827965e+15 5.120500e-49 0.4
3.496779e+15 1.049034e+16 3.496779e+15 3.736113e-47 0.2
3.496779e+15 1.049034e+16 1.165593e+15 5.233536e-47 0.2
3.496779e+15 1.049034e+16 -1.165593e+15 5.233536e-47 0.2
3.496779e+15 1.049034e+16 -3.496779e+15 3.736113e-47 0.2
3.496779e+15 1.049034e+16 -5.827965e+15 5.120500e-49 0.4
3.496779e+15 1.049034e+16 -8.159152e+15 3.853336e-49 0.4
3.496779e+15 1.049034e+16 -1.049034e+16 2.824002e-49 0.4
3.496779e+15 8.159152e+15 1.049034e+16 3.853336e-49 0.4
3.496779e+15 8.159152e+15 8.159152e+15 5.705365e-49 0.4
3.496779e+15 8.159152e+15 5.827965e+15 4.873420e-47 0.2
3.496779e+15 8.159152e+15 3.496779e+15 1.147749e-46 0.2
3.496779e+15 8.159152e+15 1.165593e+15 1.908702e-46 0.2
3.496779e+15 8.159152e+15 -1.165593e+15 1.908702e-46 0.2
3.496779e+15 8.159152e+15 -3.496779e+15 1.147749e-46 0.2
3.496779e+15 8.159152e+15 -5.827965e+15 4.873420e-47 0.2
3.496779e+15 8.159152e+15 -8.159152e+15 5.705365e-49 0.4
3.496779e+15 8.159152e+15 -1.049034e+16 3.853336e-49 0.4
3.496779e+15 5.827965e+15 1.049034e+16 5.120500e-49 0.4
3.496779e+15 5.827965e+15 8.159152e+15 2.856833e-47 0.4
3.496779e+15 5.827965e+15 5.827965e+15 1.118894e-46 0.2
3.496779e+15 5.827965e+15 3.496779e+15 3.965732e-46 0.2
3.496779e+15 5.827965e+15 1.165593e+15 9.034934e-46 0.2
3.496779e+15 5.827965e+15 -1.165593e+15 9.034934e-46 0.2
3.496779e+15 5.827965e+15 -3.496779e+15 3.965732e-46 0.2
3.496779e+15 5.827965e+15 -5.827965e+15 1.118894e-46 0.2
3.496779e+15 5.827965e+15 -8.159152e+15 2.856833e-47 0.4
3.496779e+15 5.827965e+15 -1.049034e+16 5.120500e-49 0.4
3.496779e+15 3.496779e+15 1.049034e+16 7.472226e-48 0.4
3.496779e+15 3.496779e+15 8.159152e+15 3.561981e-47 0.4
3.496779e+15 3.496779e+15 5.827965e+15 2.099505e-46 0.4
3.496779e+15 3.496779e+15 3.496779e+15 1.350628e-45 0.2
3.496779e+15 3.496779e+15 1.165593e+15 5.507777e-45 0.2
3.496779e+15 3.496779e+15 -1.165593e+15 5.507777e-45 0.2
3.496779e+15 3.496779e+15 -3.496779e+15 1.350628e-45 0.2
3.496779e+15 3.496779e+15 -5.827965e+15 2.099505e-46 0.4
3.496779e+15 3.496779e+15 -8.159152e+15 3.561981e-47 0.4
3.496779e+15 3.496779e+15 -1.049034e+16 7.472226e-48 0.4
3.496779e+15 1.165593e+15 1.049034e+16 5.815040e-48 0.4
3.496779e+15 1.165593e+15 8.159152e+15 3.290866e-47 0.4
3.496779e+15 1.165593e+15 5.827965e+15 2.657334e-46 0.4
3.496779e+15 1.165593e+15 3.496779e+15 3.059876e-45 0.2
3.496779e+15 1.165593e+15 1.165593e+15 2.723626e-44 0.2
3.496779e+15 1.165593e+15 -1.165593e+15 2.723626e-44 0.2
3.496779e+15 1.165593e+15 -3.496779e+15 3.059876e-45 0.2
3.496779e+15 1.165593e+15 -5.827965e+15 2.657334e-46 0.4
3.496779e+15 1.165593e+15 -8.159152e+15 3.290866e-47 0.4
3.496779e+15 1.165593e+15 -1.049034e+16 5.815040e-48 0.4
3.496779e+15 -1.165593e+15 1.049034e+16 5.815040e-48 0.4
3.496779e+15 -1.165593e+15 8.159152e+15 3.290866e-47 0.4
3.496779e+15 -1.165593e+15 5.827965e+15 2.657334e-46 0.4
3.496779e+15 -1.165593e+15 3.496779e+15 3.059876e-45 0.2
3.496779e+15 -1.165593e+15 1.165593e+15 2.723626e-44 0.2
3.496779e+15 -1.165593e+15 -1.165593e+15 2.723626e-44 0.2
3.496779e+15 -1.165593e+15 -3.496779e+15 3.059876e-45 0.2
3.496779e+15 -1.165593e+15 -5.827965e+15 2.657334e-46 0.4
3.496779e+15 -1.165593e+15 -8.159152e+15 3.290866e-47 0.4
3.496779e+15 -1.165593e+15 -1.049034e+16 5.815040e-48 0.4
3.496779e+15 -3.496779e+15 1.049034e+16 7.472226e-48 0.4
3.496779e+15 -3.496779e+15 8.159152e+15 3.561981e-47 0.4
3.496779e+15 -3.496779e+15 5.827965e+15 2.099505e-46 0.4
3.496779e+15 -3.496779e+15 3.496779e+15 1.350628e-45 0.2
3.496779e+15 -3.496779e+15 1.165593e+15 5.507777e-45 0.2
3.496779e+15 -3.496779e+15 -1.165593e+15 5.507777e-45 0.2
3.496779e+15 -3.496779e+15 -3.496779e+15 1.350628e-45 0.2
3.496779e+15 -3.496779e+15 -5.827965e+15 2.099505e-46 0.4
3.496779e+15 -3.496779e+15 -8.159152e+15 3.561981e-47 0.4
3.496779e+15 -3.496779e+15 -1.049034e+16 7.472226e-48 0.4
3.496779e+15 -5.827965e+15 1.049034e+16 5.120500e-49 0.4
3.496779e+15 -5.827965e+15 8.159152e+15 2.856833e-47 0.4
3.496779e+15 -5.827965e+15 5.827965e+15 1.118894e-46 0.2
3.496779e+15 -5.827965e+15 3.496779e+15 3.965732e-46 0.2
3.496779e+15 -5.827965e+15 1.165593e+15 9.034934e-46 0.2
3.496779e+15 -5.827965e+15 -1.165593e+15 9.034934e-46 0.2
3.496779e+15 -5.827965e+15 -3.496779e+15 3.965732e-46 0.2
3.496779e+15 -5.827965e+15 -5.827965e+15 1.118894e-46 0.2
3.496779e+15 -5.827965e+15 -8.159152e+15 2.856833e-47 0.4
3.496779e+15 -5.827965e+15 -1.049034e+16 5.120500e-49 0.4
3.496779e+15 -8.159152e+15 1.049034e+16 3.853336e-49 0.4
3.496779e+15 -8.159152e+15 8.159152e+15 5.705365e-49 0.4
3.496779e+15 -8.159152e+15 5.827965e+15 4.873420e-47 0.2
3.496779e+15 -8.159152e+15 3.496779e+15 1.147749e-46 0.2
3.496779e+15 -8.159152e+15 1.165593e+15 1.908702e-46 0.2
3.496779e+15 -8.159152e+15 -1.165593e+15 1.908702e-46 0.2
3.496779e+15 -8.159152e+15 -3.496779e+15 1.147749e-46 0.2
3.496779e+15 -8.159152e+15 -5.827965e+15 4.873420e-47 0.2
3.496779e+15 -8.159152e+15 -8.159152e+15 5.705365e-49 0.4
3.496779e+15 -8.159152e+15 -1.049034e+16 3.853336e-49 0.4
3.496779e+15 -1.049034e+16 1.049034e+16 2.824002e-49 0.4
3.496779e+15 -1.049034e+16 8.159152e+15 3.853336e-49 0.4
3.496779e+15 -1.049034e+16 5.827965e+15 5.120500e-49 0.4
3.496779e+15 -1.049034e+16 3.496779e+15 3.736113e-47 0.2
3.496779e+15 -1.049034e+16 1.165593e+15 5.233536e-47 0.2
3.496779e+15 -1.049034e+16 -1.165593e+15 5.233536e-47 0.2
3.496779e+15 -1.049034e+16 -3.496779e+15 3.736113e-47 0.2
3.496779e+15 -1.049034e+16 -5.827965e+15 5.120500e-49 0.4
3.496779e+15 -1.049034e+16 -8.159152e+15 3.853336e-49 0.4
3.496779e+15 -1.049034e+16 -1.049034e+16 2.824002e-49 0.4
1.165593e+15 1.049034e+16 1.049034e+16 3.034434e-49 0.4
1.165593e+15 1.049034e+16 8.159152e+15 4.211649e-49 0.4
1.165593e+15 1.049034e+16 5.827965e+15 5.705365e-49 0.4
1.165593e+15 1.049034e+16 3.496779e+15 4.768332e-47 0.2
1.165593e+15 1.049034e+16 1.165593e+15 6.890008e-47 0.2
1.165593e+15 1.049034e+16 -1.165593e+15 6.890008e-47 0.2
1.165593e+15 1.049034e+16 -3.496779e+15 4.768332e-47 0.2
1.165593e+15 1.049034e+16 -5.827965e+15 5.705365e-49 0.4
1.165593e+15 1.049034e+16 -8.159152e+15 4.211649e-49 0.4
1.165593e+15 1.049034e+16 -1.049034e+16 3.034434e-49 0.4
1.165593e+15 8.159152e+15 1.049034e+16 4.211649e-49 0.4
1.165593e+15 8.159152e+15 8.159152e+15 2.075618e-47 0.2
1.165593e+15 8.159152e+15 5.827965e+15 6.301489e-47 0.2
1.165593e+15 8.159152e+15 3.496779e+15 1.645433e-46 0.2
1.165593e+15 8.159152e+15 1.165593e+15 2.947186e-46 0.2
1.165593e+15 8.159152e+15 -1.165593e+15 2.947186e-46 0.2
1.165593e+15 8.159152e+15 -3.496779e+15 1.645433e-46 0.2
1.165593e+15 8.159152e+15 -5.827965e+15 6.301489e-47 0.2
1.165593e+15 8.159152e+15 -8.159152e+15 2.075618e-47 0.2
1.165593e+15 8.159152e+15 -1.049034e+16 4.211649e-49 0.4
1.165593e+15 5.827965e+15 1.049034e+16 5.705365e-49 0.4
1.165593e+15 5.827965e+15 8.159152e+15 3.276774e-47 0.4
1.165593e+15 5.827965e+15 5.827965e+15 1.532537e-46 0.2
1.165593e+15 5.827965e+15 3.496779e+15 6.909067e-46 0.2
1.165593e+15 5.827965e+15 1.165593e+15 1.950907e-45 0.2
1.165593e+15 5.827965e+15 -1.165593e+15 1.950907e-45 0.2
1.165593e+15 5.827965e+15 -3.496779e+15 6.909067e-46 0.2
1.165593e+15 5.827965e+15 -5.827965e+15 1.532537e-46 0.2
1.165593e+15 5.827965e+15 -8.159152e+15 3.276774e-47 0.4
1.165593e+15 5.827965e+15 -1.049034e+16 5.705365e-49 0.4
1.165593e+15 3.496779e+15 1.049034e+16 5.815040e-48 0.4
1.165593e+15 3.496779e+15 8.159152e+15 3.290866e-47 0.4
1.165593e+15 3.496779e+15 5.827965e+15 2.657334e-46 0.4
1.165593e+15 3.496779e+15 3.496779e+15 3.059876e-45 0.2
1.165593e+15 3.496779e+15 1.165593e+15 2.723626e-44 0.2
1.165593e+15 3.496779e+15 -1.165593e+15 2.723626e-44 0.2
1.165593e+15 3.496779e+15 -3.496779e+15 3.059876e-45 0.2
1.165593e+15 3.496779e+15 -5.827965e+15 2.657334e-46 0.4
1.165593e+15 3.496779e+15 -8.159152e+15 3.290866e-47 0.4
1.165593e+15 3.496779e+15 -1.049034e+16 5.815040e-48 0.4
1.165593e+15 1.165593e+15 1.049034e+16 1.680490e-48 0.4
1.165593e+15 1.165593e+15 8.159152e+15 1.178874e-47 0.4
1.165593e+15 1.165593e+15 5.827965e+15 1.500698e-46 0.4
1.165593e+15 1.165593e+15 3.496779e+15 5.447252e-45 0.4
1.165593e+15 1.165593e+15 1.165593e+15 9.846077e-43 0.2
1.165593e+15 1.165593e+15 -1.165593e+15 9.846077e-43 0.2
1.165593e+15 1.165593e+15 -3.496779e+15 5.447252e-45 0.4
1.165593e+15 1.165593e+15 -5.827965e+15 1.500698e-46 0.4
1.165593e+15 1.165593e+15 -8.159152e+15 1.178874e-47 0.4
1.165593e+15 1.165593e+15 -1.049034e+16 1.680490e-48 0.4
1.165593e+15 -1.165593e+15 1.049034e+16 1.680490e-48 0.4
1.165593e+15 -1.165593e+15 8.159152e+15 1.178874e-47 0.4
1.165593e+15 -1.165593e+15 5.827965e+15 1.500698e-46 0.4
1.165593e+15 -1.165593e+15 3.496779e+15 5.447252e-45 0.4
1.165593e+15 -1.165593e+15 1.165593e+15 9.846077e-43 0.2
1.165593e+15 -1.165593e+15 -1.165593e+15 9.846077e-43 0.2
1.165593e+15 -1.165593e+15 -3.496779e+15 5.447252e-45 0.4
1.165593e+15 -1.165593e+15 -5.827965e+15 1.500698e-46 0.4
1.165593e+15 -1.165593e+15 -8.159152e+15 1.178874e-47 0.4
1.165593e+15 -1.165593e+15 -1.049034e+16 1.680490e-48 0.4
1.165593e+15 -3.496779e+15 1.049034e+16 5.815040e-48 0.4
1.165593e+15 -3.496779e+15 8.159152e+15 3.290866e-47 0.4
1.165593e+15 -3.496779e+15 5.827965e+15 2.657334e-46 0.4
1.165593e+15 -3.496779e+15 3.496779e+15 3.059876e-45 0.2
1.165593e+15 -3.496779e+15 1.165593e+15 2.723626e-44 0.2
1.165593e+15 -3.496779e+15 -1.165593e+15 2.723626e-44 0.2
1.165593e+15 -3.496779e+15 -3.496779e+15 3.059876e-45 0.2
1.165593e+15 -3.496779e+15 -5.827965e+15 2.657334e-46 0.4
1.165593e+15 -3.496779e+15 -8.159152e+15 3.290866e-47 0.4
1.165593e+15 -3.496779e+15 -1.049034e+16 5.815040e-48 0.4
1.165593e+15 -5.827965e+15 1.049034e+16 5.705365e-49 0.4
1.165593e+15 -5.827965e+15 8.159152e+15 3.276774e-47 0.4
1.165593e+15 -5.827965e+15 5.827965e+15 1.532537e-46 0.2
1.165593e+15 -5.827965e+15 3.496779e+15 6.909067e-46 0.2
1.165593e+15 -5.827965e+15 1.165593e+15 1.950907e-45 0.2
1.165593e+15 -5.827965e+15 -1.165593e+15 1.950907e-45 0.2
1.165593e+15 -5.827965e+15 -3.496779e+15 6.909067e-46 0.2
1.165593e+15 -5.827965e+15 -5.827965e+15 1.532537e-46 0.2
1.165593e+15 -5.827965e+15 -8.159152e+15 3.276774e-47 0.4
1.165593e+15 -5.827965e+15 -1.049034e+16 5.705365e-49 0.4
1.165593e+15 -8.159152e+15 1.049034e+16 4.211649e-49 0.4
1.165593e+15 -8.159152e+15 8.159152e+15 2.075618e-47 0.2
1.165593e+15 -8.159152e+15 5.827965e+15 6.301489e-47 0.2
1.165593e+15 -8.159152e+15 3.496779e+15 1.645433e-46 0.2
1.165593e+15 -8.159152e+15 1.165593e+15 2.947186e-46 0.2
1.165593e+15 -8.159152e+15 -1.165593e+15 2.947186e-46 0.2
1.165593e+15 -8.159152e+15 -3.496779e+15 1.645433e-46 0.2
1.165593e+15 -8.159152e+15 -5.827965e+15 6.301489e-47 0.2
1.165593e+15 -8.159152e+15 -8.159152e+15 2.075618e-47 0.2
1.165593e+15 -8.159152e+15 -1.049034e+16 4.211649e-49 0.4
1.165593e+15 -1.049034e+16 1.049034e+16 3.034434e-49 0.4
1.165593e+15 -1.049034e+16 8.159152e+15 4.211649e-49 0.4
1.165593e+15 -1.049034e+16 5.827965e+15 5.705365e-49 0.4
1.165593e+15 -1.049034e+16 3.496779e+15 4.768332e-47 0.2
1.165593e+15 -1.049034e+16 1.165593e+15 6.890008e-47 0.2
1.165593e+15 -1.049034e+16 -1.165593e+15 6.890008e-47 0.2
1.165593e+15 -1.049034e+16 -3.496779e+15 4.768332e-47 0.2
1.165593e+15 -1.049034e+16 -5.827965e+15 5.705365e-49 0.4
1.165593e+15 -1.049034e+16 -8.159152e+15 4.211649e-49 0.4
1.165593e+15 -1.049034e+16 -1.049034e+16 3.034434e-49 0.4
-1.165593e+15 1.049034e+16 1.049034e+16 3.034434e-49 0.4
-1.165593e+15 1.049034e+16 8.159152e+15 4.211649e-49 0.4
-1.165593e+15 1.049034e+16 5.827965e+15 5.705365e-49 0.4
-1.165593e+15 1.049034e+16 3.496779e+15 4.768332e-47 0.2
-1.165593e+15 1.049034e+16 1.165593e+15 6.890008e-47 0.2
-1.165593e+15 1.049034e+16 -1.165593e+15 6.890008e-47 0.2
-1.165593e+15 1.049034e+16 -3.496779e+15 4.768332e-47 0.2
-1.165593e+15 1.049034e+16 -5.827965e+15 5.705365e-49 0.4
-1.165593e+15 1.049034e+16 -8.159152e+15 4.211649e-49 0.4
-1.165593e+15 1.049034e+16 -1.049034e+16 3.034434e-49 0.4
-1.165593e+15 8.159152e+15 1.049034e+16 4.211649e-49 0.4
-1.165593e+15 8.159152e+15 8.159152e+15 2.075618e-47 0.2
-1.165593e+15 8.159152e+15 5.827965e+15 6.301489e-47 0.2
-1.165593e+15 8.159152e+15 3.496779e+15 1.645433e-46 0.2
-1.165593e+15 8.159152e+15 1.165593e+15 2.947186e-46 0.2
-1.165593e+15 8.159152e+15 -1.165593e+15 2.947186e-46 0.2
-1.165593e+15 8.159152e+15 -3.496779e+15 1.645433e-46 0.2
-1.165593e+15 8.159152e+15 -5.827965e+15 6.301489e-47 0.2
-1.165593e+15 8.159152e+15 -8.159152e+15 2.075618e-47 0.2
-1.165593e+15 8.159152e+15 -1.049034e+16 4.211649e-49 0.4
-1.165593e+15 5.827965e+15 1.049034e+16 5.705365e-49 0.4
-1.165593e+15 5.827965e+15 8.159152e+15 3.276774e-47 0.4
-1.165593e+15 5.827965e+15 5.827965e+15 1.532537e-46 0.2
-1.165593e+15 5.827965e+15 3.496779e+15 6.909067e-46 0.2
-1.165593e+15 5.827965e+15 1.165593e+15 1.950907e-45 0.2
-1.165593e+15 5.827965e+15 -1.165593e+15 1.950907e-45 0.2
-1.165593e+15 5.827965e+15 -3.496779e+15 6.909067e-46 0.2
-1.165593e+15 5.827965e+15 -5.827965e+15 1.532537e-46 0.2
-1.165593e+15 5.827965e+15 -8.159152e+15 3.276774e-47 0.4
-1.165593e+15 5.827965e+15 -1.049034e+16 5.705365e-49 0.4
-1.165593e+15 3.496779e+15 1.049034e+16 5.815040e-48 0.4
-1.165593e+15 3.496779e+15 8.159152e+15 3.290866e-47 0.4
-1.165593e+15 3.496779e+15 5.827965e+15 2.657334e-46 0.4
-1.165593e+15 3.496779e+15 3.496779e+15 3.059876e-45 0.2
-1.165593e+15 3.496779e+15 1.165593e+15 2.723626e-44 0.2
-1.165593e+15 3.496779e+15 -1.165593e+15 2.723626e-44 0.2
-1.165593e+15 3.496779e+15 -3.496779e+15 3.059876e-45 0.2
-1.165593e+15 3.496779e+15 -5.827965e+15 2.657334e-46 0.4
-1.165593e+15 3.496779e+15 -8.159152e+15 3.290866e-47 0.4
-1.165593e+15 3.496779e+15 -1.049034e+16 5.815040e-48 0.4
-1.165593e+15 1.165593e+15 1.049034e+16 1.680490e-48 0.4
-1.165593e+15 1.165593e+15 8.159152e+15 1.178874e-47 0.4
-1.165593e+15 1.165593e+15 5.827965e+15 1.500698e-46 0.4
-1.165593e+15 1.165593e+15 3.496779e+15 5.447252e-45 0.4
-1.165593e+15 1.165593e+15 1.165593e+15 9.846077e-43 0.2
-1.165593e+15 1.165593e+15 -1.165593e+15 9.846077e-43 0.2
-1.165593e+15 1.165593e+15 -3.496779e+15 5.447252e-45 0.4
-1.165593e+15 1.165593e+15 -5.827965e+15 1.500698e-46 0.4
-1.165593e+15 1.165593e+15 -8.159152e+15 1.178874e-47 0.4
-1.165593e+15 1.165593e+15 -1.049034e+16 1.680490e-48 0.4
-1.165593e+15 -1.165593e+15 1.049034e+16 1.680490e-48 0.4
-1.165593e+15 -1.165593e+15 8.159152e+15 1.178874e-47 0.4
-1.165593e+15 -1.165593e+15 5.827965e+15 1.500698e-46 0.4
-1.165593e+15 -1.165593e+15 3.496779e+15 5.447252e-45 0.4
-1.165593e+15 -1.165593e+15 1.165593e+15 9.846077e-43 0.2
-1.165593e+15 -1.165593e+15 -1.165593e+15 9.846077e-43 0.2
-1.165593e+15 -1.165593e+15 -3.496779e+15 5.447252e-45 0.4
-1.165593e+15 -1.165593e+15 -5.827965e+15 1.500698e-46 0.4
-1.165593e+15 -1.165593e+15 -8.159152e+15 1.178874e-47 0.4
-1.165593e+15 -1.165593e+15 -1.049034e+16 1.680490e-48 0.4
-1.165593e+15 -3.496779e+15 1.049034e+16 5.815040e-48 0.4
-1.165593e+15 -3.496779e+15 8.159152e+15 3.290866e-47 0.4
-1.165593e+15 -3.496779e+15 5.827965e+15 2.657334e-46 0.4
-1.165593e+15 -3.496779e+15 3.496779e+15 3.059876e-45 0.2
-1.165593e+15 -3.496779e+15 1.165593e+15 2.723626e-44 0.2
-1.165593e+15 -3.496779e+15 -1.165593e+15 2.723626e-44 0.2
-1.165593e+15 -3.496779e+15 -3.496779e+15 3.059876e-45 0.2
-1.165593e+15 -3.496779e+15 -5.827965e+15 2.657334e-46 0.4
-1.165593e+15 -3.496779e+15 -8.159152e+15 3.290866e-47 0.4
-1.165593e+15 -3.496779e+15 -1.049034e+16 5.815040e-48 0.4
-1.165593e+15 -5.827965e+15 1.049034e+16 5.705365e-49 0.4
-1.165593e+15 -5.827965e+15 8.159152e+15 3.276774e-47 0.4
-1.165593e+15 -5.827965e+15 5.827965e+15 1.532537e-46 0.2
-1.165593e+15 -5.827965e+15 3.496779e+15 6.909067e-46 0.2
-1.165593e+15 -5.827965e+15 1.165593e+15 1.950907e-45 0.2
-1.165593e+15 -5.827965e+15 -1.165593e+15 1.950907e-45 0.2
-1.165593e+15 -5.827965e+15 -3.496779e+15 6.909067e-46 0.2
-1.165593e+15 -5.827965e+15 -5.827965e+15 1.532537e-46 0.2
-1.165593e+15 -5.827965e+15 -8.159152e+15 3.276774e-47 0.4
-1.165593e+15 -5.827965e+15 -1.049034e+16 5.705365e-49 0.4
-1.165593e+15 -8.159152e+15 1.049034e+16 4.211649e-49 0.4
-1.165593e+15 -8.159152e+15 8.159152e+15 2.075618e-47 0.2
-1.165593e+15 -8.159152e+15 5.827965e+15 6.301489e-47 0.2
-1.165593e+15 -8.159152e+15 3.496779e+15 1.645433e-46 0.2
-1.165593e+15 -8.159152e+15 1.165593e+15 2.947186e-46 0.2
-1.165593e+15 -8.159152e+15 -1.165593e+15 2.947186e-46 0.2
-1.165593e+15 -8.159152e+15 -3.496779e+15 1.645433e-46 0.2
-1.165593e+15 -8.159152e+15 -5.827965e+15 6.301489e-47 0.2
-1.165593e+15 -8.159152e+15 -8.159152e+15 2.075618e-47 0.2
-1.165593e+15 -8.159152e+15 -1.049034e+16 4.211649e-49 0.4
-1.165593e+15 -1.049034e+16 1.049034e+16 3.034434e-49 0.4
-1.165593e+15 -1.049034e+16 8.159152e+15 4.211649e-49 0.4
-1.165593e+15 -1.049034e+16 5.827965e+15 5.705365e-49 0.4
-1.165593e+15 -1.049034e+16 3.496779e+15 4.768332e-47 0.2
-1.165593e+15 -1.049034e+16 1.165593e+15 6.890008e-47 0.2
-1.165593e+15 -1.049034e+16 -1.165593e+15 6.890008e-47 0.2
-1.165593e+15 -1.049034e+16 -3.496779e+15 4.768332e-47 0.2
-1.165593e+15 -1.049034e+16 -5.827965e+15 5.705365e-49 0.4
-1.165593e+15 -1.049034e+16 -8.159152e+15 4.211649e-49 0.4
-1.165593e+15 -1.049034e+16 -1.049034e+16 3.034434e-49 0.4
-3.496779e+15 1.049034e+16 1.049034e+16 2.824002e-49 0.4
-3.496779e+15 1.049034e+16 8.159152e+15 3.853336e-49 0.4
-3.496779e+15 1.049034e+16 5.827965e+15 5.120500e-49 0.4
-3.496779e+15 1.049034e+16 3.496779e+15 3.736113e-47 0.2
-3.496779e+15 1.049034e+16 1.165593e+15 5.233536e-47 0.2
-3.496779e+15 1.049034e+16 -1.165593e+15 5.233536e-47 0.2
-3.496779e+15 1.049034e+16 -3.496779e+15 3.736113e-47 0.2
-3.496779e+15 1.049034e+16 -5.827965e+15 5.120500e-49 0.4
-3.496779e+15 1.049034e+16 -8.159152e+15 3.853336e-49 0.4
-3.496779e+15 1.049034e+16 -1.049034e+16 2.824002e-49 0.4
-3.496779e+15 8.159152e+15 1.049034e+16 3.853336e-49 0.4
-3.496779e+15 8.159152e+15 8.159152e+15 5.705365e-49 0.4
-3.496779e+15 8.159152e+15 5.827965e+15 4.873420e-47 0.2
-3.496779e+15 8.159152e+15 3.496779e+15 1.147749e-46 0.2
-3.496779e+15 8.159152e+15 1.165593e+15 1.908702e-46 0.2
-3.496779e+15 8.159152e+15 -1.165593e+15 1.908702e-46 0.2
-3.496779e+15 8.159152e+15 -3.496779e+15 1.147749e-46 0.2
-3.496779e+15 8.159152e+15 -5.827965e+15 4.873420e-47 0.2
-3.496779e+15 8.159152e+15 -8.159152e+15 5.705365e-49 0.4
-3.496779e+15 8.159152e+15 -1.049034e+16 3.853336e-49 0.4
-3.496779e+15 5.827965e+15 1.049034e+16 5.120500e-49 0.4
-3.496779e+15 5.827965e+15 8.159152e+15 2.856833e-47 0.4
-3.496779e+15 5.827965e+15 5.827965e+15 1.118894e-46 0.2
-3.496779e+15 5.827965e+15 3.496779e+15 3.965732e-46 0.2
-3.496779e+15 5.827965e+15 1.165593e+15 9.034934e-46 0.2
-3.496779e+15 5.827965e+15 -1.165593e+15 9.034934e-46 0.2
-3.496779e+15 5.827965e+15 -3.496779e+15 3.965732e-46 0.2
-3.496779e+15 5.827965e+15 -5.827965e+15 1.118894e-46 0.2
-3.496779e+15 5.827965e+15 -8.159152e+15 2.856833e-47 0.4
-3.496779e+15 5.827965e+15 -1.049034e+16 5.120500e-49 0.4
-3.496779e+15 3.496779e+15 1.049034e+16 7.472226e-48 0.4
-3.496779e+15 3.496779e+15 8.159152e+15 3.561981e-47 0.4
-3.496779e+15 3.496779e+15 5.827965e+15 2.099505e-46 0.4
-3.496779e+15 3.496779e+15 3.496779e+15 1.350628e-45 0.2
-3.496779e+15 3.496779e+15 1.165593e+15 5.507777e-45 0.2
-3.496779e+15 3.496779e+15 -1.165593e+15 5.507777e-45 0.2
-3.496779e+15 3.496779e+15 -3.496779e+15 1.350628e-45 0.2
-3.496779e+15 3.496779e+15 -5.827965e+15 2.099505e-46 0.4
-3.496779e+15 3.496779e+15 -8.159152e+15 3.561981e-47 0.4
-3.496779e+15 3.496779e+15 -1.049034e+16 7.472226e-48 0.4
-3.496779e+15 1.165593e+15 1.049034e+16 5.815040e-48 0.4
-3.496779e+15 1.165593e+15 8.159152e+15 3.290866e-47 0.4
-3.496779e+15 1.165593e+15 5.827965e+15 2.657334e-46 0.4
-3.496779e+15 1.165593e+15 3.496779e+15 3.059876e-45 0.2
-3.496779e+15 1.165593e+15 1.165593e+15 2.723626e-44 0.2
-3.496779e+15 1.165593e+15 -1.165593e+15 2.723626e-44 0.2
-3.496779e+15 1.165593e+15 -3.496779e+15 3.059876e-45 0.2
-3.496779e+15 1.165593e+15 -5.827965e+15 2.657334e-46 0.4
-3.496779e+15 1.165593e+15 -8.159152e+15 3.290866e-47 0.4
-3.496779e+15 1.165593e+15 -1.049034e+16 5.815040e-48 0.4
-3.496779e+15 -1.165593e+15 1.049034e+16 5.815040e-48 0.4
-3.496779e+15 -1.165593e+15 8.159152e+15 3.290866e-47 0.4
-3.496779e+15 -1.165593e+15 5.827965e+15 2.657334e-46 0.4
-3.496779e+15 -1.165593e+15 3.496779e+15 3.059876e-45 0.2
-3.496779e+15 -1.165593e+15 1.165593e+15 2.723626e-44 0.2
-3.496779e+15 -1.165593e+15 -1.165593e+15 2.723626e-44 0.2
-3.496779e+15 -1.165593e+15 -3.496779e+15 3.059876e-45 0.2
-3.496779e+15 -1.165593e+15 -5.827965e+15 2.657334e-46 0.4
-3.496779e+15 -1.165593e+15 -8.159152e+15 3.290866e-47 0.4
-3.496779e+15 -1.165593e+15 -1.049034e+16 5.815040e-48 0.4
-3.496779e+15 -3.496779e+15 1.049034e+16 7.472226e-48 0.4
-3.496779e+15 -3.496779e+15 8.159152e+15 3.561981e-47 0.4
-3.496779e+15 -3.496779e+15 5.827965e+15 2.099505e-46 0.4
-3.496779e+15 -3.496779e+15 3.496779e+15 1.350628e-45 0.2
-3.496779e+15 -3.496779e+15 1.165593e+15 5.507777e-45 0.2
-3.496779e+15 -3.496779e+15 -1.165593e+15 5.507777e-45 0.2
-3.496779e+15 -3.496779e+15 -3.496779e+15 1.350628e-45 0.2
-3.496779e+15 -3.496779e+15 -5.827965e+15 2.099505e-46 0.4
-3.496779e+15 -3.496779e+15 -8.159152e+15 3.561981e-47 0.4
-3.496779e+15 -3.496779e+15 -1.049034e+16 7.472226e-48 0.4
-3.496779e+15 -5.827965e+15 1.049034e+16 5.120500e-49 0.4
-3.496779e+15 -5.827965e+15 8.159152e+15 2.856833e-47 0.4
-3.496779e+15 -5.827965e+15 5.827965e+15 1.118894e-46 0.2
-3.496779e+15 -5.827965e+15 3.496779e+15 3.965732e-46 0.2
-3.496779e+15 -5.827965e+15 1.165593e+15 9.034934e-46 0.2
-3.496779e+15 -5.827965e+15 -1.165593e+15 9.034934e-46 0.2
-3.496779e+15 -5.827965e+15 -3.496779e+15 3.965732e-46 0.2
-3.496779e+15 -5.827965e+15 -5.827965e+15 1.118894e-46 0.2
-3.496779e+15 -5.827965e+15 -8.159152e+15 2.856833e-47 0.4
-3.496779e+15 -5.827965e+15 -1.049034e+16 5.120500e-49 0.4
-3.496779e+15 -8.159152e+15 1.049034e+16 3.853336e-49 0.4
-3.496779e+15 -8.159152e+15 8.159152e+15 5.705365e-49 0.4
-3.496779e+15 -8.159152e+15 5.827965e+15 4.873420e-47 0.2
-3.496779e+15 -8.159152e+15 3.496779e+15 1.147749e-46 0.2
-3.496779e+15 -8.159152e+15 1.165593e+15 1.908702e-46 0.2
-3.496779e+15 -8.159152e+15 -1.165593e+15 1.908702e-46 0.2
-3.496779e+15 -8.159152e+15 -3.496779e+15 1.147749e-46 0.2
-3.496779e+15 -8.159152e+15 -5.827965e+15 4.873420e-47 0.2
-3.496779e+15 -8.159152e+15 -8.159152e+15 5.705365e-49 0.4
-3.496779e+15 -8.159152e+15 -1.049034e+16 3.853336e-49 0.4
-3.496779e+15 -1.049034e+16 1.049034e+16 2.824002e-49 0.4
-3.496779e+15 -1.049034e+16 8.159152e+15 3.853336e-49 0.4
-3.496779e+15 -1.049034e+16 5.827965e+15 5.120500e-49 0.4
-3.496779e+15 -1.049034e+16 3.496779e+15 3.736113e-47 0.2
-3.496779e+15 -1.049034e+16 1.165593e+15 5.233536e-47 0.2
-3.496779e+15 -1.049034e+16 -1.165593e+15 5.233536e-47 0.2
-3.496779e+15 -1.049034e+16 -3.496779e+15 3.736113e-47 0.2
-3.496779e+15 -1.049034e+16 -5.827965e+15 5.120500e-49 0.4
-3.496779e+15 -1.049034e+16 -8.159152e+15 3.853336e-49 0.4
-3.496779e+15 -1.049034e+16 -1.049034e+16 2.824002e-49 0.4
-5.827965e+15 1.049034e+16 1.049034e+16 2.469430e-49 0.4
-5.827965e+15 1.049034e+16 8.159152e+15 3.272364e-49 0.4
-5.827965e+15 1.049034e+16 5.827965e+15 4.211649e-49 0.4
-5.827965e+15 1.049034e+16 3.496779e+15 5.120500e-49 0.4
-5.827965e+15 1.049034e+16 1.165593e+15 5.705365e-49 0.4
-5.827965e+15 1.049034e+16 -1.165593e+15 5.705365e-49 0.4
-5.827965e+15 1.049034e+16 -3.496779e+15 5.120500e-49 0.4
-5.827965e+15 1.049034e+16 -5.827965e+15 4.211649e-49 0.4
-5.827965e+15 1.049034e+16 -8.159152e+15 3.272364e-49 0.4
-5.827965e+15 1.049034e+16 -1.049034e+16 2.469430e-49 0.4
-5.827965e+15 8.159152e+15 1.049034e+16 3.272364e-49 0.4
-5.827965e+15 8.159152e+15 8.159152e+15 4.629152e-49 0.4
-5.827965e+15 8.159152e+15 5.827965e+15 3.071915e-47 0.2
-5.827965e+15 8.159152e+15 3.496779e+15 6.217812e-47 0.2
-5.827965e+15 8.159152e+15 1.165593e+15 9.326204e-47 0.2
-5.827965e+15 8.159152e+15 -1.165593e+15 9.326204e-47 0.2
-5.827965e+15 8.159152e+15 -3.496779e+15 6.217812e-47 0.2
-5.827965e+15 8.159152e+15 -5.827965e+15 3.071915e-47 0.2
-5.827965e+15 8.159152e+15 -8.159152e+15 4.629152e-49 0.4
-5.827965e+15 8.159152e+15 -1.049034e+16 3.272364e-49 0.4
-5.827965e+15 5.827965e+15 1.049034e+16 4.211649e-49 0.4
-5.827965e+15 5.827965e+15 8.159152e+15 2.075618e-47 0.2
-5.827965e+15 5.827965e+15 5.827965e+15 6.301489e-47 0.2
-5.827965e+15 5.827965e+15 3.496779e+15 1.645433e-46 0.2
-5.827965e+15 5.827965e+15 1.165593e+15 2.947186e-46 0.2
-5.827965e+15 5.827965e+15 -1.165593e+15 2.947186e-46 0.2
-5.827965e+15 5.827965e+15 -3.496779e+15 1.645433e-46 0.2
-5.827965e+15 5.827965e+15 -5.827965e+15 6.301489e-47 0.2
-5.827965e+15 5.827965e+15 -8.159152e+15 2.075618e-47 0.2
-5.827965e+15 5.827965e+15 -1.049034e+16 4.211649e-49 0.4
-5.827965e+15 3.496779e+15 1.049034e+16 5.120500e-49 0.4
-5.827965e+15 3.496779e+15 8.159152e+15 2.856833e-47 0.4
-5.827965e+15 3.496779e+15 5.827965e+15 1.118894e-46 0.2
-5.827965e+15 3.496779e+15 3.496779e+15 3.965732e-46 0.2
-5.827965e+15 3.496779e+15 1.165593e+15 9.034934e-46 0.2
-5.827965e+15 3.496779e+15 -1.165593e+15 9.034934e-46 0.2
-5.827965e+15 3.496779e+15 -3.496779e+15 3.965732e-46 0.2
-5.827965e+15 3.496779e+15 -5.827965e+15 1.118894e-46 0.2
-5.827965e+15 3.496779e+15 -8.159152e+15 2.856833e-47 0.4
-5.827965e+15 3.496779e+15 -1.049034e+16 5.120500e-49 0.4
-5.827965e+15 1.165593e+15 1.049034e+16 5.705365e-49 0.4
-5.827965e+15 1.165593e+15 8.159152e+15 3.276774e-47 0.4
-5.827965e+15 1.165593e+15 5.827965e+15 1.532537e-46 0.2
-5.827965e+15 1.165593e+15 3.496779e+15 6.909067e-46 0.2
-5.827965e+15 1.165593e+15 1.165593e+15 1.950907e-45 0.2
-5.827965e+15 1.165593e+15 -1.165593e+15 1.950907e-45 0.2
-5.827965e+15 1.165593e+15 -3.496779e+15 6.909067e-46 0.2
-5.827965e+15 1.165593e+15 -5.827965e+15 1.532537e-46 0.2
-5.827965e+15 1.165593e+15 -8.159152e+15 3.276774e-47 0.4
-5.827965e+15 1.165593e+15 -1.049034e+16 5.705365e-49 0.4
-5.827965e+15 -1.165593e+15 1.049034e+16 5.705365e-49 0.4
-5.827965e+15 -1.165593e+15 8.159152e+15 3.276774e-47 0.4
-5.827965e+15 -1.165593e+15 5.827965e+15 1.532537e-46 0.2
-5.827965e+15 -1.165593e+15 3.496779e+15 6.909067e-46 0.2
-5.827965e+15 -1.165593e+15 1.165593e+15 1.950907e-45 0.2
-5.827965e+15 -1.165593e+15 -1.165593e+15 1.950907e-45 0.2
-5.827965e+15 -1.165593e+15 -3.496779e+15 6.909067e-46 0.2
-5.827965e+15 -1.165593e+15 -5.827965e+15 1.532537e-46 0.2
-5.827965e+15 -1.165593e+15 -8.159152e+15 3.276774e-47 0.4
-5.827965e+15 -1.165593e+15 -1.049034e+16 5.705365e-49 0.4
-5.827965e+15 -3.496779e+15 1.049034e+16 5.120500e-49 0.4
-5.827965e+15 -3.496779e+15 8.159152e+15 2.856833e-47 0.4
-5.827965e+15 -3.496779e+15 5.827965e+15 1.118894e-46 0.2
-5.827965e+15 -3.496779e+15 3.496779e+15 3.965732e-46 0.2
-5.827965e+15 -3.496779e+15 1.165593e+15 9.034934e-46 0.2
-5.827965e+15 -3.496779e+15 -1.165593e+15 9.034934e-46 0.2
-5.827965e+15 -3.496779e+15 -3.496779e+15 3.965732e-46 0.2
-5.827965e+15 -3.496779e+15 -5.827965e+15 1.118894e-46 0.2
-5.827965e+15 -3.496779e+15 -8.159152e+15 2.856833e-47 0.4
-5.827965e+15 -3.496779e+15 -1.049034e+16 5.120500e-49 0.4
-5.827965e+15 -5.827965e+15 1.049034e+16 4.211649e-49 0.4
-5.827965e+15 -5.827965e+15 8.159152e+15 2.075618e-47 0.2
-5.827965e+15 -5.827965e+15 5.827965e+15 6.301489e-47 0.2
-5.827965e+15 -5.827965e+15 3.496779e+15 1.645433e-46 0.2
-5.827965e+15 -5.827965e+15 1.165593e+15 2.947186e-46 0.2
-5.827965e+15 -5.827965e+15 -1.165593e+15 2.947186e-46 0.2
-5.827965e+15 -5.827965e+15 -3.496779e+15 1.645433e-46 0.2
-5.827965e+15 -5.827965e+15 -5.827965e+15 6.301489e-47 0.2
-5.827965e+15 -5.827965e+15 -8.159152e+15 2.075618e-47 0.2
-5.827965e+15 -5.827965e+15 -1.049034e+16 4.211649e-49 0.4
-5.827965e+15 -8.159152e+15 1.049034e+16 3.272364e-49 0.4
-5.827965e+15 -8.159152e+15 8.159152e+15 4.629152e-49 0.4
-5.827965e+15 -8.159152e+15 5.827965e+15 3.071915e-47 0.2
-5.827965e+15 -8.159152e+15 3.496779e+15 6.217812e-47 0.2
-5.827965e+15 -8.159152e+15 1.165593e+15 9.326204e-47 0.2
-5.827965e+15 -8.159152e+15 -1.165593e+15 9.326204e-47 0.2
-5.827965e+15 -8.159152e+15 -3.496779e+15 6.217812e-47 0.2
-5.827965e+15 -8.159152e+15 -5.827965e+15 3.071915e-47 0.2
-5.827965e+15 -8.159152e+15 -8.159152e+15 4.629152e-49 0.4
-5.827965e+15 -8.159152e+15 -1.049034e+16 3.272364e-49 0.4
-5.827965e+15 -1.049034e+16 1.049034e+16 2.469430e-49 0.4
-5.827965e+15 -1.049034e+16 8.159152e+15 3.272364e-49 0.4
-5.827965e+15 -1.049034e+16 5.827965e+15 4.211649e-49 0.4
-5.827965e+15 -1.049034e+16 3.496779e+15 5.120500e-49 0.4
-5.827965e+15 -1.049034e+16 1.165593e+15 5.705365e-49 0.4
-5.827965e+15 -1.049034e+16 -1.165593e+15 5.705365e-49 0.4
-5.827965e+15 -1.049034e+16 -3.496779e+15 5.120500e-49 0.4
-5.827965e+15 -1.049034e+16 -5.827965e+15 4.211649e-49 0.4
-5.827965e+15 -1.049034e+16 -8.159152e+15 3.272364e-49 0.4
-5.827965e+15 -1.049034e+16 -1.049034e+16 2.469430e-49 0.4
-8.159152e+15 1.049034e+16 1.049034e+16 2.060324e-49 0.4
-8.159152e+15 1.049034e+16 8.159152e+15 2.636814e-49 0.4
-8.159152e+15 1.049034e+16 5.827965e+15 3.272364e-49 0.4
-8.159152e+15 1.049034e+16 3.496779e+15 3.853336e-49 0.4
-8.159152e+15 1.049034e+16 1.165593e+15 4.211649e-49 0.4
-8.159152e+15 1.049034e+16 -1.165593e+15 4.211649e-49 0.4
-8.159152e+15 1.049034e+16 -3.496779e+15 3.853336e-49 0.4
-8.159152e+15 1.049034e+16 -5.827965e+15 3.272364e-49 0.4
-8.159152e+15 1.049034e+16 -8.159152e+15 2.636814e-49 0.4
-8.159152e+15 1.049034e+16 -1.049034e+16 2.060324e-49 0.4
-8.159152e+15 8.159152e+15 1.049034e+16 2.636814e-49 0.4
-8.159152e+15 8.159152e+15 8.159152e+15 3.543098e-49 0.4
-8.159152e+15 8.159152e+15 5.827965e+15 4.629152e-49 0.4
-8.159152e+15 8.159152e+15 3.496779e+15 5.705365e-49 0.4
-8.159152e+15 8.159152e+15 1.165593e+15 4.068212e-47 0.2
-8.159152e+15 8.159152e+15 -1.165593e+15 4.068212e-47 0.2
-8.159152e+15 8.159152e+15 -3.496779e+15 5.705365e-49 0.4
-8.159152e+15 8.159152e+15 -5.827965e+15 4.629152e-49 0.4
-8.159152e+15 8.159152e+15 -8.159152e+15 3.543098e-49 0.4
-8.159152e+15 8.159152e+15 -1.049034e+16 2.636814e-49 0.4
-8.159152e+15 5.827965e+15 1.049034e+16 3.272364e-49 0.4
-8.159152e+15 5.827965e+15 8.159152e+15 4.629152e-49 0.4
-8.159152e+15 5.827965e+15 5.827965e+15 3.071915e-47 0.2
-8.159152e+15 5.827965e+15 3.496779e+15 6.217812e-47 0.2
-8.159152e+15 5.827965e+15 1.165593e+15 9.326204e-47 0.2
-8.159152e+15 5.827965e+15 -1.165593e+15 9.326204e-47 0.2
-8.159152e+15 5.827965e+15 -3.496779e+15 6.217812e-47 0.2
-8.159152e+15 5.827965e+15 -5.827965e+15 3.071915e-47 0.2
-8.159152e+15 5.827965e+15 -8.159152e+15 4.629152e-49 0.4
-8.159152e+15 5.827965e+15 -1.049034e+16 3.272364e-49 0.4
-8.159152e+15 3.496779e+15 1.049034e+16 3.853336e-49 0.4
-8.159152e+15 3.496779e+15 8.159152e+15 5.705365e-49 0.4
-8.159152e+15 3.496779e+15 5.827965e+15 4.873420e-47 0.2
-8.159152e+15 3.496779e+15 3.496779e+15 1.147749e-46 0.2
-8.159152e+15 3.496779e+15 1.165593e+15 1.908702e-46 0.2
-8.159152e+15 3.496779e+15 -1.165593e+15 1.908702e-46 0.2
-8.159152e+15 3.496779e+15 -3.496779e+15 1.147749e-46 0.2
-8.159152e+15 3.496779e+15 -5.827965e+15 4.873420e-47 0.2
-8.159152e+15 3.496779e+15 -8.159152e+15 5.705365e-49 0.4
-8.159152e+15 3.496779e+15 -1.049034e+16 3.853336e-49 0.4
-8.159152e+15 1.165593e+15 1.049034e+16 4.211649e-49 0.4
-8.159152e+15 1.165593e+15 8.159152e+15 2.075618e-47 0.2
-8.159152e+15 1.165593e+15 5.827965e+15 6.301489e-47 0.2
-8.159152e+15 1.165593e+15 3.496779e+15 1.645433e-46 0.2
-8.159152e+15 1.165593e+15 1.165593e+15 2.947186e-46 0.2
-8.159152e+15 1.165593e+15 -1.165593e+15 2.947186e-46 0.2
-8.159152e+15 1.165593e+15 -3.496779e+15 1.645433e-46 0.2
-8.159152e+15 1.165593e+15 -5.827965e+15 6.301489e-47 0.2
-8.159152e+15 1.165593e+15 -8.159152e+15 2.075618e-47 0.2
-8.159152e+15 1.165593e+15 -1.049034e+16 4.211649e-49 0.4
-8.159152e+15 -1.165593e+15 1.049034e+16 4.211649e-49 0.4
-8.159152e+15 -1.165593e+15 8.159152e+15 2.075618e-47 0.2
-8.159152e+15 -1.165593e+15 5.827965e+15 6.301489e-47 0.2
-8.159152e+15 -1.165593e+15 3.496779e+15 1.645433e-46 0.2
-8.159152e+15 -1.165593e+15 1.165593e+15 2.947186e-46 0.2
-8.159152e+15 -1.165593e+15 -1.165593e+15 2.947186e-46 0.2
-8.159152e+15 -1.165593e+15 -3.496779e+15 1.645433e-46 0.2
-8.159152e+15 -1.165593e+15 -5.827965e+15 6.301489e-47 0.2
-8.159152e+15 -1.165593e+15 -8.159152e+15 2.075618e-47 0.2
-8.159152e+15 -1.165593e+15 -1.049034e+16 4.211649e-49 0.4
-8.159152e+15 -3.496779e+15 1.049034e+16 3.853336e-49 0.4
-8.159152e+15 -3.496779e+15 8.159152e+15 5.705365e-49 0.4
-8.159152e+15 -3.496779e+15 5.827965e+15 4.873420e-47 0.2
-8.159152e+15 -3.496779e+15 3.496779e+15 1.147749e-46 0.2
-8.159152e+15 -3.496779e+15 1.165593e+15 1.908702e-46 0.2
-8.159152e+15 -3.496779e+15 -1.165593e+15 1.908702e-46 0.2
-8.159152e+15 -3.496779e+15 -3.496779e+15 1.147749e-46 0.2
-8.159152e+15 -3.496779e+15 -5.827965e+15 4.873420e-47 0.2
-8.159152e+15 -3.496779e+15 -8.159152e+15 5.705365e-49 0.4
-8.159152e+15 -3.496779e+15 -1.049034e+16 3.853336e-49 0.4
-8.159152e+15 -5.827965e+15 1.049034e+16 3.272364e-49 0.4
-8.159152e+15 -5.827965e+15 8.159152e+15 4.629152e-49 0.4
-8.159152e+15 -5.827965e+15 5.827965e+15 3.071915e-47 0.2
-8.159152e+15 -5.827965e+15 3.496779e+15 6.217812e-47 0.2
-8.159152e+15 -5.827965e+15 1.165593e+15 9.326204e-47 0.2
-8.159152e+15 -5.827965e+15 -1.165593e+15 9.326204e-47 0.2
-8.159152e+15 -5.827965e+15 -3.496779e+15 6.217812e-47 0.2
-8.159152e+15 -5.827965e+15 -5.827965e+15 3.071915e-47 0.2
-8.159152e+15 -5.827965e+15 -8.159152e+15 4.629152e-49 0.4
-8.159152e+15 -5.827965e+15 -1.049034e+16 3.272364e-49 0.4
-8.159152e+15 -8.159152e+15 1.049034e+16 2.636814e-49 0.4
-8.159152e+15 -8.159152e+15 8.159152e+15 3.543098e-49 0.4
-8.159152e+15 -8.159152e+15 5.827965e+15 4.629152e-49 0.4
-8.159152e+15 -8.159152e+15 3.496779e+15 5.705365e-49 0.4
-8.159152e+15 -8.159152e+15 1.165593e+15 4.068212e-47 0.2
-8.159152e+15 -8.159152e+15 -1.165593e+15 4.068212e-47 0.2
-8.159152e+15 -8.159152e+15 -3.496779e+15 5.705365e-49 0.4
-8.159152e+15 -8.159152e+15 -5.827965e+15 4.629152e-49 0.4
-8.159152e+15 -8.159152e+15 -8.159152e+15 3.543098e-49 0.4
-8.159152e+15 -8.159152e+15 -1.049034e+16 2.636814e-49 0.4
-8.159152e+15 -1.049034e+16 1.049034e+16 2.060324e-49 0.4
-8.159152e+15 -1.049034e+16 8.159152e+15 2.636814e-49 0.4
-8.159152e+15 -1.049034e+16 5.827965e+15 3.272364e-49 0.4
-8.159152e+15 -1.049034e+16 3.496779e+15 3.853336e-49 0.4
-8.159152e+15 -1.049034e+16 1.165593e+15 4.211649e-49 0.4
-8.159152e+15 -1.049034e+16 -1.165593e+15 4.211649e-49 0.4
-8.159152e+15 -1.049034e+16 -3.496779e+15 3.853336e-49 0.4
-8.159152e+15 -1.049034e+16 -5.827965e+15 3.272364e-49 0.4
-8.159152e+15 -1.049034e+16 -8.159152e+15 2.636814e-49 0.4
-8.159152e+15 -1.049034e+16 -1.049034e+16 2.060324e-49 0.4
-1.049034e+16 1.049034e+16 1.049034e+16 1.667054e-49 0.4
-1.049034e+16 1.049034e+16 8.159152e+15 2.060324e-49 0.4
-1.049034e+16 1.049034e+16 5.827965e+15 2.469430e-49 0.4
-1.049034e+16 1.049034e+16 3.496779e+15 2.824002e-49 0.4
-1.049034e+16 1.049034e+16 1.165593e+15 3.034434e-49 0.4
-1.049034e+16 1.049034e+16 -1.165593e+15 3.034434e-49 0.4
-1.049034e+16 1.049034e+16 -3.496779e+15 2.824002e-49 0.4
-1.049034e+16 1.049034e+16 -5.827965e+15 2.469430e-49 0.4
-1.049034e+16 1.049034e+16 -8.159152e+15 2.060324e-49 0.4
-1.049034e+16 1.049034e+16 -1.049034e+16 1.667054e-49 0.4
-1.049034e+16 8.159152e+15 1.049034e+16 2.060324e-49 0.4
-1.049034e+16 8.159152e+15 8.159152e+15 2.636814e-49 0.4
-1.049034e+16 8.159152e+15 5.827965e+15 3.272364e-49 0.4
-1.049034e+16 8.159152e+15 3.496779e+15 3.853336e-49 0.4
-1.049034e+16 8.159152e+15 1.165593e+15 4.211649e-49 0.4
-1.049034e+16 8.159152e+15 -1.165593e+15 4.211649e-49 0.4
-1.049034e+16 8.159152e+15 -3.496779e+15 3.853336e-49 0.4
-1.049034e+16 8.159152e+15 -5.827965e+15 3.272364e-49 0.4
-1.049034e+16 8.159152e+15 -8.159152e+15 2.636814e-49 0.4
-1.049034e+16 8.159152e+15 -1.049034e+16 2.060324e-49 0.4
-1.049034e+16 5.827965e+15 1.049034e+16 2.469430e-49 0.4
-1.049034e+16 5.827965e+15 8.159152e+15 3.272364e-49 0.4
-1.049034e+16 5.827965e+15 5.827965e+15 4.211649e-49 0.4
-1.049034e+16 5.827965e+15 3.496779e+15 5.120500e-49 0.4
-1.049034e+16 5.827965e+15 1.165593e+15 5.705365e-49 0.4
-1.049034e+16 5.827965e+15 -1.165593e+15 5.705365e-49 0.4
-1.049034e+16 5.827965e+15 -3.496779e+15 5.120500e-49 0.4
-1.049034e+16 5.827965e+15 -5.827965e+15 4.211649e-49 0.4
-1.049034e+16 5.827965e+15 -8.159152e+15 3.272364e-49 0.4
-1.049034e+16 5.827965e+15 -1.049034e+16 2.469430e-49 0.4
-1.049034e+16 3.496779e+15 1.049034e+16 2.824002e-49 0.4
-1.049034e+16 3.496779e+15 8.159152e+15 3.853336e-49 0.4
-1.049034e+16 3.496779e+15 5.827965e+15 5.120500e-49 0.4
-1.049034e+16 3.496779e+15 3.496779e+15 3.736113e-47 0.2
-1.049034e+16 3.496779e+15 1.165593e+15 5.233536e-47 0.2
-1.049034e+16 3.496779e+15 -1.165593e+15 5.233536e-47 0.2
-1.049034e+16 3.496779e+15 -3.496779e+15 3.736113e-47 0.2
-1.049034e+16 3.496779e+15 -5.827965e+15 5.120500e-49 0.4
-1.049034e+16 3.496779e+15 -8.159152e+15 3.853336e-49 0.4
-1.049034e+16 3.496779e+15 -1.049034e+16 2.824002e-49 0.4
-1.049034e+16 1.165593e+15 1.049034e+16 3.034434e-49 0.4
-1.049034e+16 1.165593e+15 8.159152e+15 4.211649e-49 0.4
-1.049034e+16 1.165593e+15 5.827965e+15 5.705365e-49 0.4
-1.049034e+16 1.165593e+15 3.496779e+15 4.768332e-47 0.2
-1.049034e+16 1.165593e+15 1.165593e+15 6.890008e-47 0.2
-1.049034e+16 1.165593e+15 -1.165593e+15 6.890008e-47 0.2
-1.049034e+16 1.165593e+15 -3.496779e+15 4.768332e-47 0.2
-1.049034e+16 1.165593e+15 -5.827965e+15 5.705365e-49 0.4
-1.049034e+16 1.165593e+15 -8.159152e+15 4.211649e-49 0.4
-1.049034e+16 1.165593e+15 -1.049034e+16 3.034434e-49 0.4
-1.049034e+16 -1.165593e+15 1.049034e+16 3.034434e-49 0.4
-1.049034e+16 -1.165593e+15 8.159152e+15 4.211649e-49 0.4
-1.049034e+16 -1.165593e+15 5.827965e+15 5.705365e-49 0.4
-1.049034e+16 -1.165593e+15 3.496779e+15 4.768332e-47 0.2
-1.049034e+16 -1.165593e+15 1.165593e+15 6.890008e-47 0.2
-1.049034e+16 -1.165593e+15 -1.165593e+15 6.890008e-47 0.2
-1.049034e+16 -1.165593e+15 -3.496779e+15 4.768332e-47 0.2
-1.049034e+16 -1.165593e+15 -5.827965e+15 5.705365e-49 0.4
-1.049034e+16 -1.165593e+15 -8.159152e+15 4.211649e-49 0.4
-1.049034e+16 -1.165593e+15 -1.049034e+16 3.034434e-49 0.4
-1.049034e+16 -3.496779e+15 1.049034e+16 2.824002e-49 0.4
-1.049034e+16 -3.496779e+15 8.159152e+15 3.853336e-49 0.4
-1.049034e+16 -3.496779e+15 5.827965e+15 5.120500e-49 0.4
-1.049034e+16 -3.496779e+15 3.496779e+15 3.736113e-47 0.2
-1.049034e+16 -3.496779e+15 1.165593e+15 5.233536e-47 0.2
-1.049034e+16 -3.496779e+15 -1.165593e+15 5.233536e-47 0.2
-1.049034e+16 -3.496779e+15 -3.496779e+15 3.736113e-47 0.2
-1.049034e+16 -3.496779e+15 -5.827965e+15 5.120500e-49 0.4
-1.049034e+16 -3.496779e+15 -8.159152e+15 3.853336e-49 0.4
-1.049034e+16 -3.496779e+15 -1.049034e+16 2.824002e-49 0.4
-1.049034e+16 -5.827965e+15 1.049034e+16 2.469430e-49 0.4
-1.049034e+16 -5.827965e+15 8.159152e+15 3.272364e-49 0.4
-1.049034e+16 -5.827965e+15 5.827965e+15 4.211649e-49 0.4
-1.049034e+16 -5.827965e+15 3.496779e+15 5.120500e-49 0.4
-1.049034e+16 -5.827965e+15 1.165593e+15 5.705365e-49 0.4
-1.049034e+16 -5.827965e+15 -1.165593e+15 5.705365e-49 0.4
-1.049034e+16 -5.827965e+15 -3.496779e+15 5.120500e-49 0.4
-1.049034e+16 -5.827965e+15 -5.827965e+15 4.211649e-49 0.4
-1.049034e+16 -5.827965e+15 -8.159152e+15 3.272364e-49 0.4
-1.049034e+16 -5.827965e+15 -1.049034e+16 2.469430e-49 0.4
-1.049034e+16 -8.159152e+15 1.049034e+16 2.060324e-49 0.4
-1.049034e+16 -8.159152e+15 8.159152e+15 2.636814e-49 0.4
-1.049034e+16 -8.159152e+15 5.827965e+15 3.272364e-49 0.4
-1.049034e+16 -8.159152e+15 3.496779e+15 3.853336e-49 0.4
-1.049034e+16 -8.159152e+15 1.165593e+15 4.211649e-49 0.4
-1.049034e+16 -8.159152e+15 -1.165593e+15 4.211649e-49 0.4
-1.049034e+16 -8.159152e+15 -3.496779e+15 3.853336e-49 0.4
-1.049034e+16 -8.159152e+15 -5.827965e+15 3.272364e-49 0.4
-1.049034e+16 -8.159152e+15 -8.159152e+15 2.636814e-49 0.4
-1.049034e+16 -8.159152e+15 -1.049034e+16 2.060324e-49 0.4
-1.049034e+16 -1.049034e+16 1.049034e+16 1.667054e-49 0.4
-1.049034e+16 -1.049034e+16 8.159152e+15 2.060324e-49 0.4
-1.049034e+16 -1.049034e+16 5.827965e+15 2.469430e-49 0.4
-1.049034e+16 -1.049034e+16 3.496779e+15 2.824002e-49 0.4
-1.049034e+16 -1.049034e+16 1.165593e+15 3.034434e-49 0.4
-1.049034e+16 -1.049034e+16 -1.165593e+15 3.034434e-49 0.4
-1.049034e+16 -1.049034e+16 -3.496779e+15 2.824002e-49 0.4
-1.049034e+16 -1.049034e+16 -5.827965e+15 2.469430e-49 0.4
-1.049034e+16 -1.049034e+16 -8.159152e+15 2.060324e-49 0.4
-1.049034e+16 -1.049034e+16 -1.049034e+16 1.667054e-49 0.4
