10 2.797423e+16 1036800 
2.517681e+16 2.517681e+16 2.517681e+16 1.205913e-50 0.4
2.517681e+16 2.517681e+16 1.958196e+16 1.490396e-50 0.4
2.517681e+16 2.517681e+16 1.398712e+16 1.786335e-50 0.4
2.517681e+16 2.517681e+16 8.392270e+15 2.042825e-50 0.4
2.517681e+16 2.517681e+16 2.797423e+15 2.195048e-50 0.4
2.517681e+16 2.517681e+16 -2.797423e+15 2.195048e-50 0.4
2.517681e+16 2.517681e+16 -8.392270e+15 2.042825e-50 0.4
2.517681e+16 2.517681e+16 -1.398712e+16 1.786335e-50 0.4
2.517681e+16 2.517681e+16 -1.958196e+16 1.490396e-50 0.4
2.517681e+16 2.517681e+16 -2.517681e+16 1.205913e-50 0.4
2.517681e+16 1.958196e+16 2.517681e+16 1.490396e-50 0.4
2.517681e+16 1.958196e+16 1.958196e+16 1.907418e-50 0.4
2.517681e+16 1.958196e+16 1.398712e+16 2.367161e-50 0.4
2.517681e+16 1.958196e+16 8.392270e+15 2.787425e-50 0.4
2.517681e+16 1.958196e+16 2.797423e+15 3.046621e-50 0.4
2.517681e+16 1.958196e+16 -2.797423e+15 3.046621e-50 0.4
2.517681e+16 1.958196e+16 -8.392270e+15 2.787425e-50 0.4
2.517681e+16 1.958196e+16 -1.398712e+16 2.367161e-50 0.4
2.517681e+16 1.958196e+16 -1.958196e+16 1.907418e-50 0.4
2.517681e+16 1.958196e+16 -2.517681e+16 1.490396e-50 0.4
2.517681e+16 1.398712e+16 2.517681e+16 1.786335e-50 0.4
2.517681e+16 1.398712e+16 1.958196e+16 2.367161e-50 0.4
2.517681e+16 1.398712e+16 1.398712e+16 3.046621e-50 0.4
2.517681e+16 1.398712e+16 8.392270e+15 3.704065e-50 0.4
2.517681e+16 1.398712e+16 2.797423e+15 4.127145e-50 0.4
2.517681e+16 1.398712e+16 -2.797423e+15 4.127145e-50 0.4
2.517681e+16 1.398712e+16 -8.392270e+15 3.704065e-50 0.4
2.517681e+16 1.398712e+16 -1.398712e+16 3.046621e-50 0.4
2.517681e+16 1.398712e+16 -1.958196e+16 2.367161e-50 0.4
2.517681e+16 1.398712e+16 -2.517681e+16 1.786335e-50 0.4
2.517681e+16 8.392270e+15 2.517681e+16 2.042825e-50 0.4
2.517681e+16 8.392270e+15 1.958196e+16 2.787425e-50 0.4
2.517681e+16 8.392270e+15 1.398712e+16 3.704065e-50 0.4
2.517681e+16 8.392270e+15 8.392270e+15 1.955026e-49 0.2
2.517681e+16 8.392270e+15 2.797423e+15 2.738595e-49 0.2
2.517681e+16 8.392270e+15 -2.797423e+15 2.738595e-49 0.2
2.517681e+16 8.392270e+15 -8.392270e+15 1.955026e-49 0.2
2.517681e+16 8.392270e+15 -1.398712e+16 3.704065e-50 0.4
2.517681e+16 8.392270e+15 -1.958196e+16 2.787425e-50 0.4
2.517681e+16 8.392270e+15 -2.517681e+16 2.042825e-50 0.4
2.517681e+16 2.797423e+15 2.517681e+16 2.195048e-50 0.4
2.517681e+16 2.797423e+15 1.958196e+16 3.046621e-50 0.4
2.517681e+16 2.797423e+15 1.398712e+16 4.127145e-50 0.4
2.517681e+16 2.797423e+15 8.392270e+15 2.495164e-49 0.2
2.517681e+16 2.797423e+15 2.797423e+15 3.605390e-49 0.2
2.517681e+16 2.797423e+15 -2.797423e+15 3.605390e-49 0.2
2.517681e+16 2.797423e+15 -8.392270e+15 2.495164e-49 0.2
2.517681e+16 2.797423e+15 -1.398712e+16 4.127145e-50 0.4
2.517681e+16 2.797423e+15 -1.958196e+16 3.046621e-50 0.4
2.517681e+16 2.797423e+15 -2.517681e+16 2.195048e-50 0.4
2.517681e+16 -2.797423e+15 2.517681e+16 2.195048e-50 0.4
2.517681e+16 -2.797423e+15 1.958196e+16 3.046621e-50 0.4
2.517681e+16 -2.797423e+15 1.398712e+16 4.127145e-50 0.4
2.517681e+16 -2.797423e+15 8.392270e+15 2.495164e-49 0.2
2.517681e+16 -2.797423e+15 2.797423e+15 3.605390e-49 0.2
2.517681e+16 -2.797423e+15 -2.797423e+15 3.605390e-49 0.2
2.517681e+16 -2.797423e+15 -8.392270e+15 2.495164e-49 0.2
2.517681e+16 -2.797423e+15 -1.398712e+16 4.127145e-50 0.4
2.517681e+16 -2.797423e+15 -1.958196e+16 3.046621e-50 0.4
2.517681e+16 -2.797423e+15 -2.517681e+16 2.195048e-50 0.4
2.517681e+16 -8.392270e+15 2.517681e+16 2.042825e-50 0.4
2.517681e+16 -8.392270e+15 1.958196e+16 2.787425e-50 0.4
2.517681e+16 -8.392270e+15 1.398712e+16 3.704065e-50 0.4
2.517681e+16 -8.392270e+15 8.392270e+15 1.955026e-49 0.2
2.517681e+16 -8.392270e+15 2.797423e+15 2.738595e-49 0.2
2.517681e+16 -8.392270e+15 -2.797423e+15 2.738595e-49 0.2
2.517681e+16 -8.392270e+15 -8.392270e+15 1.955026e-49 0.2
2.517681e+16 -8.392270e+15 -1.398712e+16 3.704065e-50 0.4
2.517681e+16 -8.392270e+15 -1.958196e+16 2.787425e-50 0.4
2.517681e+16 -8.392270e+15 -2.517681e+16 2.042825e-50 0.4
2.517681e+16 -1.398712e+16 2.517681e+16 1.786335e-50 0.4
2.517681e+16 -1.398712e+16 1.958196e+16 2.367161e-50 0.4
2.517681e+16 -1.398712e+16 1.398712e+16 3.046621e-50 0.4
2.517681e+16 -1.398712e+16 8.392270e+15 3.704065e-50 0.4
2.517681e+16 -1.398712e+16 2.797423e+15 4.127145e-50 0.4
2.517681e+16 -1.398712e+16 -2.797423e+15 4.127145e-50 0.4
2.517681e+16 -1.398712e+16 -8.392270e+15 3.704065e-50 0.4
2.517681e+16 -1.398712e+16 -1.398712e+16 3.046621e-50 0.4
2.517681e+16 -1.398712e+16 -1.958196e+16 2.367161e-50 0.4
2.517681e+16 -1.398712e+16 -2.517681e+16 1.786335e-50 0.4
2.517681e+16 -1.958196e+16 2.517681e+16 1.490396e-50 0.4
2.517681e+16 -1.958196e+16 1.958196e+16 1.907418e-50 0.4
2.517681e+16 -1.958196e+16 1.398712e+16 2.367161e-50 0.4
2.517681e+16 -1.958196e+16 8.392270e+15 2.787425e-50 0.4
2.517681e+16 -1.958196e+16 2.797423e+15 3.046621e-50 0.4
2.517681e+16 -1.958196e+16 -2.797423e+15 3.046621e-50 0.4
2.517681e+16 -1.958196e+16 -8.392270e+15 2.787425e-50 0.4
2.517681e+16 -1.958196e+16 -1.398712e+16 2.367161e-50 0.4
2.517681e+16 -1.958196e+16 -1.958196e+16 1.907418e-50 0.4
2.517681e+16 -1.958196e+16 -2.517681e+16 1.490396e-50 0.4
2.517681e+16 -2.517681e+16 2.517681e+16 1.205913e-50 0.4
2.517681e+16 -2.517681e+16 1.958196e+16 1.490396e-50 0.4
2.517681e+16 -2.517681e+16 1.398712e+16 1.786335e-50 0.4
2.517681e+16 -2.517681e+16 8.392270e+15 2.042825e-50 0.4
2.517681e+16 -2.517681e+16 2.797423e+15 2.195048e-50 0.4
2.517681e+16 -2.517681e+16 -2.797423e+15 2.195048e-50 0.4
2.517681e+16 -2.517681e+16 -8.392270e+15 2.042825e-50 0.4
2.517681e+16 -2.517681e+16 -1.398712e+16 1.786335e-50 0.4
2.517681e+16 -2.517681e+16 -1.958196e+16 1.490396e-50 0.4
2.517681e+16 -2.517681e+16 -2.517681e+16 1.205913e-50 0.4
1.958196e+16 2.517681e+16 2.517681e+16 1.490396e-50 0.4
1.958196e+16 2.517681e+16 1.958196e+16 1.907418e-50 0.4
1.958196e+16 2.517681e+16 1.398712e+16 2.367161e-50 0.4
1.958196e+16 2.517681e+16 8.392270e+15 2.787425e-50 0.4
1.958196e+16 2.517681e+16 2.797423e+15 3.046621e-50 0.4
1.958196e+16 2.517681e+16 -2.797423e+15 3.046621e-50 0.4
1.958196e+16 2.517681e+16 -8.392270e+15 2.787425e-50 0.4
1.958196e+16 2.517681e+16 -1.398712e+16 2.367161e-50 0.4
1.958196e+16 2.517681e+16 -1.958196e+16 1.907418e-50 0.4
1.958196e+16 2.517681e+16 -2.517681e+16 1.490396e-50 0.4
1.958196e+16 1.958196e+16 2.517681e+16 1.907418e-50 0.4
1.958196e+16 1.958196e+16 1.958196e+16 2.563005e-50 0.4
1.958196e+16 1.958196e+16 1.398712e+16 3.348634e-50 0.4
1.958196e+16 1.958196e+16 8.392270e+15 4.127145e-50 0.4
1.958196e+16 1.958196e+16 2.797423e+15 2.128806e-49 0.2
1.958196e+16 1.958196e+16 -2.797423e+15 2.128806e-49 0.2
1.958196e+16 1.958196e+16 -8.392270e+15 4.127145e-50 0.4
1.958196e+16 1.958196e+16 -1.398712e+16 3.348634e-50 0.4
1.958196e+16 1.958196e+16 -1.958196e+16 2.563005e-50 0.4
1.958196e+16 1.958196e+16 -2.517681e+16 1.907418e-50 0.4
1.958196e+16 1.398712e+16 2.517681e+16 2.367161e-50 0.4
1.958196e+16 1.398712e+16 1.958196e+16 3.348634e-50 0.4
1.958196e+16 1.398712e+16 1.398712e+16 1.607466e-49 0.2
1.958196e+16 1.398712e+16 8.392270e+15 3.253645e-49 0.2
1.958196e+16 1.398712e+16 2.797423e+15 4.880198e-49 0.2
1.958196e+16 1.398712e+16 -2.797423e+15 4.880198e-49 0.2
1.958196e+16 1.398712e+16 -8.392270e+15 3.253645e-49 0.2
1.958196e+16 1.398712e+16 -1.398712e+16 1.607466e-49 0.2
1.958196e+16 1.398712e+16 -1.958196e+16 3.348634e-50 0.4
1.958196e+16 1.398712e+16 -2.517681e+16 2.367161e-50 0.4
1.958196e+16 8.392270e+15 2.517681e+16 2.787425e-50 0.4
1.958196e+16 8.392270e+15 1.958196e+16 4.127145e-50 0.4
1.958196e+16 8.392270e+15 1.398712e+16 2.550154e-49 0.2
1.958196e+16 8.392270e+15 8.392270e+15 6.005920e-49 0.2
1.958196e+16 8.392270e+15 2.797423e+15 9.987821e-49 0.2
1.958196e+16 8.392270e+15 -2.797423e+15 9.987821e-49 0.2
1.958196e+16 8.392270e+15 -8.392270e+15 6.005920e-49 0.2
1.958196e+16 8.392270e+15 -1.398712e+16 2.550154e-49 0.2
1.958196e+16 8.392270e+15 -1.958196e+16 4.127145e-50 0.4
1.958196e+16 8.392270e+15 -2.517681e+16 2.787425e-50 0.4
1.958196e+16 2.797423e+15 2.517681e+16 3.046621e-50 0.4
1.958196e+16 2.797423e+15 1.958196e+16 1.086126e-49 0.2
1.958196e+16 2.797423e+15 1.398712e+16 3.297431e-49 0.2
1.958196e+16 2.797423e+15 8.392270e+15 8.610190e-49 0.2
1.958196e+16 2.797423e+15 2.797423e+15 1.542198e-48 0.2
1.958196e+16 2.797423e+15 -2.797423e+15 1.542198e-48 0.2
1.958196e+16 2.797423e+15 -8.392270e+15 8.610190e-49 0.2
1.958196e+16 2.797423e+15 -1.398712e+16 3.297431e-49 0.2
1.958196e+16 2.797423e+15 -1.958196e+16 1.086126e-49 0.2
1.958196e+16 2.797423e+15 -2.517681e+16 3.046621e-50 0.4
1.958196e+16 -2.797423e+15 2.517681e+16 3.046621e-50 0.4
1.958196e+16 -2.797423e+15 1.958196e+16 1.086126e-49 0.2
1.958196e+16 -2.797423e+15 1.398712e+16 3.297431e-49 0.2
1.958196e+16 -2.797423e+15 8.392270e+15 8.610190e-49 0.2
1.958196e+16 -2.797423e+15 2.797423e+15 1.542198e-48 0.2
1.958196e+16 -2.797423e+15 -2.797423e+15 1.542198e-48 0.2
1.958196e+16 -2.797423e+15 -8.392270e+15 8.610190e-49 0.2
1.958196e+16 -2.797423e+15 -1.398712e+16 3.297431e-49 0.2
1.958196e+16 -2.797423e+15 -1.958196e+16 1.086126e-49 0.2
1.958196e+16 -2.797423e+15 -2.517681e+16 3.046621e-50 0.4
1.958196e+16 -8.392270e+15 2.517681e+16 2.787425e-50 0.4
1.958196e+16 -8.392270e+15 1.958196e+16 4.127145e-50 0.4
1.958196e+16 -8.392270e+15 1.398712e+16 2.550154e-49 0.2
1.958196e+16 -8.392270e+15 8.392270e+15 6.005920e-49 0.2
1.958196e+16 -8.392270e+15 2.797423e+15 9.987821e-49 0.2
1.958196e+16 -8.392270e+15 -2.797423e+15 9.987821e-49 0.2
1.958196e+16 -8.392270e+15 -8.392270e+15 6.005920e-49 0.2
1.958196e+16 -8.392270e+15 -1.398712e+16 2.550154e-49 0.2
1.958196e+16 -8.392270e+15 -1.958196e+16 4.127145e-50 0.4
1.958196e+16 -8.392270e+15 -2.517681e+16 2.787425e-50 0.4
1.958196e+16 -1.398712e+16 2.517681e+16 2.367161e-50 0.4
1.958196e+16 -1.398712e+16 1.958196e+16 3.348634e-50 0.4
1.958196e+16 -1.398712e+16 1.398712e+16 1.607466e-49 0.2
1.958196e+16 -1.398712e+16 8.392270e+15 3.253645e-49 0.2
1.958196e+16 -1.398712e+16 2.797423e+15 4.880198e-49 0.2
1.958196e+16 -1.398712e+16 -2.797423e+15 4.880198e-49 0.2
1.958196e+16 -1.398712e+16 -8.392270e+15 3.253645e-49 0.2
1.958196e+16 -1.398712e+16 -1.398712e+16 1.607466e-49 0.2
1.958196e+16 -1.398712e+16 -1.958196e+16 3.348634e-50 0.4
1.958196e+16 -1.398712e+16 -2.517681e+16 2.367161e-50 0.4
1.958196e+16 -1.958196e+16 2.517681e+16 1.907418e-50 0.4
1.958196e+16 -1.958196e+16 1.958196e+16 2.563005e-50 0.4
1.958196e+16 -1.958196e+16 1.398712e+16 3.348634e-50 0.4
1.958196e+16 -1.958196e+16 8.392270e+15 4.127145e-50 0.4
1.958196e+16 -1.958196e+16 2.797423e+15 2.128806e-49 0.2
1.958196e+16 -1.958196e+16 -2.797423e+15 2.128806e-49 0.2
1.958196e+16 -1.958196e+16 -8.392270e+15 4.127145e-50 0.4
1.958196e+16 -1.958196e+16 -1.398712e+16 3.348634e-50 0.4
1.958196e+16 -1.958196e+16 -1.958196e+16 2.563005e-50 0.4
1.958196e+16 -1.958196e+16 -2.517681e+16 1.907418e-50 0.4
1.958196e+16 -2.517681e+16 2.517681e+16 1.490396e-50 0.4
1.958196e+16 -2.517681e+16 1.958196e+16 1.907418e-50 0.4
1.958196e+16 -2.517681e+16 1.398712e+16 2.367161e-50 0.4
1.958196e+16 -2.517681e+16 8.392270e+15 2.787425e-50 0.4
1.958196e+16 -2.517681e+16 2.797423e+15 3.046621e-50 0.4
1.958196e+16 -2.517681e+16 -2.797423e+15 3.046621e-50 0.4
1.958196e+16 -2.517681e+16 -8.392270e+15 2.787425e-50 0.4
1.958196e+16 -2.517681e+16 -1.398712e+16 2.367161e-50 0.4
1.958196e+16 -2.517681e+16 -1.958196e+16 1.907418e-50 0.4
1.958196e+16 -2.517681e+16 -2.517681e+16 1.490396e-50 0.4
1.398712e+16 2.517681e+16 2.517681e+16 1.786335e-50 0.4
1.398712e+16 2.517681e+16 1.958196e+16 2.367161e-50 0.4
1.398712e+16 2.517681e+16 1.398712e+16 3.046621e-50 0.4
1.398712e+16 2.517681e+16 8.392270e+15 3.704065e-50 0.4
1.398712e+16 2.517681e+16 2.797423e+15 4.127145e-50 0.4
1.398712e+16 2.517681e+16 -2.797423e+15 4.127145e-50 0.4
1.398712e+16 2.517681e+16 -8.392270e+15 3.704065e-50 0.4
1.398712e+16 2.517681e+16 -1.398712e+16 3.046621e-50 0.4
1.398712e+16 2.517681e+16 -1.958196e+16 2.367161e-50 0.4
1.398712e+16 2.517681e+16 -2.517681e+16 1.786335e-50 0.4
1.398712e+16 1.958196e+16 2.517681e+16 2.367161e-50 0.4
1.398712e+16 1.958196e+16 1.958196e+16 3.348634e-50 0.4
1.398712e+16 1.958196e+16 1.398712e+16 1.607466e-49 0.2
1.398712e+16 1.958196e+16 8.392270e+15 3.253645e-49 0.2
1.398712e+16 1.958196e+16 2.797423e+15 4.880198e-49 0.2
1.398712e+16 1.958196e+16 -2.797423e+15 4.880198e-49 0.2
1.398712e+16 1.958196e+16 -8.392270e+15 3.253645e-49 0.2
1.398712e+16 1.958196e+16 -1.398712e+16 1.607466e-49 0.2
1.398712e+16 1.958196e+16 -1.958196e+16 3.348634e-50 0.4
1.398712e+16 1.958196e+16 -2.517681e+16 2.367161e-50 0.4
1.398712e+16 1.398712e+16 2.517681e+16 3.046621e-50 0.4
1.398712e+16 1.398712e+16 1.958196e+16 1.086126e-49 0.2
1.398712e+16 1.398712e+16 1.398712e+16 3.297431e-49 0.2
1.398712e+16 1.398712e+16 8.392270e+15 8.610190e-49 0.2
1.398712e+16 1.398712e+16 2.797423e+15 1.542198e-48 0.2
1.398712e+16 1.398712e+16 -2.797423e+15 1.542198e-48 0.2
1.398712e+16 1.398712e+16 -8.392270e+15 8.610190e-49 0.2
1.398712e+16 1.398712e+16 -1.398712e+16 3.297431e-49 0.2
1.398712e+16 1.398712e+16 -1.958196e+16 1.086126e-49 0.2
1.398712e+16 1.398712e+16 -2.517681e+16 3.046621e-50 0.4
1.398712e+16 8.392270e+15 2.517681e+16 3.704065e-50 0.4
1.398712e+16 8.392270e+15 1.958196e+16 1.494918e-49 0.4
1.398712e+16 8.392270e+15 1.398712e+16 5.854929e-49 0.2
1.398712e+16 8.392270e+15 8.392270e+15 2.075181e-48 0.2
1.398712e+16 8.392270e+15 2.797423e+15 4.727783e-48 0.2
1.398712e+16 8.392270e+15 -2.797423e+15 4.727783e-48 0.2
1.398712e+16 8.392270e+15 -8.392270e+15 2.075181e-48 0.2
1.398712e+16 8.392270e+15 -1.398712e+16 5.854929e-49 0.2
1.398712e+16 8.392270e+15 -1.958196e+16 1.494918e-49 0.4
1.398712e+16 8.392270e+15 -2.517681e+16 3.704065e-50 0.4
1.398712e+16 2.797423e+15 2.517681e+16 4.127145e-50 0.4
1.398712e+16 2.797423e+15 1.958196e+16 1.714664e-49 0.4
1.398712e+16 2.797423e+15 1.398712e+16 8.019429e-49 0.2
1.398712e+16 2.797423e+15 8.392270e+15 3.615363e-48 0.2
1.398712e+16 2.797423e+15 2.797423e+15 1.020867e-47 0.2
1.398712e+16 2.797423e+15 -2.797423e+15 1.020867e-47 0.2
1.398712e+16 2.797423e+15 -8.392270e+15 3.615363e-48 0.2
1.398712e+16 2.797423e+15 -1.398712e+16 8.019429e-49 0.2
1.398712e+16 2.797423e+15 -1.958196e+16 1.714664e-49 0.4
1.398712e+16 2.797423e+15 -2.517681e+16 4.127145e-50 0.4
1.398712e+16 -2.797423e+15 2.517681e+16 4.127145e-50 0.4
1.398712e+16 -2.797423e+15 1.958196e+16 1.714664e-49 0.4
1.398712e+16 -2.797423e+15 1.398712e+16 8.019429e-49 0.2
1.398712e+16 -2.797423e+15 8.392270e+15 3.615363e-48 0.2
1.398712e+16 -2.797423e+15 2.797423e+15 1.020867e-47 0.2
1.398712e+16 -2.797423e+15 -2.797423e+15 1.020867e-47 0.2
1.398712e+16 -2.797423e+15 -8.392270e+15 3.615363e-48 0.2
1.398712e+16 -2.797423e+15 -1.398712e+16 8.019429e-49 0.2
1.398712e+16 -2.797423e+15 -1.958196e+16 1.714664e-49 0.4
1.398712e+16 -2.797423e+15 -2.517681e+16 4.127145e-50 0.4
1.398712e+16 -8.392270e+15 2.517681e+16 3.704065e-50 0.4
1.398712e+16 -8.392270e+15 1.958196e+16 1.494918e-49 0.4
1.398712e+16 -8.392270e+15 1.398712e+16 5.854929e-49 0.2
1.398712e+16 -8.392270e+15 8.392270e+15 2.075181e-48 0.2
1.398712e+16 -8.392270e+15 2.797423e+15 4.727783e-48 0.2
1.398712e+16 -8.392270e+15 -2.797423e+15 4.727783e-48 0.2
1.398712e+16 -8.392270e+15 -8.392270e+15 2.075181e-48 0.2
1.398712e+16 -8.392270e+15 -1.398712e+16 5.854929e-49 0.2
1.398712e+16 -8.392270e+15 -1.958196e+16 1.494918e-49 0.4
1.398712e+16 -8.392270e+15 -2.517681e+16 3.704065e-50 0.4
1.398712e+16 -1.398712e+16 2.517681e+16 3.046621e-50 0.4
1.398712e+16 -1.398712e+16 1.958196e+16 1.086126e-49 0.2
1.398712e+16 -1.398712e+16 1.398712e+16 3.297431e-49 0.2
1.398712e+16 -1.398712e+16 8.392270e+15 8.610190e-49 0.2
1.398712e+16 -1.398712e+16 2.797423e+15 1.542198e-48 0.2
1.398712e+16 -1.398712e+16 -2.797423e+15 1.542198e-48 0.2
1.398712e+16 -1.398712e+16 -8.392270e+15 8.610190e-49 0.2
1.398712e+16 -1.398712e+16 -1.398712e+16 3.297431e-49 0.2
1.398712e+16 -1.398712e+16 -1.958196e+16 1.086126e-49 0.2
1.398712e+16 -1.398712e+16 -2.517681e+16 3.046621e-50 0.4
1.398712e+16 -1.958196e+16 2.517681e+16 2.367161e-50 0.4
1.398712e+16 -1.958196e+16 1.958196e+16 3.348634e-50 0.4
1.398712e+16 -1.958196e+16 1.398712e+16 1.607466e-49 0.2
1.398712e+16 -1.958196e+16 8.392270e+15 3.253645e-49 0.2
1.398712e+16 -1.958196e+16 2.797423e+15 4.880198e-49 0.2
1.398712e+16 -1.958196e+16 -2.797423e+15 4.880198e-49 0.2
1.398712e+16 -1.958196e+16 -8.392270e+15 3.253645e-49 0.2
1.398712e+16 -1.958196e+16 -1.398712e+16 1.607466e-49 0.2
1.398712e+16 -1.958196e+16 -1.958196e+16 3.348634e-50 0.4
1.398712e+16 -1.958196e+16 -2.517681e+16 2.367161e-50 0.4
1.398712e+16 -2.517681e+16 2.517681e+16 1.786335e-50 0.4
1.398712e+16 -2.517681e+16 1.958196e+16 2.367161e-50 0.4
1.398712e+16 -2.517681e+16 1.398712e+16 3.046621e-50 0.4
1.398712e+16 -2.517681e+16 8.392270e+15 3.704065e-50 0.4
1.398712e+16 -2.517681e+16 2.797423e+15 4.127145e-50 0.4
1.398712e+16 -2.517681e+16 -2.797423e+15 4.127145e-50 0.4
1.398712e+16 -2.517681e+16 -8.392270e+15 3.704065e-50 0.4
1.398712e+16 -2.517681e+16 -1.398712e+16 3.046621e-50 0.4
1.398712e+16 -2.517681e+16 -1.958196e+16 2.367161e-50 0.4
1.398712e+16 -2.517681e+16 -2.517681e+16 1.786335e-50 0.4
8.392270e+15 2.517681e+16 2.517681e+16 2.042825e-50 0.4
8.392270e+15 2.517681e+16 1.958196e+16 2.787425e-50 0.4
8.392270e+15 2.517681e+16 1.398712e+16 3.704065e-50 0.4
8.392270e+15 2.517681e+16 8.392270e+15 1.955026e-49 0.2
8.392270e+15 2.517681e+16 2.797423e+15 2.738595e-49 0.2
8.392270e+15 2.517681e+16 -2.797423e+15 2.738595e-49 0.2
8.392270e+15 2.517681e+16 -8.392270e+15 1.955026e-49 0.2
8.392270e+15 2.517681e+16 -1.398712e+16 3.704065e-50 0.4
8.392270e+15 2.517681e+16 -1.958196e+16 2.787425e-50 0.4
8.392270e+15 2.517681e+16 -2.517681e+16 2.042825e-50 0.4
8.392270e+15 1.958196e+16 2.517681e+16 2.787425e-50 0.4
8.392270e+15 1.958196e+16 1.958196e+16 4.127145e-50 0.4
8.392270e+15 1.958196e+16 1.398712e+16 2.550154e-49 0.2
8.392270e+15 1.958196e+16 8.392270e+15 6.005920e-49 0.2
8.392270e+15 1.958196e+16 2.797423e+15 9.987821e-49 0.2
8.392270e+15 1.958196e+16 -2.797423e+15 9.987821e-49 0.2
8.392270e+15 1.958196e+16 -8.392270e+15 6.005920e-49 0.2
8.392270e+15 1.958196e+16 -1.398712e+16 2.550154e-49 0.2
8.392270e+15 1.958196e+16 -1.958196e+16 4.127145e-50 0.4
8.392270e+15 1.958196e+16 -2.517681e+16 2.787425e-50 0.4
8.392270e+15 1.398712e+16 2.517681e+16 3.704065e-50 0.4
8.392270e+15 1.398712e+16 1.958196e+16 1.494918e-49 0.4
8.392270e+15 1.398712e+16 1.398712e+16 5.854929e-49 0.2
8.392270e+15 1.398712e+16 8.392270e+15 2.075181e-48 0.2
8.392270e+15 1.398712e+16 2.797423e+15 4.727783e-48 0.2
8.392270e+15 1.398712e+16 -2.797423e+15 4.727783e-48 0.2
8.392270e+15 1.398712e+16 -8.392270e+15 2.075181e-48 0.2
8.392270e+15 1.398712e+16 -1.398712e+16 5.854929e-49 0.2
8.392270e+15 1.398712e+16 -1.958196e+16 1.494918e-49 0.4
8.392270e+15 1.398712e+16 -2.517681e+16 3.704065e-50 0.4
8.392270e+15 8.392270e+15 2.517681e+16 3.910052e-50 0.4
8.392270e+15 8.392270e+15 1.958196e+16 1.863906e-49 0.4
8.392270e+15 8.392270e+15 1.398712e+16 1.098625e-48 0.4
8.392270e+15 8.392270e+15 8.392270e+15 7.067539e-48 0.2
8.392270e+15 8.392270e+15 2.797423e+15 2.882099e-47 0.2
8.392270e+15 8.392270e+15 -2.797423e+15 2.882099e-47 0.2
8.392270e+15 8.392270e+15 -8.392270e+15 7.067539e-48 0.2
8.392270e+15 8.392270e+15 -1.398712e+16 1.098625e-48 0.4
8.392270e+15 8.392270e+15 -1.958196e+16 1.863906e-49 0.4
8.392270e+15 8.392270e+15 -2.517681e+16 3.910052e-50 0.4
8.392270e+15 2.797423e+15 2.517681e+16 3.042883e-50 0.4
8.392270e+15 2.797423e+15 1.958196e+16 1.722038e-49 0.4
8.392270e+15 2.797423e+15 1.398712e+16 1.390524e-48 0.4
8.392270e+15 2.797423e+15 8.392270e+15 1.601166e-47 0.2
8.392270e+15 2.797423e+15 2.797423e+15 1.425214e-46 0.2
8.392270e+15 2.797423e+15 -2.797423e+15 1.425214e-46 0.2
8.392270e+15 2.797423e+15 -8.392270e+15 1.601166e-47 0.2
8.392270e+15 2.797423e+15 -1.398712e+16 1.390524e-48 0.4
8.392270e+15 2.797423e+15 -1.958196e+16 1.722038e-49 0.4
8.392270e+15 2.797423e+15 -2.517681e+16 3.042883e-50 0.4
8.392270e+15 -2.797423e+15 2.517681e+16 3.042883e-50 0.4
8.392270e+15 -2.797423e+15 1.958196e+16 1.722038e-49 0.4
8.392270e+15 -2.797423e+15 1.398712e+16 1.390524e-48 0.4
8.392270e+15 -2.797423e+15 8.392270e+15 1.601166e-47 0.2
8.392270e+15 -2.797423e+15 2.797423e+15 1.425214e-46 0.2
8.392270e+15 -2.797423e+15 -2.797423e+15 1.425214e-46 0.2
8.392270e+15 -2.797423e+15 -8.392270e+15 1.601166e-47 0.2
8.392270e+15 -2.797423e+15 -1.398712e+16 1.390524e-48 0.4
8.392270e+15 -2.797423e+15 -1.958196e+16 1.722038e-49 0.4
8.392270e+15 -2.797423e+15 -2.517681e+16 3.042883e-50 0.4
8.392270e+15 -8.392270e+15 2.517681e+16 3.910052e-50 0.4
8.392270e+15 -8.392270e+15 1.958196e+16 1.863906e-49 0.4
8.392270e+15 -8.392270e+15 1.398712e+16 1.098625e-48 0.4
8.392270e+15 -8.392270e+15 8.392270e+15 7.067539e-48 0.2
8.392270e+15 -8.392270e+15 2.797423e+15 2.882099e-47 0.2
8.392270e+15 -8.392270e+15 -2.797423e+15 2.882099e-47 0.2
8.392270e+15 -8.392270e+15 -8.392270e+15 7.067539e-48 0.2
8.392270e+15 -8.392270e+15 -1.398712e+16 1.098625e-48 0.4
8.392270e+15 -8.392270e+15 -1.958196e+16 1.863906e-49 0.4
8.392270e+15 -8.392270e+15 -2.517681e+16 3.910052e-50 0.4
8.392270e+15 -1.398712e+16 2.517681e+16 3.704065e-50 0.4
8.392270e+15 -1.398712e+16 1.958196e+16 1.494918e-49 0.4
8.392270e+15 -1.398712e+16 1.398712e+16 5.854929e-49 0.2
8.392270e+15 -1.398712e+16 8.392270e+15 2.075181e-48 0.2
8.392270e+15 -1.398712e+16 2.797423e+15 4.727783e-48 0.2
8.392270e+15 -1.398712e+16 -2.797423e+15 4.727783e-48 0.2
8.392270e+15 -1.398712e+16 -8.392270e+15 2.075181e-48 0.2
8.392270e+15 -1.398712e+16 -1.398712e+16 5.854929e-49 0.2
8.392270e+15 -1.398712e+16 -1.958196e+16 1.494918e-49 0.4
8.392270e+15 -1.398712e+16 -2.517681e+16 3.704065e-50 0.4
8.392270e+15 -1.958196e+16 2.517681e+16 2.787425e-50 0.4
8.392270e+15 -1.958196e+16 1.958196e+16 4.127145e-50 0.4
8.392270e+15 -1.958196e+16 1.398712e+16 2.550154e-49 0.2
8.392270e+15 -1.958196e+16 8.392270e+15 6.005920e-49 0.2
8.392270e+15 -1.958196e+16 2.797423e+15 9.987821e-49 0.2
8.392270e+15 -1.958196e+16 -2.797423e+15 9.987821e-49 0.2
8.392270e+15 -1.958196e+16 -8.392270e+15 6.005920e-49 0.2
8.392270e+15 -1.958196e+16 -1.398712e+16 2.550154e-49 0.2
8.392270e+15 -1.958196e+16 -1.958196e+16 4.127145e-50 0.4
8.392270e+15 -1.958196e+16 -2.517681e+16 2.787425e-50 0.4
8.392270e+15 -2.517681e+16 2.517681e+16 2.042825e-50 0.4
8.392270e+15 -2.517681e+16 1.958196e+16 2.787425e-50 0.4
8.392270e+15 -2.517681e+16 1.398712e+16 3.704065e-50 0.4
8.392270e+15 -2.517681e+16 8.392270e+15 1.955026e-49 0.2
8.392270e+15 -2.517681e+16 2.797423e+15 2.738595e-49 0.2
8.392270e+15 -2.517681e+16 -2.797423e+15 2.738595e-49 0.2
8.392270e+15 -2.517681e+16 -8.392270e+15 1.955026e-49 0.2
8.392270e+15 -2.517681e+16 -1.398712e+16 3.704065e-50 0.4
8.392270e+15 -2.517681e+16 -1.958196e+16 2.787425e-50 0.4
8.392270e+15 -2.517681e+16 -2.517681e+16 2.042825e-50 0.4
2.797423e+15 2.517681e+16 2.517681e+16 2.195048e-50 0.4
2.797423e+15 2.517681e+16 1.958196e+16 3.046621e-50 0.4
2.797423e+15 2.517681e+16 1.398712e+16 4.127145e-50 0.4
2.797423e+15 2.517681e+16 8.392270e+15 2.495164e-49 0.2
2.797423e+15 2.517681e+16 2.797423e+15 3.605390e-49 0.2
2.797423e+15 2.517681e+16 -2.797423e+15 3.605390e-49 0.2
2.797423e+15 2.517681e+16 -8.392270e+15 2.495164e-49 0.2
2.797423e+15 2.517681e+16 -1.398712e+16 4.127145e-50 0.4
2.797423e+15 2.517681e+16 -1.958196e+16 3.046621e-50 0.4
2.797423e+15 2.517681e+16 -2.517681e+16 2.195048e-50 0.4
2.797423e+15 1.958196e+16 2.517681e+16 3.046621e-50 0.4
2.797423e+15 1.958196e+16 1.958196e+16 1.086126e-49 0.2
2.797423e+15 1.958196e+16 1.398712e+16 3.297431e-49 0.2
2.797423e+15 1.958196e+16 8.392270e+15 8.610190e-49 0.2
2.797423e+15 1.958196e+16 2.797423e+15 1.542198e-48 0.2
2.797423e+15 1.958196e+16 -2.797423e+15 1.542198e-48 0.2
2.797423e+15 1.958196e+16 -8.392270e+15 8.610190e-49 0.2
2.797423e+15 1.958196e+16 -1.398712e+16 3.297431e-49 0.2
2.797423e+15 1.958196e+16 -1.958196e+16 1.086126e-49 0.2
2.797423e+15 1.958196e+16 -2.517681e+16 3.046621e-50 0.4
2.797423e+15 1.398712e+16 2.517681e+16 4.127145e-50 0.4
2.797423e+15 1.398712e+16 1.958196e+16 1.714664e-49 0.4
2.797423e+15 1.398712e+16 1.398712e+16 8.019429e-49 0.2
2.797423e+15 1.398712e+16 8.392270e+15 3.615363e-48 0.2
2.797423e+15 1.398712e+16 2.797423e+15 1.020867e-47 0.2
2.797423e+15 1.398712e+16 -2.797423e+15 1.020867e-47 0.2
2.797423e+15 1.398712e+16 -8.392270e+15 3.615363e-48 0.2
2.797423e+15 1.398712e+16 -1.398712e+16 8.019429e-49 0.2
2.797423e+15 1.398712e+16 -1.958196e+16 1.714664e-49 0.4
2.797423e+15 1.398712e+16 -2.517681e+16 4.127145e-50 0.4
2.797423e+15 8.392270e+15 2.517681e+16 3.042883e-50 0.4
2.797423e+15 8.392270e+15 1.958196e+16 1.722038e-49 0.4
2.797423e+15 8.392270e+15 1.398712e+16 1.390524e-48 0.4
2.797423e+15 8.392270e+15 8.392270e+15 1.601166e-47 0.2
2.797423e+15 8.392270e+15 2.797423e+15 1.425214e-46 0.2
2.797423e+15 8.392270e+15 -2.797423e+15 1.425214e-46 0.2
2.797423e+15 8.392270e+15 -8.392270e+15 1.601166e-47 0.2
2.797423e+15 8.392270e+15 -1.398712e+16 1.390524e-48 0.4
2.797423e+15 8.392270e+15 -1.958196e+16 1.722038e-49 0.4
2.797423e+15 8.392270e+15 -2.517681e+16 3.042883e-50 0.4
2.797423e+15 2.797423e+15 2.517681e+16 8.793635e-51 0.4
2.797423e+15 2.797423e+15 1.958196e+16 6.168791e-50 0.4
2.797423e+15 2.797423e+15 1.398712e+16 7.852822e-49 0.4
2.797423e+15 2.797423e+15 8.392270e+15 2.850428e-47 0.4
2.797423e+15 2.797423e+15 2.797423e+15 5.152236e-45 0.2
2.797423e+15 2.797423e+15 -2.797423e+15 5.152236e-45 0.2
2.797423e+15 2.797423e+15 -8.392270e+15 2.850428e-47 0.4
2.797423e+15 2.797423e+15 -1.398712e+16 7.852822e-49 0.4
2.797423e+15 2.797423e+15 -1.958196e+16 6.168791e-50 0.4
2.797423e+15 2.797423e+15 -2.517681e+16 8.793635e-51 0.4
2.797423e+15 -2.797423e+15 2.517681e+16 8.793635e-51 0.4
2.797423e+15 -2.797423e+15 1.958196e+16 6.168791e-50 0.4
2.797423e+15 -2.797423e+15 1.398712e+16 7.852822e-49 0.4
2.797423e+15 -2.797423e+15 8.392270e+15 2.850428e-47 0.4
2.797423e+15 -2.797423e+15 2.797423e+15 5.152236e-45 0.2
2.797423e+15 -2.797423e+15 -2.797423e+15 5.152236e-45 0.2
2.797423e+15 -2.797423e+15 -8.392270e+15 2.850428e-47 0.4
2.797423e+15 -2.797423e+15 -1.398712e+16 7.852822e-49 0.4
2.797423e+15 -2.797423e+15 -1.958196e+16 6.168791e-50 0.4
2.797423e+15 -2.797423e+15 -2.517681e+16 8.793635e-51 0.4
2.797423e+15 -8.392270e+15 2.517681e+16 3.042883e-50 0.4
2.797423e+15 -8.392270e+15 1.958196e+16 1.722038e-49 0.4
2.797423e+15 -8.392270e+15 1.398712e+16 1.390524e-48 0.4
2.797423e+15 -8.392270e+15 8.392270e+15 1.601166e-47 0.2
2.797423e+15 -8.392270e+15 2.797423e+15 1.425214e-46 0.2
2.797423e+15 -8.392270e+15 -2.797423e+15 1.425214e-46 0.2
2.797423e+15 -8.392270e+15 -8.392270e+15 1.601166e-47 0.2
2.797423e+15 -8.392270e+15 -1.398712e+16 1.390524e-48 0.4
2.797423e+15 -8.392270e+15 -1.958196e+16 1.722038e-49 0.4
2.797423e+15 -8.392270e+15 -2.517681e+16 3.042883e-50 0.4
2.797423e+15 -1.398712e+16 2.517681e+16 4.127145e-50 0.4
2.797423e+15 -1.398712e+16 1.958196e+16 1.714664e-49 0.4
2.797423e+15 -1.398712e+16 1.398712e+16 8.019429e-49 0.2
2.797423e+15 -1.398712e+16 8.392270e+15 3.615363e-48 0.2
2.797423e+15 -1.398712e+16 2.797423e+15 1.020867e-47 0.2
2.797423e+15 -1.398712e+16 -2.797423e+15 1.020867e-47 0.2
2.797423e+15 -1.398712e+16 -8.392270e+15 3.615363e-48 0.2
2.797423e+15 -1.398712e+16 -1.398712e+16 8.019429e-49 0.2
2.797423e+15 -1.398712e+16 -1.958196e+16 1.714664e-49 0.4
2.797423e+15 -1.398712e+16 -2.517681e+16 4.127145e-50 0.4
2.797423e+15 -1.958196e+16 2.517681e+16 3.046621e-50 0.4
2.797423e+15 -1.958196e+16 1.958196e+16 1.086126e-49 0.2
2.797423e+15 -1.958196e+16 1.398712e+16 3.297431e-49 0.2
2.797423e+15 -1.958196e+16 8.392270e+15 8.610190e-49 0.2
2.797423e+15 -1.958196e+16 2.797423e+15 1.542198e-48 0.2
2.797423e+15 -1.958196e+16 -2.797423e+15 1.542198e-48 0.2
2.797423e+15 -1.958196e+16 -8.392270e+15 8.610190e-49 0.2
2.797423e+15 -1.958196e+16 -1.398712e+16 3.297431e-49 0.2
2.797423e+15 -1.958196e+16 -1.958196e+16 1.086126e-49 0.2
2.797423e+15 -1.958196e+16 -2.517681e+16 3.046621e-50 0.4
2.797423e+15 -2.517681e+16 2.517681e+16 2.195048e-50 0.4
2.797423e+15 -2.517681e+16 1.958196e+16 3.046621e-50 0.4
2.797423e+15 -2.517681e+16 1.398712e+16 4.127145e-50 0.4
2.797423e+15 -2.517681e+16 8.392270e+15 2.495164e-49 0.2
2.797423e+15 -2.517681e+16 2.797423e+15 3.605390e-49 0.2
2.797423e+15 -2.517681e+16 -2.797423e+15 3.605390e-49 0.2
2.797423e+15 -2.517681e+16 -8.392270e+15 2.495164e-49 0.2
2.797423e+15 -2.517681e+16 -1.398712e+16 4.127145e-50 0.4
2.797423e+15 -2.517681e+16 -1.958196e+16 3.046621e-50 0.4
2.797423e+15 -2.517681e+16 -2.517681e+16 2.195048e-50 0.4
-2.797423e+15 2.517681e+16 2.517681e+16 2.195048e-50 0.4
-2.797423e+15 2.517681e+16 1.958196e+16 3.046621e-50 0.4
-2.797423e+15 2.517681e+16 1.398712e+16 4.127145e-50 0.4
-2.797423e+15 2.517681e+16 8.392270e+15 2.495164e-49 0.2
-2.797423e+15 2.517681e+16 2.797423e+15 3.605390e-49 0.2
-2.797423e+15 2.517681e+16 -2.797423e+15 3.605390e-49 0.2
-2.797423e+15 2.517681e+16 -8.392270e+15 2.495164e-49 0.2
-2.797423e+15 2.517681e+16 -1.398712e+16 4.127145e-50 0.4
-2.797423e+15 2.517681e+16 -1.958196e+16 3.046621e-50 0.4
-2.797423e+15 2.517681e+16 -2.517681e+16 2.195048e-50 0.4
-2.797423e+15 1.958196e+16 2.517681e+16 3.046621e-50 0.4
-2.797423e+15 1.958196e+16 1.958196e+16 1.086126e-49 0.2
-2.797423e+15 1.958196e+16 1.398712e+16 3.297431e-49 0.2
-2.797423e+15 1.958196e+16 8.392270e+15 8.610190e-49 0.2
-2.797423e+15 1.958196e+16 2.797423e+15 1.542198e-48 0.2
-2.797423e+15 1.958196e+16 -2.797423e+15 1.542198e-48 0.2
-2.797423e+15 1.958196e+16 -8.392270e+15 8.610190e-49 0.2
-2.797423e+15 1.958196e+16 -1.398712e+16 3.297431e-49 0.2
-2.797423e+15 1.958196e+16 -1.958196e+16 1.086126e-49 0.2
-2.797423e+15 1.958196e+16 -2.517681e+16 3.046621e-50 0.4
-2.797423e+15 1.398712e+16 2.517681e+16 4.127145e-50 0.4
-2.797423e+15 1.398712e+16 1.958196e+16 1.714664e-49 0.4
-2.797423e+15 1.398712e+16 1.398712e+16 8.019429e-49 0.2
-2.797423e+15 1.398712e+16 8.392270e+15 3.615363e-48 0.2
-2.797423e+15 1.398712e+16 2.797423e+15 1.020867e-47 0.2
-2.797423e+15 1.398712e+16 -2.797423e+15 1.020867e-47 0.2
-2.797423e+15 1.398712e+16 -8.392270e+15 3.615363e-48 0.2
-2.797423e+15 1.398712e+16 -1.398712e+16 8.019429e-49 0.2
-2.797423e+15 1.398712e+16 -1.958196e+16 1.714664e-49 0.4
-2.797423e+15 1.398712e+16 -2.517681e+16 4.127145e-50 0.4
-2.797423e+15 8.392270e+15 2.517681e+16 3.042883e-50 0.4
-2.797423e+15 8.392270e+15 1.958196e+16 1.722038e-49 0.4
-2.797423e+15 8.392270e+15 1.398712e+16 1.390524e-48 0.4
-2.797423e+15 8.392270e+15 8.392270e+15 1.601166e-47 0.2
-2.797423e+15 8.392270e+15 2.797423e+15 1.425214e-46 0.2
-2.797423e+15 8.392270e+15 -2.797423e+15 1.425214e-46 0.2
-2.797423e+15 8.392270e+15 -8.392270e+15 1.601166e-47 0.2
-2.797423e+15 8.392270e+15 -1.398712e+16 1.390524e-48 0.4
-2.797423e+15 8.392270e+15 -1.958196e+16 1.722038e-49 0.4
-2.797423e+15 8.392270e+15 -2.517681e+16 3.042883e-50 0.4
-2.797423e+15 2.797423e+15 2.517681e+16 8.793635e-51 0.4
-2.797423e+15 2.797423e+15 1.958196e+16 6.168791e-50 0.4
-2.797423e+15 2.797423e+15 1.398712e+16 7.852822e-49 0.4
-2.797423e+15 2.797423e+15 8.392270e+15 2.850428e-47 0.4
-2.797423e+15 2.797423e+15 2.797423e+15 5.152236e-45 0.2
-2.797423e+15 2.797423e+15 -2.797423e+15 5.152236e-45 0.2
-2.797423e+15 2.797423e+15 -8.392270e+15 2.850428e-47 0.4
-2.797423e+15 2.797423e+15 -1.398712e+16 7.852822e-49 0.4
-2.797423e+15 2.797423e+15 -1.958196e+16 6.168791e-50 0.4
-2.797423e+15 2.797423e+15 -2.517681e+16 8.793635e-51 0.4
-2.797423e+15 -2.797423e+15 2.517681e+16 8.793635e-51 0.4
-2.797423e+15 -2.797423e+15 1.958196e+16 6.168791e-50 0.4
-2.797423e+15 -2.797423e+15 1.398712e+16 7.852822e-49 0.4
-2.797423e+15 -2.797423e+15 8.392270e+15 2.850428e-47 0.4
-2.797423e+15 -2.797423e+15 2.797423e+15 5.152236e-45 0.2
-2.797423e+15 -2.797423e+15 -2.797423e+15 5.152236e-45 0.2
-2.797423e+15 -2.797423e+15 -8.392270e+15 2.850428e-47 0.4
-2.797423e+15 -2.797423e+15 -1.398712e+16 7.852822e-49 0.4
-2.797423e+15 -2.797423e+15 -1.958196e+16 6.168791e-50 0.4
-2.797423e+15 -2.797423e+15 -2.517681e+16 8.793635e-51 0.4
-2.797423e+15 -8.392270e+15 2.517681e+16 3.042883e-50 0.4
-2.797423e+15 -8.392270e+15 1.958196e+16 1.722038e-49 0.4
-2.797423e+15 -8.392270e+15 1.398712e+16 1.390524e-48 0.4
-2.797423e+15 -8.392270e+15 8.392270e+15 1.601166e-47 0.2
-2.797423e+15 -8.392270e+15 2.797423e+15 1.425214e-46 0.2
-2.797423e+15 -8.392270e+15 -2.797423e+15 1.425214e-46 0.2
-2.797423e+15 -8.392270e+15 -8.392270e+15 1.601166e-47 0.2
-2.797423e+15 -8.392270e+15 -1.398712e+16 1.390524e-48 0.4
-2.797423e+15 -8.392270e+15 -1.958196e+16 1.722038e-49 0.4
-2.797423e+15 -8.392270e+15 -2.517681e+16 3.042883e-50 0.4
-2.797423e+15 -1.398712e+16 2.517681e+16 4.127145e-50 0.4
-2.797423e+15 -1.398712e+16 1.958196e+16 1.714664e-49 0.4
-2.797423e+15 -1.398712e+16 1.398712e+16 8.019429e-49 0.2
-2.797423e+15 -1.398712e+16 8.392270e+15 3.615363e-48 0.2
-2.797423e+15 -1.398712e+16 2.797423e+15 1.020867e-47 0.2
-2.797423e+15 -1.398712e+16 -2.797423e+15 1.020867e-47 0.2
-2.797423e+15 -1.398712e+16 -8.392270e+15 3.615363e-48 0.2
-2.797423e+15 -1.398712e+16 -1.398712e+16 8.019429e-49 0.2
-2.797423e+15 -1.398712e+16 -1.958196e+16 1.714664e-49 0.4
-2.797423e+15 -1.398712e+16 -2.517681e+16 4.127145e-50 0.4
-2.797423e+15 -1.958196e+16 2.517681e+16 3.046621e-50 0.4
-2.797423e+15 -1.958196e+16 1.958196e+16 1.086126e-49 0.2
-2.797423e+15 -1.958196e+16 1.398712e+16 3.297431e-49 0.2
-2.797423e+15 -1.958196e+16 8.392270e+15 8.610190e-49 0.2
-2.797423e+15 -1.958196e+16 2.797423e+15 1.542198e-48 0.2
-2.797423e+15 -1.958196e+16 -2.797423e+15 1.542198e-48 0.2
-2.797423e+15 -1.958196e+16 -8.392270e+15 8.610190e-49 0.2
-2.797423e+15 -1.958196e+16 -1.398712e+16 3.297431e-49 0.2
-2.797423e+15 -1.958196e+16 -1.958196e+16 1.086126e-49 0.2
-2.797423e+15 -1.958196e+16 -2.517681e+16 3.046621e-50 0.4
-2.797423e+15 -2.517681e+16 2.517681e+16 2.195048e-50 0.4
-2.797423e+15 -2.517681e+16 1.958196e+16 3.046621e-50 0.4
-2.797423e+15 -2.517681e+16 1.398712e+16 4.127145e-50 0.4
-2.797423e+15 -2.517681e+16 8.392270e+15 2.495164e-49 0.2
-2.797423e+15 -2.517681e+16 2.797423e+15 3.605390e-49 0.2
-2.797423e+15 -2.517681e+16 -2.797423e+15 3.605390e-49 0.2
-2.797423e+15 -2.517681e+16 -8.392270e+15 2.495164e-49 0.2
-2.797423e+15 -2.517681e+16 -1.398712e+16 4.127145e-50 0.4
-2.797423e+15 -2.517681e+16 -1.958196e+16 3.046621e-50 0.4
-2.797423e+15 -2.517681e+16 -2.517681e+16 2.195048e-50 0.4
-8.392270e+15 2.517681e+16 2.517681e+16 2.042825e-50 0.4
-8.392270e+15 2.517681e+16 1.958196e+16 2.787425e-50 0.4
-8.392270e+15 2.517681e+16 1.398712e+16 3.704065e-50 0.4
-8.392270e+15 2.517681e+16 8.392270e+15 1.955026e-49 0.2
-8.392270e+15 2.517681e+16 2.797423e+15 2.738595e-49 0.2
-8.392270e+15 2.517681e+16 -2.797423e+15 2.738595e-49 0.2
-8.392270e+15 2.517681e+16 -8.392270e+15 1.955026e-49 0.2
-8.392270e+15 2.517681e+16 -1.398712e+16 3.704065e-50 0.4
-8.392270e+15 2.517681e+16 -1.958196e+16 2.787425e-50 0.4
-8.392270e+15 2.517681e+16 -2.517681e+16 2.042825e-50 0.4
-8.392270e+15 1.958196e+16 2.517681e+16 2.787425e-50 0.4
-8.392270e+15 1.958196e+16 1.958196e+16 4.127145e-50 0.4
-8.392270e+15 1.958196e+16 1.398712e+16 2.550154e-49 0.2
-8.392270e+15 1.958196e+16 8.392270e+15 6.005920e-49 0.2
-8.392270e+15 1.958196e+16 2.797423e+15 9.987821e-49 0.2
-8.392270e+15 1.958196e+16 -2.797423e+15 9.987821e-49 0.2
-8.392270e+15 1.958196e+16 -8.392270e+15 6.005920e-49 0.2
-8.392270e+15 1.958196e+16 -1.398712e+16 2.550154e-49 0.2
-8.392270e+15 1.958196e+16 -1.958196e+16 4.127145e-50 0.4
-8.392270e+15 1.958196e+16 -2.517681e+16 2.787425e-50 0.4
-8.392270e+15 1.398712e+16 2.517681e+16 3.704065e-50 0.4
-8.392270e+15 1.398712e+16 1.958196e+16 1.494918e-49 0.4
-8.392270e+15 1.398712e+16 1.398712e+16 5.854929e-49 0.2
-8.392270e+15 1.398712e+16 8.392270e+15 2.075181e-48 0.2
-8.392270e+15 1.398712e+16 2.797423e+15 4.727783e-48 0.2
-8.392270e+15 1.398712e+16 -2.797423e+15 4.727783e-48 0.2
-8.392270e+15 1.398712e+16 -8.392270e+15 2.075181e-48 0.2
-8.392270e+15 1.398712e+16 -1.398712e+16 5.854929e-49 0.2
-8.392270e+15 1.398712e+16 -1.958196e+16 1.494918e-49 0.4
-8.392270e+15 1.398712e+16 -2.517681e+16 3.704065e-50 0.4
-8.392270e+15 8.392270e+15 2.517681e+16 3.910052e-50 0.4
-8.392270e+15 8.392270e+15 1.958196e+16 1.863906e-49 0.4
-8.392270e+15 8.392270e+15 1.398712e+16 1.098625e-48 0.4
-8.392270e+15 8.392270e+15 8.392270e+15 7.067539e-48 0.2
-8.392270e+15 8.392270e+15 2.797423e+15 2.882099e-47 0.2
-8.392270e+15 8.392270e+15 -2.797423e+15 2.882099e-47 0.2
-8.392270e+15 8.392270e+15 -8.392270e+15 7.067539e-48 0.2
-8.392270e+15 8.392270e+15 -1.398712e+16 1.098625e-48 0.4
-8.392270e+15 8.392270e+15 -1.958196e+16 1.863906e-49 0.4
-8.392270e+15 8.392270e+15 -2.517681e+16 3.910052e-50 0.4
-8.392270e+15 2.797423e+15 2.517681e+16 3.042883e-50 0.4
-8.392270e+15 2.797423e+15 1.958196e+16 1.722038e-49 0.4
-8.392270e+15 2.797423e+15 1.398712e+16 1.390524e-48 0.4
-8.392270e+15 2.797423e+15 8.392270e+15 1.601166e-47 0.2
-8.392270e+15 2.797423e+15 2.797423e+15 1.425214e-46 0.2
-8.392270e+15 2.797423e+15 -2.797423e+15 1.425214e-46 0.2
-8.392270e+15 2.797423e+15 -8.392270e+15 1.601166e-47 0.2
-8.392270e+15 2.797423e+15 -1.398712e+16 1.390524e-48 0.4
-8.392270e+15 2.797423e+15 -1.958196e+16 1.722038e-49 0.4
-8.392270e+15 2.797423e+15 -2.517681e+16 3.042883e-50 0.4
-8.392270e+15 -2.797423e+15 2.517681e+16 3.042883e-50 0.4
-8.392270e+15 -2.797423e+15 1.958196e+16 1.722038e-49 0.4
-8.392270e+15 -2.797423e+15 1.398712e+16 1.390524e-48 0.4
-8.392270e+15 -2.797423e+15 8.392270e+15 1.601166e-47 0.2
-8.392270e+15 -2.797423e+15 2.797423e+15 1.425214e-46 0.2
-8.392270e+15 -2.797423e+15 -2.797423e+15 1.425214e-46 0.2
-8.392270e+15 -2.797423e+15 -8.392270e+15 1.601166e-47 0.2
-8.392270e+15 -2.797423e+15 -1.398712e+16 1.390524e-48 0.4
-8.392270e+15 -2.797423e+15 -1.958196e+16 1.722038e-49 0.4
-8.392270e+15 -2.797423e+15 -2.517681e+16 3.042883e-50 0.4
-8.392270e+15 -8.392270e+15 2.517681e+16 3.910052e-50 0.4
-8.392270e+15 -8.392270e+15 1.958196e+16 1.863906e-49 0.4
-8.392270e+15 -8.392270e+15 1.398712e+16 1.098625e-48 0.4
-8.392270e+15 -8.392270e+15 8.392270e+15 7.067539e-48 0.2
-8.392270e+15 -8.392270e+15 2.797423e+15 2.882099e-47 0.2
-8.392270e+15 -8.392270e+15 -2.797423e+15 2.882099e-47 0.2
-8.392270e+15 -8.392270e+15 -8.392270e+15 7.067539e-48 0.2
-8.392270e+15 -8.392270e+15 -1.398712e+16 1.098625e-48 0.4
-8.392270e+15 -8.392270e+15 -1.958196e+16 1.863906e-49 0.4
-8.392270e+15 -8.392270e+15 -2.517681e+16 3.910052e-50 0.4
-8.392270e+15 -1.398712e+16 2.517681e+16 3.704065e-50 0.4
-8.392270e+15 -1.398712e+16 1.958196e+16 1.494918e-49 0.4
-8.392270e+15 -1.398712e+16 1.398712e+16 5.854929e-49 0.2
-8.392270e+15 -1.398712e+16 8.392270e+15 2.075181e-48 0.2
-8.392270e+15 -1.398712e+16 2.797423e+15 4.727783e-48 0.2
-8.392270e+15 -1.398712e+16 -2.797423e+15 4.727783e-48 0.2
-8.392270e+15 -1.398712e+16 -8.392270e+15 2.075181e-48 0.2
-8.392270e+15 -1.398712e+16 -1.398712e+16 5.854929e-49 0.2
-8.392270e+15 -1.398712e+16 -1.958196e+16 1.494918e-49 0.4
-8.392270e+15 -1.398712e+16 -2.517681e+16 3.704065e-50 0.4
-8.392270e+15 -1.958196e+16 2.517681e+16 2.787425e-50 0.4
-8.392270e+15 -1.958196e+16 1.958196e+16 4.127145e-50 0.4
-8.392270e+15 -1.958196e+16 1.398712e+16 2.550154e-49 0.2
-8.392270e+15 -1.958196e+16 8.392270e+15 6.005920e-49 0.2
-8.392270e+15 -1.958196e+16 2.797423e+15 9.987821e-49 0.2
-8.392270e+15 -1.958196e+16 -2.797423e+15 9.987821e-49 0.2
-8.392270e+15 -1.958196e+16 -8.392270e+15 6.005920e-49 0.2
-8.392270e+15 -1.958196e+16 -1.398712e+16 2.550154e-49 0.2
-8.392270e+15 -1.958196e+16 -1.958196e+16 4.127145e-50 0.4
-8.392270e+15 -1.958196e+16 -2.517681e+16 2.787425e-50 0.4
-8.392270e+15 -2.517681e+16 2.517681e+16 2.042825e-50 0.4
-8.392270e+15 -2.517681e+16 1.958196e+16 2.787425e-50 0.4
-8.392270e+15 -2.517681e+16 1.398712e+16 3.704065e-50 0.4
-8.392270e+15 -2.517681e+16 8.392270e+15 1.955026e-49 0.2
-8.392270e+15 -2.517681e+16 2.797423e+15 2.738595e-49 0.2
-8.392270e+15 -2.517681e+16 -2.797423e+15 2.738595e-49 0.2
-8.392270e+15 -2.517681e+16 -8.392270e+15 1.955026e-49 0.2
-8.392270e+15 -2.517681e+16 -1.398712e+16 3.704065e-50 0.4
-8.392270e+15 -2.517681e+16 -1.958196e+16 2.787425e-50 0.4
-8.392270e+15 -2.517681e+16 -2.517681e+16 2.042825e-50 0.4
-1.398712e+16 2.517681e+16 2.517681e+16 1.786335e-50 0.4
-1.398712e+16 2.517681e+16 1.958196e+16 2.367161e-50 0.4
-1.398712e+16 2.517681e+16 1.398712e+16 3.046621e-50 0.4
-1.398712e+16 2.517681e+16 8.392270e+15 3.704065e-50 0.4
-1.398712e+16 2.517681e+16 2.797423e+15 4.127145e-50 0.4
-1.398712e+16 2.517681e+16 -2.797423e+15 4.127145e-50 0.4
-1.398712e+16 2.517681e+16 -8.392270e+15 3.704065e-50 0.4
-1.398712e+16 2.517681e+16 -1.398712e+16 3.046621e-50 0.4
-1.398712e+16 2.517681e+16 -1.958196e+16 2.367161e-50 0.4
-1.398712e+16 2.517681e+16 -2.517681e+16 1.786335e-50 0.4
-1.398712e+16 1.958196e+16 2.517681e+16 2.367161e-50 0.4
-1.398712e+16 1.958196e+16 1.958196e+16 3.348634e-50 0.4
-1.398712e+16 1.958196e+16 1.398712e+16 1.607466e-49 0.2
-1.398712e+16 1.958196e+16 8.392270e+15 3.253645e-49 0.2
-1.398712e+16 1.958196e+16 2.797423e+15 4.880198e-49 0.2
-1.398712e+16 1.958196e+16 -2.797423e+15 4.880198e-49 0.2
-1.398712e+16 1.958196e+16 -8.392270e+15 3.253645e-49 0.2
-1.398712e+16 1.958196e+16 -1.398712e+16 1.607466e-49 0.2
-1.398712e+16 1.958196e+16 -1.958196e+16 3.348634e-50 0.4
-1.398712e+16 1.958196e+16 -2.517681e+16 2.367161e-50 0.4
-1.398712e+16 1.398712e+16 2.517681e+16 3.046621e-50 0.4
-1.398712e+16 1.398712e+16 1.958196e+16 1.086126e-49 0.2
-1.398712e+16 1.398712e+16 1.398712e+16 3.297431e-49 0.2
-1.398712e+16 1.398712e+16 8.392270e+15 8.610190e-49 0.2
-1.398712e+16 1.398712e+16 2.797423e+15 1.542198e-48 0.2
-1.398712e+16 1.398712e+16 -2.797423e+15 1.542198e-48 0.2
-1.398712e+16 1.398712e+16 -8.392270e+15 8.610190e-49 0.2
-1.398712e+16 1.398712e+16 -1.398712e+16 3.297431e-49 0.2
-1.398712e+16 1.398712e+16 -1.958196e+16 1.086126e-49 0.2
-1.398712e+16 1.398712e+16 -2.517681e+16 3.046621e-50 0.4
-1.398712e+16 8.392270e+15 2.517681e+16 3.704065e-50 0.4
-1.398712e+16 8.392270e+15 1.958196e+16 1.494918e-49 0.4
-1.398712e+16 8.392270e+15 1.398712e+16 5.854929e-49 0.2
-1.398712e+16 8.392270e+15 8.392270e+15 2.075181e-48 0.2
-1.398712e+16 8.392270e+15 2.797423e+15 4.727783e-48 0.2
-1.398712e+16 8.392270e+15 -2.797423e+15 4.727783e-48 0.2
-1.398712e+16 8.392270e+15 -8.392270e+15 2.075181e-48 0.2
-1.398712e+16 8.392270e+15 -1.398712e+16 5.854929e-49 0.2
-1.398712e+16 8.392270e+15 -1.958196e+16 1.494918e-49 0.4
-1.398712e+16 8.392270e+15 -2.517681e+16 3.704065e-50 0.4
-1.398712e+16 2.797423e+15 2.517681e+16 4.127145e-50 0.4
-1.398712e+16 2.797423e+15 1.958196e+16 1.714664e-49 0.4
-1.398712e+16 2.797423e+15 1.398712e+16 8.019429e-49 0.2
-1.398712e+16 2.797423e+15 8.392270e+15 3.615363e-48 0.2
-1.398712e+16 2.797423e+15 2.797423e+15 1.020867e-47 0.2
-1.398712e+16 2.797423e+15 -2.797423e+15 1.020867e-47 0.2
-1.398712e+16 2.797423e+15 -8.392270e+15 3.615363e-48 0.2
-1.398712e+16 2.797423e+15 -1.398712e+16 8.019429e-49 0.2
-1.398712e+16 2.797423e+15 -1.958196e+16 1.714664e-49 0.4
-1.398712e+16 2.797423e+15 -2.517681e+16 4.127145e-50 0.4
-1.398712e+16 -2.797423e+15 2.517681e+16 4.127145e-50 0.4
-1.398712e+16 -2.797423e+15 1.958196e+16 1.714664e-49 0.4
-1.398712e+16 -2.797423e+15 1.398712e+16 8.019429e-49 0.2
-1.398712e+16 -2.797423e+15 8.392270e+15 3.615363e-48 0.2
-1.398712e+16 -2.797423e+15 2.797423e+15 1.020867e-47 0.2
-1.398712e+16 -2.797423e+15 -2.797423e+15 1.020867e-47 0.2
-1.398712e+16 -2.797423e+15 -8.392270e+15 3.615363e-48 0.2
-1.398712e+16 -2.797423e+15 -1.398712e+16 8.019429e-49 0.2
-1.398712e+16 -2.797423e+15 -1.958196e+16 1.714664e-49 0.4
-1.398712e+16 -2.797423e+15 -2.517681e+16 4.127145e-50 0.4
-1.398712e+16 -8.392270e+15 2.517681e+16 3.704065e-50 0.4
-1.398712e+16 -8.392270e+15 1.958196e+16 1.494918e-49 0.4
-1.398712e+16 -8.392270e+15 1.398712e+16 5.854929e-49 0.2
-1.398712e+16 -8.392270e+15 8.392270e+15 2.075181e-48 0.2
-1.398712e+16 -8.392270e+15 2.797423e+15 4.727783e-48 0.2
-1.398712e+16 -8.392270e+15 -2.797423e+15 4.727783e-48 0.2
-1.398712e+16 -8.392270e+15 -8.392270e+15 2.075181e-48 0.2
-1.398712e+16 -8.392270e+15 -1.398712e+16 5.854929e-49 0.2
-1.398712e+16 -8.392270e+15 -1.958196e+16 1.494918e-49 0.4
-1.398712e+16 -8.392270e+15 -2.517681e+16 3.704065e-50 0.4
-1.398712e+16 -1.398712e+16 2.517681e+16 3.046621e-50 0.4
-1.398712e+16 -1.398712e+16 1.958196e+16 1.086126e-49 0.2
-1.398712e+16 -1.398712e+16 1.398712e+16 3.297431e-49 0.2
-1.398712e+16 -1.398712e+16 8.392270e+15 8.610190e-49 0.2
-1.398712e+16 -1.398712e+16 2.797423e+15 1.542198e-48 0.2
-1.398712e+16 -1.398712e+16 -2.797423e+15 1.542198e-48 0.2
-1.398712e+16 -1.398712e+16 -8.392270e+15 8.610190e-49 0.2
-1.398712e+16 -1.398712e+16 -1.398712e+16 3.297431e-49 0.2
-1.398712e+16 -1.398712e+16 -1.958196e+16 1.086126e-49 0.2
-1.398712e+16 -1.398712e+16 -2.517681e+16 3.046621e-50 0.4
-1.398712e+16 -1.958196e+16 2.517681e+16 2.367161e-50 0.4
-1.398712e+16 -1.958196e+16 1.958196e+16 3.348634e-50 0.4
-1.398712e+16 -1.958196e+16 1.398712e+16 1.607466e-49 0.2
-1.398712e+16 -1.958196e+16 8.392270e+15 3.253645e-49 0.2
-1.398712e+16 -1.958196e+16 2.797423e+15 4.880198e-49 0.2
-1.398712e+16 -1.958196e+16 -2.797423e+15 4.880198e-49 0.2
-1.398712e+16 -1.958196e+16 -8.392270e+15 3.253645e-49 0.2
-1.398712e+16 -1.958196e+16 -1.398712e+16 1.607466e-49 0.2
-1.398712e+16 -1.958196e+16 -1.958196e+16 3.348634e-50 0.4
-1.398712e+16 -1.958196e+16 -2.517681e+16 2.367161e-50 0.4
-1.398712e+16 -2.517681e+16 2.517681e+16 1.786335e-50 0.4
-1.398712e+16 -2.517681e+16 1.958196e+16 2.367161e-50 0.4
-1.398712e+16 -2.517681e+16 1.398712e+16 3.046621e-50 0.4
-1.398712e+16 -2.517681e+16 8.392270e+15 3.704065e-50 0.4
-1.398712e+16 -2.517681e+16 2.797423e+15 4.127145e-50 0.4
-1.398712e+16 -2.517681e+16 -2.797423e+15 4.127145e-50 0.4
-1.398712e+16 -2.517681e+16 -8.392270e+15 3.704065e-50 0.4
-1.398712e+16 -2.517681e+16 -1.398712e+16 3.046621e-50 0.4
-1.398712e+16 -2.517681e+16 -1.958196e+16 2.367161e-50 0.4
-1.398712e+16 -2.517681e+16 -2.517681e+16 1.786335e-50 0.4
-1.958196e+16 2.517681e+16 2.517681e+16 1.490396e-50 0.4
-1.958196e+16 2.517681e+16 1.958196e+16 1.907418e-50 0.4
-1.958196e+16 2.517681e+16 1.398712e+16 2.367161e-50 0.4
-1.958196e+16 2.517681e+16 8.392270e+15 2.787425e-50 0.4
-1.958196e+16 2.517681e+16 2.797423e+15 3.046621e-50 0.4
-1.958196e+16 2.517681e+16 -2.797423e+15 3.046621e-50 0.4
-1.958196e+16 2.517681e+16 -8.392270e+15 2.787425e-50 0.4
-1.958196e+16 2.517681e+16 -1.398712e+16 2.367161e-50 0.4
-1.958196e+16 2.517681e+16 -1.958196e+16 1.907418e-50 0.4
-1.958196e+16 2.517681e+16 -2.517681e+16 1.490396e-50 0.4
-1.958196e+16 1.958196e+16 2.517681e+16 1.907418e-50 0.4
-1.958196e+16 1.958196e+16 1.958196e+16 2.563005e-50 0.4
-1.958196e+16 1.958196e+16 1.398712e+16 3.348634e-50 0.4
-1.958196e+16 1.958196e+16 8.392270e+15 4.127145e-50 0.4
-1.958196e+16 1.958196e+16 2.797423e+15 2.128806e-49 0.2
-1.958196e+16 1.958196e+16 -2.797423e+15 2.128806e-49 0.2
-1.958196e+16 1.958196e+16 -8.392270e+15 4.127145e-50 0.4
-1.958196e+16 1.958196e+16 -1.398712e+16 3.348634e-50 0.4
-1.958196e+16 1.958196e+16 -1.958196e+16 2.563005e-50 0.4
-1.958196e+16 1.958196e+16 -2.517681e+16 1.907418e-50 0.4
-1.958196e+16 1.398712e+16 2.517681e+16 2.367161e-50 0.4
-1.958196e+16 1.398712e+16 1.958196e+16 3.348634e-50 0.4
-1.958196e+16 1.398712e+16 1.398712e+16 1.607466e-49 0.2
-1.958196e+16 1.398712e+16 8.392270e+15 3.253645e-49 0.2
-1.958196e+16 1.398712e+16 2.797423e+15 4.880198e-49 0.2
-1.958196e+16 1.398712e+16 -2.797423e+15 4.880198e-49 0.2
-1.958196e+16 1.398712e+16 -8.392270e+15 3.253645e-49 0.2
-1.958196e+16 1.398712e+16 -1.398712e+16 1.607466e-49 0.2
-1.958196e+16 1.398712e+16 -1.958196e+16 3.348634e-50 0.4
-1.958196e+16 1.398712e+16 -2.517681e+16 2.367161e-50 0.4
-1.958196e+16 8.392270e+15 2.517681e+16 2.787425e-50 0.4
-1.958196e+16 8.392270e+15 1.958196e+16 4.127145e-50 0.4
-1.958196e+16 8.392270e+15 1.398712e+16 2.550154e-49 0.2
-1.958196e+16 8.392270e+15 8.392270e+15 6.005920e-49 0.2
-1.958196e+16 8.392270e+15 2.797423e+15 9.987821e-49 0.2
-1.958196e+16 8.392270e+15 -2.797423e+15 9.987821e-49 0.2
-1.958196e+16 8.392270e+15 -8.392270e+15 6.005920e-49 0.2
-1.958196e+16 8.392270e+15 -1.398712e+16 2.550154e-49 0.2
-1.958196e+16 8.392270e+15 -1.958196e+16 4.127145e-50 0.4
-1.958196e+16 8.392270e+15 -2.517681e+16 2.787425e-50 0.4
-1.958196e+16 2.797423e+15 2.517681e+16 3.046621e-50 0.4
-1.958196e+16 2.797423e+15 1.958196e+16 1.086126e-49 0.2
-1.958196e+16 2.797423e+15 1.398712e+16 3.297431e-49 0.2
-1.958196e+16 2.797423e+15 8.392270e+15 8.610190e-49 0.2
-1.958196e+16 2.797423e+15 2.797423e+15 1.542198e-48 0.2
-1.958196e+16 2.797423e+15 -2.797423e+15 1.542198e-48 0.2
-1.958196e+16 2.797423e+15 -8.392270e+15 8.610190e-49 0.2
-1.958196e+16 2.797423e+15 -1.398712e+16 3.297431e-49 0.2
-1.958196e+16 2.797423e+15 -1.958196e+16 1.086126e-49 0.2
-1.958196e+16 2.797423e+15 -2.517681e+16 3.046621e-50 0.4
-1.958196e+16 -2.797423e+15 2.517681e+16 3.046621e-50 0.4
-1.958196e+16 -2.797423e+15 1.958196e+16 1.086126e-49 0.2
-1.958196e+16 -2.797423e+15 1.398712e+16 3.297431e-49 0.2
-1.958196e+16 -2.797423e+15 8.392270e+15 8.610190e-49 0.2
-1.958196e+16 -2.797423e+15 2.797423e+15 1.542198e-48 0.2
-1.958196e+16 -2.797423e+15 -2.797423e+15 1.542198e-48 0.2
-1.958196e+16 -2.797423e+15 -8.392270e+15 8.610190e-49 0.2
-1.958196e+16 -2.797423e+15 -1.398712e+16 3.297431e-49 0.2
-1.958196e+16 -2.797423e+15 -1.958196e+16 1.086126e-49 0.2
-1.958196e+16 -2.797423e+15 -2.517681e+16 3.046621e-50 0.4
-1.958196e+16 -8.392270e+15 2.517681e+16 2.787425e-50 0.4
-1.958196e+16 -8.392270e+15 1.958196e+16 4.127145e-50 0.4
-1.958196e+16 -8.392270e+15 1.398712e+16 2.550154e-49 0.2
-1.958196e+16 -8.392270e+15 8.392270e+15 6.005920e-49 0.2
-1.958196e+16 -8.392270e+15 2.797423e+15 9.987821e-49 0.2
-1.958196e+16 -8.392270e+15 -2.797423e+15 9.987821e-49 0.2
-1.958196e+16 -8.392270e+15 -8.392270e+15 6.005920e-49 0.2
-1.958196e+16 -8.392270e+15 -1.398712e+16 2.550154e-49 0.2
-1.958196e+16 -8.392270e+15 -1.958196e+16 4.127145e-50 0.4
-1.958196e+16 -8.392270e+15 -2.517681e+16 2.787425e-50 0.4
-1.958196e+16 -1.398712e+16 2.517681e+16 2.367161e-50 0.4
-1.958196e+16 -1.398712e+16 1.958196e+16 3.348634e-50 0.4
-1.958196e+16 -1.398712e+16 1.398712e+16 1.607466e-49 0.2
-1.958196e+16 -1.398712e+16 8.392270e+15 3.253645e-49 0.2
-1.958196e+16 -1.398712e+16 2.797423e+15 4.880198e-49 0.2
-1.958196e+16 -1.398712e+16 -2.797423e+15 4.880198e-49 0.2
-1.958196e+16 -1.398712e+16 -8.392270e+15 3.253645e-49 0.2
-1.958196e+16 -1.398712e+16 -1.398712e+16 1.607466e-49 0.2
-1.958196e+16 -1.398712e+16 -1.958196e+16 3.348634e-50 0.4
-1.958196e+16 -1.398712e+16 -2.517681e+16 2.367161e-50 0.4
-1.958196e+16 -1.958196e+16 2.517681e+16 1.907418e-50 0.4
-1.958196e+16 -1.958196e+16 1.958196e+16 2.563005e-50 0.4
-1.958196e+16 -1.958196e+16 1.398712e+16 3.348634e-50 0.4
-1.958196e+16 -1.958196e+16 8.392270e+15 4.127145e-50 0.4
-1.958196e+16 -1.958196e+16 2.797423e+15 2.128806e-49 0.2
-1.958196e+16 -1.958196e+16 -2.797423e+15 2.128806e-49 0.2
-1.958196e+16 -1.958196e+16 -8.392270e+15 4.127145e-50 0.4
-1.958196e+16 -1.958196e+16 -1.398712e+16 3.348634e-50 0.4
-1.958196e+16 -1.958196e+16 -1.958196e+16 2.563005e-50 0.4
-1.958196e+16 -1.958196e+16 -2.517681e+16 1.907418e-50 0.4
-1.958196e+16 -2.517681e+16 2.517681e+16 1.490396e-50 0.4
-1.958196e+16 -2.517681e+16 1.958196e+16 1.907418e-50 0.4
-1.958196e+16 -2.517681e+16 1.398712e+16 2.367161e-50 0.4
-1.958196e+16 -2.517681e+16 8.392270e+15 2.787425e-50 0.4
-1.958196e+16 -2.517681e+16 2.797423e+15 3.046621e-50 0.4
-1.958196e+16 -2.517681e+16 -2.797423e+15 3.046621e-50 0.4
-1.958196e+16 -2.517681e+16 -8.392270e+15 2.787425e-50 0.4
-1.958196e+16 -2.517681e+16 -1.398712e+16 2.367161e-50 0.4
-1.958196e+16 -2.517681e+16 -1.958196e+16 1.907418e-50 0.4
-1.958196e+16 -2.517681e+16 -2.517681e+16 1.490396e-50 0.4
-2.517681e+16 2.517681e+16 2.517681e+16 1.205913e-50 0.4
-2.517681e+16 2.517681e+16 1.958196e+16 1.490396e-50 0.4
-2.517681e+16 2.517681e+16 1.398712e+16 1.786335e-50 0.4
-2.517681e+16 2.517681e+16 8.392270e+15 2.042825e-50 0.4
-2.517681e+16 2.517681e+16 2.797423e+15 2.195048e-50 0.4
-2.517681e+16 2.517681e+16 -2.797423e+15 2.195048e-50 0.4
-2.517681e+16 2.517681e+16 -8.392270e+15 2.042825e-50 0.4
-2.517681e+16 2.517681e+16 -1.398712e+16 1.786335e-50 0.4
-2.517681e+16 2.517681e+16 -1.958196e+16 1.490396e-50 0.4
-2.517681e+16 2.517681e+16 -2.517681e+16 1.205913e-50 0.4
-2.517681e+16 1.958196e+16 2.517681e+16 1.490396e-50 0.4
-2.517681e+16 1.958196e+16 1.958196e+16 1.907418e-50 0.4
-2.517681e+16 1.958196e+16 1.398712e+16 2.367161e-50 0.4
-2.517681e+16 1.958196e+16 8.392270e+15 2.787425e-50 0.4
-2.517681e+16 1.958196e+16 2.797423e+15 3.046621e-50 0.4
-2.517681e+16 1.958196e+16 -2.797423e+15 3.046621e-50 0.4
-2.517681e+16 1.958196e+16 -8.392270e+15 2.787425e-50 0.4
-2.517681e+16 1.958196e+16 -1.398712e+16 2.367161e-50 0.4
-2.517681e+16 1.958196e+16 -1.958196e+16 1.907418e-50 0.4
-2.517681e+16 1.958196e+16 -2.517681e+16 1.490396e-50 0.4
-2.517681e+16 1.398712e+16 2.517681e+16 1.786335e-50 0.4
-2.517681e+16 1.398712e+16 1.958196e+16 2.367161e-50 0.4
-2.517681e+16 1.398712e+16 1.398712e+16 3.046621e-50 0.4
-2.517681e+16 1.398712e+16 8.392270e+15 3.704065e-50 0.4
-2.517681e+16 1.398712e+16 2.797423e+15 4.127145e-50 0.4
-2.517681e+16 1.398712e+16 -2.797423e+15 4.127145e-50 0.4
-2.517681e+16 1.398712e+16 -8.392270e+15 3.704065e-50 0.4
-2.517681e+16 1.398712e+16 -1.398712e+16 3.046621e-50 0.4
-2.517681e+16 1.398712e+16 -1.958196e+16 2.367161e-50 0.4
-2.517681e+16 1.398712e+16 -2.517681e+16 1.786335e-50 0.4
-2.517681e+16 8.392270e+15 2.517681e+16 2.042825e-50 0.4
-2.517681e+16 8.392270e+15 1.958196e+16 2.787425e-50 0.4
-2.517681e+16 8.392270e+15 1.398712e+16 3.704065e-50 0.4
-2.517681e+16 8.392270e+15 8.392270e+15 1.955026e-49 0.2
-2.517681e+16 8.392270e+15 2.797423e+15 2.738595e-49 0.2
-2.517681e+16 8.392270e+15 -2.797423e+15 2.738595e-49 0.2
-2.517681e+16 8.392270e+15 -8.392270e+15 1.955026e-49 0.2
-2.517681e+16 8.392270e+15 -1.398712e+16 3.704065e-50 0.4
-2.517681e+16 8.392270e+15 -1.958196e+16 2.787425e-50 0.4
-2.517681e+16 8.392270e+15 -2.517681e+16 2.042825e-50 0.4
-2.517681e+16 2.797423e+15 2.517681e+16 2.195048e-50 0.4
-2.517681e+16 2.797423e+15 1.958196e+16 3.046621e-50 0.4
-2.517681e+16 2.797423e+15 1.398712e+16 4.127145e-50 0.4
-2.517681e+16 2.797423e+15 8.392270e+15 2.495164e-49 0.2
-2.517681e+16 2.797423e+15 2.797423e+15 3.605390e-49 0.2
-2.517681e+16 2.797423e+15 -2.797423e+15 3.605390e-49 0.2
-2.517681e+16 2.797423e+15 -8.392270e+15 2.495164e-49 0.2
-2.517681e+16 2.797423e+15 -1.398712e+16 4.127145e-50 0.4
-2.517681e+16 2.797423e+15 -1.958196e+16 3.046621e-50 0.4
-2.517681e+16 2.797423e+15 -2.517681e+16 2.195048e-50 0.4
-2.517681e+16 -2.797423e+15 2.517681e+16 2.195048e-50 0.4
-2.517681e+16 -2.797423e+15 1.958196e+16 3.046621e-50 0.4
-2.517681e+16 -2.797423e+15 1.398712e+16 4.127145e-50 0.4
-2.517681e+16 -2.797423e+15 8.392270e+15 2.495164e-49 0.2
-2.517681e+16 -2.797423e+15 2.797423e+15 3.605390e-49 0.2
-2.517681e+16 -2.797423e+15 -2.797423e+15 3.605390e-49 0.2
-2.517681e+16 -2.797423e+15 -8.392270e+15 2.495164e-49 0.2
-2.517681e+16 -2.797423e+15 -1.398712e+16 4.127145e-50 0.4
-2.517681e+16 -2.797423e+15 -1.958196e+16 3.046621e-50 0.4
-2.517681e+16 -2.797423e+15 -2.517681e+16 2.195048e-50 0.4
-2.517681e+16 -8.392270e+15 2.517681e+16 2.042825e-50 0.4
-2.517681e+16 -8.392270e+15 1.958196e+16 2.787425e-50 0.4
-2.517681e+16 -8.392270e+15 1.398712e+16 3.704065e-50 0.4
-2.517681e+16 -8.392270e+15 8.392270e+15 1.955026e-49 0.2
-2.517681e+16 -8.392270e+15 2.797423e+15 2.738595e-49 0.2
-2.517681e+16 -8.392270e+15 -2.797423e+15 2.738595e-49 0.2
-2.517681e+16 -8.392270e+15 -8.392270e+15 1.955026e-49 0.2
-2.517681e+16 -8.392270e+15 -1.398712e+16 3.704065e-50 0.4
-2.517681e+16 -8.392270e+15 -1.958196e+16 2.787425e-50 0.4
-2.517681e+16 -8.392270e+15 -2.517681e+16 2.042825e-50 0.4
-2.517681e+16 -1.398712e+16 2.517681e+16 1.786335e-50 0.4
-2.517681e+16 -1.398712e+16 1.958196e+16 2.367161e-50 0.4
-2.517681e+16 -1.398712e+16 1.398712e+16 3.046621e-50 0.4
-2.517681e+16 -1.398712e+16 8.392270e+15 3.704065e-50 0.4
-2.517681e+16 -1.398712e+16 2.797423e+15 4.127145e-50 0.4
-2.517681e+16 -1.398712e+16 -2.797423e+15 4.127145e-50 0.4
-2.517681e+16 -1.398712e+16 -8.392270e+15 3.704065e-50 0.4
-2.517681e+16 -1.398712e+16 -1.398712e+16 3.046621e-50 0.4
-2.517681e+16 -1.398712e+16 -1.958196e+16 2.367161e-50 0.4
-2.517681e+16 -1.398712e+16 -2.517681e+16 1.786335e-50 0.4
-2.517681e+16 -1.958196e+16 2.517681e+16 1.490396e-50 0.4
-2.517681e+16 -1.958196e+16 1.958196e+16 1.907418e-50 0.4
-2.517681e+16 -1.958196e+16 1.398712e+16 2.367161e-50 0.4
-2.517681e+16 -1.958196e+16 8.392270e+15 2.787425e-50 0.4
-2.517681e+16 -1.958196e+16 2.797423e+15 3.046621e-50 0.4
-2.517681e+16 -1.958196e+16 -2.797423e+15 3.046621e-50 0.4
-2.517681e+16 -1.958196e+16 -8.392270e+15 2.787425e-50 0.4
-2.517681e+16 -1.958196e+16 -1.398712e+16 2.367161e-50 0.4
-2.517681e+16 -1.958196e+16 -1.958196e+16 1.907418e-50 0.4
-2.517681e+16 -1.958196e+16 -2.517681e+16 1.490396e-50 0.4
-2.517681e+16 -2.517681e+16 2.517681e+16 1.205913e-50 0.4
-2.517681e+16 -2.517681e+16 1.958196e+16 1.490396e-50 0.4
-2.517681e+16 -2.517681e+16 1.398712e+16 1.786335e-50 0.4
-2.517681e+16 -2.517681e+16 8.392270e+15 2.042825e-50 0.4
-2.517681e+16 -2.517681e+16 2.797423e+15 2.195048e-50 0.4
-2.517681e+16 -2.517681e+16 -2.797423e+15 2.195048e-50 0.4
-2.517681e+16 -2.517681e+16 -8.392270e+15 2.042825e-50 0.4
-2.517681e+16 -2.517681e+16 -1.398712e+16 1.786335e-50 0.4
-2.517681e+16 -2.517681e+16 -1.958196e+16 1.490396e-50 0.4
-2.517681e+16 -2.517681e+16 -2.517681e+16 1.205913e-50 0.4
