1 
50
30 0.25 15.25 
1.220e+03 	7.7571e-16 	   0 	   0 	1.1832e-22 	   0 	   0 	  0 	   0 	   0 	  0 	   0 	   0 	  0 	   0 	   0 	  0 	   0 	   0 	  0 	   0 	   0 	  0 	   0 	   0 	  0 	   0 	   0 	  0 	   0 	   0 	  0 	   0 	   0 	  0 	   0 	   0 	  0 	   0 	   0 	  0 	   0 	   0 	  0 	   0 	   0 	  0 	   0 	   0 	  0 	   0 	   0 	  0 	   0 	   0 	  0 	   0 	   0 	  0 	   0 	   0 	  0 	   0 	   0 	  0 	   0 	   0 	  0 	   0 	   0 	  0 	   0 	   0 	  0 	   0 	   0 	  0 	   0 	   0 	  0 	   0 	   0 	  0 	   0 	   0 	  0 	   0 	   0 	  0 	   0 	   0 	
1.660e+03 	3.979e-14 	 2.4424e-18 	 1.3576e-18 	1.4406e-16 	 3.3175e-21 	 -8.4995e-21 	2.6484e-18 	   0 	   0 	  0 	   0 	   0 	1.6966e-17 	   0 	   0 	  0 	   0 	   0 	  0 	   0 	   0 	  0 	   0 	   0 	  0 	   0 	   0 	  0 	   0 	   0 	  0 	   0 	   0 	  0 	   0 	   0 	  0 	   0 	   0 	  0 	   0 	   0 	  0 	   0 	   0 	  0 	   0 	   0 	  0 	   0 	   0 	  0 	   0 	   0 	  0 	   0 	   0 	  0 	   0 	   0 	  0 	   0 	   0 	  0 	   0 	   0 	  0 	   0 	   0 	  0 	   0 	   0 	  0 	   0 	   0 	  0 	   0 	   0 	  0 	   0 	   0 	  0 	   0 	   0 	  0 	   0 	   0 	  0 	   0 	   0 	
2.100e+03 	1.2026e-13 	 -2.6934e-18 	 -1.2626e-18 	3.5937e-16 	   0 	   0 	8.147e-16 	 -1.2112e-22 	 -1.9737e-22 	2.9798e-15 	   0 	   0 	1.1218e-17 	   0 	   0 	3.4107e-19 	   0 	   0 	8.6511e-20 	   0 	   0 	4.4005e-16 	   0 	   0 	  0 	   0 	   0 	  0 	   0 	   0 	  0 	   0 	   0 	  0 	   0 	   0 	  0 	   0 	   0 	  0 	   0 	   0 	  0 	   0 	   0 	  0 	   0 	   0 	  0 	   0 	   0 	  0 	   0 	   0 	  0 	   0 	   0 	  0 	   0 	   0 	  0 	   0 	   0 	  0 	   0 	   0 	  0 	   0 	   0 	  0 	   0 	   0 	  0 	   0 	   0 	  0 	   0 	   0 	  0 	   0 	   0 	  0 	   0 	   0 	  0 	   0 	   0 	  0 	   0 	   0 	
2.540e+03 	2.84e-13 	 -1.586e-18 	 3.5099e-18 	1.7404e-14 	 2.555e-20 	 -2.4306e-19 	8.9205e-15 	   0 	   0 	8.7327e-15 	   0 	   0 	5.9605e-15 	   0 	   0 	6.937e-15 	   0 	   0 	4.9645e-15 	   0 	   0 	1.3673e-15 	   0 	   0 	6.8452e-25 	   0 	   0 	2.1758e-21 	   0 	   0 	5.0708e-273 	   0 	   0 	  0 	   0 	   0 	  0 	   0 	   0 	  0 	   0 	   0 	  0 	   0 	   0 	  0 	   0 	   0 	  0 	   0 	   0 	  0 	   0 	   0 	  0 	   0 	   0 	  0 	   0 	   0 	  0 	   0 	   0 	  0 	   0 	   0 	  0 	   0 	   0 	  0 	   0 	   0 	  0 	   0 	   0 	  0 	   0 	   0 	  0 	   0 	   0 	  0 	   0 	   0 	  0 	   0 	   0 	  0 	   0 	   0 	
2.980e+03 	1.7309e-13 	 1.2085e-18 	 2.7549e-18 	5.9685e-14 	 -5.6298e-19 	 -2.3351e-19 	2.8708e-14 	 5.2927e-19 	 3.1117e-20 	2.0424e-14 	   0 	   0 	2.2939e-14 	   0 	   0 	1.1174e-14 	   0 	   0 	1.5311e-14 	   0 	   0 	3.4507e-15 	   0 	   0 	3.5459e-15 	   0 	   0 	1.971e-19 	   0 	   0 	9.6335e-21 	   0 	   0 	1.487e-15 	   0 	   0 	1.1689e-36 	   0 	   0 	1.6581e-20 	   0 	   0 	5.1308e-23 	   0 	   0 	1.6915e-16 	   0 	   0 	  0 	   0 	   0 	  0 	   0 	   0 	  0 	   0 	   0 	  0 	   0 	   0 	  0 	   0 	   0 	  0 	   0 	   0 	  0 	   0 	   0 	  0 	   0 	   0 	  0 	   0 	   0 	  0 	   0 	   0 	  0 	   0 	   0 	  0 	   0 	   0 	  0 	   0 	   0 	  0 	   0 	   0 	
3.420e+03 	3.9954e-13 	 1.3784e-15 	 -2.8975e-15 	7.6174e-14 	 -1.0864e-17 	 4.9647e-18 	8.0872e-14 	 -2.8883e-20 	 -3.9141e-19 	2.8452e-14 	   0 	   0 	2.7932e-14 	   0 	   0 	3.0358e-14 	   0 	   0 	2.3161e-14 	   0 	   0 	1.2191e-14 	   0 	   0 	7.62e-15 	   0 	   0 	9.2058e-15 	   0 	   0 	5.2819e-16 	   0 	   0 	3.338e-15 	   0 	   0 	1.6335e-15 	   0 	   0 	2.8565e-16 	   0 	   0 	9.2469e-25 	   0 	   0 	4.4931e-20 	   0 	   0 	8.7257e-16 	   0 	   0 	4.8922e-62 	   0 	   0 	4.9019e-66 	   0 	   0 	  0 	   0 	   0 	1.8347e-20 	   0 	   0 	  0 	   0 	   0 	5.0987e-48 	   0 	   0 	1.8574e-20 	   0 	   0 	5.021e-16 	   0 	   0 	  0 	   0 	   0 	4.7037e-16 	   0 	   0 	  0 	   0 	   0 	  0 	   0 	   0 	  0 	   0 	   0 	
3.860e+03 	6.2238e-13 	 -7.7515e-15 	 -9.3227e-15 	1.178e-13 	 3.4678e-19 	 -2.4209e-19 	1.1526e-13 	 5.2548e-20 	 6.6397e-20 	7.0593e-14 	 -2.7107e-20 	 -5.0899e-21 	5.6379e-14 	 -6.7661e-21 	 1.1552e-19 	4.9398e-14 	 -3.8279e-20 	 3.9811e-20 	3.5706e-14 	   0 	   0 	1.0577e-14 	   0 	   0 	1.2498e-14 	 -2.4504e-21 	 1.2453e-21 	9.9113e-15 	   0 	   0 	1.0082e-14 	   0 	   0 	6.3366e-15 	   0 	   0 	4.3876e-15 	   0 	   0 	3.1026e-15 	   0 	   0 	2.1309e-15 	   0 	   0 	1.1342e-15 	   0 	   0 	2.7513e-15 	   0 	   0 	1.6055e-15 	   0 	   0 	8.2396e-16 	   0 	   0 	2.3766e-21 	   0 	   0 	1.6461e-20 	   0 	   0 	6.7163e-16 	   0 	   0 	6.3131e-16 	   0 	   0 	1.1257e-15 	   0 	   0 	3.8489e-21 	   0 	   0 	1.6509e-35 	   0 	   0 	  0 	   0 	   0 	  0 	   0 	   0 	  0 	   0 	   0 	7.8329e-30 	   0 	   0 	
4.300e+03 	8.6495e-13 	 1.8619e-15 	 -4.9042e-16 	2.1175e-13 	 -2.6142e-17 	 1.1863e-16 	1.3768e-13 	 -2.7677e-18 	 1.901e-18 	1.5155e-13 	 -3.7841e-20 	 -4.9904e-20 	7.7053e-14 	   0 	   0 	5.6634e-14 	   0 	   0 	5.1492e-14 	   0 	   0 	3.8235e-14 	   0 	   0 	1.9469e-14 	 -1.868e-21 	 -5.6063e-21 	1.9271e-14 	   0 	   0 	1.7108e-14 	   0 	   0 	8.9177e-15 	   0 	   0 	8.8674e-15 	   0 	   0 	4.8396e-15 	   0 	   0 	6.4391e-15 	   0 	   0 	3.5365e-15 	   0 	   0 	1.0325e-15 	   0 	   0 	5.2584e-15 	   0 	   0 	1.809e-16 	   0 	   0 	1.0558e-15 	   0 	   0 	2.11e-15 	   0 	   0 	6.5765e-16 	   0 	   0 	2.0418e-15 	   0 	   0 	6.8808e-20 	   0 	   0 	3.6207e-21 	   0 	   0 	3.7436e-28 	   0 	   0 	5.1811e-16 	   0 	   0 	3.7126e-26 	   0 	   0 	4.5594e-16 	   0 	   0 	4.0581e-16 	   0 	   0 	
4.740e+03 	1.078e-12 	 -1.611e-14 	 -4.1363e-15 	2.8527e-13 	 3.508e-16 	 8.8543e-17 	2.0114e-13 	 5.9753e-16 	 -3.9004e-16 	2.0881e-13 	 1.3793e-19 	 -8.9475e-20 	1.2826e-13 	 1.0582e-19 	 1.5276e-20 	7.9924e-14 	 -2.2264e-20 	 2.5414e-21 	7.101e-14 	 1.12e-17 	 -1.7337e-16 	5.2731e-14 	 7.9851e-20 	 3.5509e-20 	3.3295e-14 	   0 	   0 	1.9323e-14 	   0 	   0 	1.9702e-14 	   0 	   0 	7.4726e-15 	   0 	   0 	1.3656e-14 	   0 	   0 	9.9914e-15 	   0 	   0 	5.5565e-15 	   0 	   0 	6.0465e-15 	   0 	   0 	3.0873e-15 	   0 	   0 	2.0462e-15 	   0 	   0 	2.1823e-15 	   0 	   0 	8.8347e-16 	   0 	   0 	2.3437e-15 	   0 	   0 	1.3281e-15 	   0 	   0 	7.1253e-16 	   0 	   0 	7.1082e-16 	   0 	   0 	5.9224e-16 	   0 	   0 	2.3951e-20 	   0 	   0 	9.0049e-16 	   0 	   0 	2.7965e-16 	   0 	   0 	5.7225e-17 	   0 	   0 	9.0065e-16 	   0 	   0 	
5.180e+03 	1.2835e-12 	 -7.2211e-14 	 -4.8011e-15 	3.6084e-13 	 -1.5602e-16 	 -2.1425e-15 	2.7373e-13 	 3.1049e-17 	 2.2742e-16 	1.8523e-13 	 8.1135e-16 	 -5.0153e-15 	8.9809e-14 	 1.3348e-20 	 -1.1211e-20 	1.0365e-13 	   0 	   0 	6.7351e-14 	 -1.9938e-22 	 -8.3546e-20 	5.1086e-14 	 1.2004e-21 	 2.1157e-21 	4.3485e-14 	   0 	   0 	2.9142e-14 	   0 	   0 	2.8044e-14 	   0 	   0 	2.4745e-14 	   0 	   0 	1.6691e-14 	   0 	   0 	1.3959e-14 	 7.7093e-22 	 -7.5772e-24 	8.428e-15 	   0 	   0 	9.0634e-15 	   0 	   0 	3.9536e-15 	   0 	   0 	7.0556e-15 	   0 	   0 	5.0239e-15 	   0 	   0 	4.4173e-15 	   0 	   0 	1.6669e-15 	   0 	   0 	1.9384e-15 	   0 	   0 	1.6784e-15 	   0 	   0 	1.8096e-15 	   0 	   0 	1.5639e-15 	   0 	   0 	1.0603e-16 	   0 	   0 	1.1942e-15 	   0 	   0 	1.4308e-18 	   0 	   0 	6.0227e-20 	   0 	   0 	7.3042e-18 	   0 	   0 	
5.620e+03 	1.1e-12 	 -6.0473e-15 	 -8.5731e-14 	5.6558e-13 	 -2.8119e-16 	 3.2415e-16 	2.6122e-13 	 -1.1616e-17 	 -1.0696e-17 	1.7383e-13 	 -1.7299e-15 	 6.1826e-16 	1.4721e-13 	 -5.9475e-17 	 1.5421e-16 	8.7088e-14 	 1.9046e-20 	 1.2684e-20 	8.9727e-14 	 5.4744e-16 	 8.8746e-16 	6.5127e-14 	 3.3561e-25 	 6.6816e-25 	4.0147e-14 	   0 	   0 	4.5109e-14 	   0 	   0 	2.3378e-14 	 4.9895e-30 	 2.3433e-30 	2.2251e-14 	   0 	   0 	1.5295e-14 	   0 	   0 	1.9868e-14 	   0 	   0 	1.6395e-14 	   0 	   0 	1.4328e-14 	   0 	   0 	9.4967e-15 	   0 	   0 	9.4339e-15 	   0 	   0 	4.6784e-15 	   0 	   0 	6.4065e-15 	   0 	   0 	6.1894e-15 	   0 	   0 	1.8457e-15 	   0 	   0 	4.1875e-15 	   0 	   0 	2.2124e-15 	   0 	   0 	2.1662e-15 	   0 	   0 	8.9548e-16 	   0 	   0 	7.4131e-16 	   0 	   0 	1.5561e-15 	   0 	   0 	4.97e-16 	   0 	   0 	8.5577e-16 	   0 	   0 	
6.060e+03 	1.2143e-12 	 1.7678e-15 	 -3.6795e-14 	5.1736e-13 	 1.6506e-15 	 2.6028e-16 	3.5404e-13 	 5.2071e-17 	 7.5357e-17 	3.1788e-13 	 -2.1316e-15 	 7.7669e-16 	1.6295e-13 	 -2.0626e-16 	 -9.5612e-16 	1.1027e-13 	 1.3135e-15 	 -1.0055e-16 	8.8992e-14 	 3.1981e-20 	 -2.2584e-22 	5.5353e-14 	 6.7516e-18 	 1.5888e-17 	5.6546e-14 	 2.8865e-16 	 -2.093e-16 	4.3761e-14 	 5.0672e-22 	 1.3241e-20 	4.1901e-14 	 -4.9345e-21 	 -2.5193e-21 	2.6037e-14 	   0 	   0 	2.262e-14 	   0 	   0 	2.4585e-14 	   0 	   0 	1.1476e-14 	 3.2902e-21 	 1.659e-20 	1.2398e-14 	   0 	   0 	8.877e-15 	   0 	   0 	7.1854e-15 	 6.1822e-22 	   0 	1.0446e-14 	   0 	   0 	7.0255e-15 	   0 	   0 	3.3028e-15 	   0 	   0 	5.2553e-15 	   0 	   0 	4.3316e-15 	   0 	   0 	3.0375e-15 	   0 	   0 	3.6621e-15 	   0 	   0 	2.9671e-15 	   0 	   0 	3.0355e-15 	 -7.5416e-22 	 3.1982e-23 	1.3606e-15 	   0 	   0 	1.4643e-15 	   0 	   0 	2.4906e-16 	   0 	   0 	
6.500e+03 	6.338e-13 	 2.9902e-15 	 1.8639e-14 	5.5755e-13 	 4.8126e-15 	 8.4785e-15 	3.8886e-13 	 -2.2766e-15 	 -3.5082e-15 	2.4059e-13 	 2.8602e-18 	 3.6357e-17 	1.6555e-13 	 -6.9767e-16 	 -7.7818e-16 	1.4851e-13 	 5.6333e-17 	 2.9627e-18 	1.099e-13 	 7.5055e-16 	 1.1349e-15 	6.6087e-14 	   0 	   0 	4.7629e-14 	 -4.3556e-16 	 -5.3914e-16 	5.1238e-14 	   0 	   0 	3.7517e-14 	 -6.9201e-20 	 4.1466e-20 	2.9244e-14 	 1.8077e-16 	 6.727e-17 	2.8478e-14 	 6.2874e-23 	 -8.2046e-22 	2.3432e-14 	   0 	   0 	1.8372e-14 	   0 	   0 	1.8524e-14 	   0 	   0 	1.1645e-14 	   0 	   0 	1.2326e-14 	   0 	   0 	8.6172e-15 	   0 	   0 	5.6745e-15 	   0 	   0 	6.0736e-15 	   0 	   0 	5.2962e-15 	   0 	   0 	6.0007e-15 	   0 	   0 	3.9636e-15 	 -2.4308e-21 	 -2.2488e-21 	2.3544e-15 	   0 	   0 	3.3874e-15 	   0 	   0 	2.7384e-15 	   0 	   0 	2.1807e-15 	   0 	   0 	8.1357e-16 	   0 	   0 	6.2317e-16 	   0 	   0 	
6.940e+03 	8.0545e-13 	 -3.6963e-15 	 -2.119e-14 	3.9837e-13 	 -8.4116e-15 	 3.1261e-16 	3.0621e-13 	 -1.597e-15 	 -5.9948e-15 	1.3993e-13 	 -5.2309e-15 	 -3.8397e-15 	2.0355e-13 	 1.7117e-16 	 6.4847e-17 	1.379e-13 	 7.9338e-20 	 -3.4182e-20 	1.0683e-13 	 -2.3756e-16 	 9.089e-17 	8.6013e-14 	   0 	   0 	6.2962e-14 	 -1.7005e-16 	 1.7998e-16 	4.1673e-14 	   0 	   0 	3.8322e-14 	 -6.3482e-17 	 -2.8834e-17 	3.432e-14 	 2.0528e-20 	 1.6334e-20 	2.3672e-14 	 1.3676e-26 	 -6.9566e-27 	2.4642e-14 	   0 	   0 	2.579e-14 	   0 	   0 	1.6371e-14 	   0 	   0 	1.2493e-14 	 2.8693e-20 	   0 	9.4786e-15 	 8.6996e-21 	 1.2665e-20 	8.6453e-15 	   0 	   0 	9.4e-15 	   0 	   0 	6.871e-15 	   0 	   0 	4.8544e-15 	   0 	   0 	7.4648e-15 	 1.1403e-21 	 1.0384e-21 	4.7951e-15 	   0 	   0 	4.2765e-15 	   0 	   0 	2.8397e-15 	   0 	   0 	3.1544e-15 	   0 	   0 	1.107e-15 	   0 	   0 	8.2258e-16 	   0 	   0 	1.0574e-15 	   0 	   0 	
7.380e+03 	5.6744e-13 	 8.1978e-15 	 1.9986e-14 	4.8775e-13 	 -2.1879e-15 	 -7.6277e-16 	3.1343e-13 	 -1.0185e-15 	 2.2122e-15 	1.5678e-13 	 2.9683e-15 	 9.8654e-17 	1.5033e-13 	 -5.9502e-15 	 5.2401e-16 	1.3023e-13 	 4.4395e-17 	 9.8514e-18 	1.1013e-13 	   0 	   0 	7.5302e-14 	 1.2933e-22 	 -1.0184e-22 	6.4089e-14 	 -4.2166e-22 	 -1.052e-22 	6.3611e-14 	 6.871e-20 	 -6.3339e-20 	3.8539e-14 	   0 	   0 	4.4007e-14 	 -3.6183e-24 	 -1.4501e-24 	3.058e-14 	 1.1316e-22 	 2.3771e-23 	2.3176e-14 	   0 	   0 	2.3241e-14 	 -1.9321e-20 	 9.6597e-21 	1.6407e-14 	 6.1414e-24 	 -1.9646e-24 	2.2221e-14 	   0 	   0 	1.9122e-14 	   0 	   0 	1.2058e-14 	   0 	   0 	4.6427e-15 	 6.3552e-21 	   0 	6.8637e-15 	   0 	   0 	8.5734e-15 	   0 	   0 	4.3792e-15 	   0 	   0 	4.4309e-15 	   0 	   0 	7.2931e-15 	   0 	   0 	3.2585e-15 	   0 	   0 	3.6788e-15 	   0 	   0 	1.7865e-15 	   0 	   0 	2.5455e-15 	   0 	   0 	2.5775e-15 	   0 	   0 	
7.820e+03 	6.6725e-13 	 -7.1341e-14 	 -3.4656e-14 	5.0651e-13 	 8.235e-15 	 2.3089e-15 	2.8817e-13 	 -2.4428e-16 	 5.3938e-15 	2.0085e-13 	 -1.0977e-15 	 3.6663e-15 	1.4986e-13 	 4.114e-20 	 -3.3276e-21 	1.3918e-13 	 1.6196e-18 	 -1.9217e-19 	8.1222e-14 	 -1.7949e-20 	 -3.4444e-20 	7.4519e-14 	   0 	   0 	6.1634e-14 	 5.9123e-21 	 -2.1459e-20 	3.8087e-14 	 3.1776e-18 	 1.8914e-17 	4.7681e-14 	 -1.5427e-17 	 7.5033e-17 	3.9763e-14 	 -6.6417e-16 	 9.9634e-17 	2.9576e-14 	 -3.3766e-20 	 -2.3957e-20 	1.9296e-14 	 4.4169e-20 	 -3.2783e-20 	3.4945e-14 	   0 	   0 	2.2935e-14 	 1.4224e-21 	 1.1013e-21 	1.8538e-14 	 -3.0739e-19 	 1.6044e-19 	9.8516e-15 	   0 	   0 	1.0838e-14 	 -1.3678e-17 	 -2.5695e-17 	8.5875e-15 	   0 	   0 	6.8899e-15 	   0 	   0 	9.1734e-15 	 1.6641e-18 	 -9.5209e-19 	6.9516e-15 	   0 	   0 	7.0081e-15 	   0 	   0 	6.5613e-15 	   0 	   0 	4.894e-15 	   0 	   0 	5.0346e-15 	   0 	   0 	5.6994e-15 	   0 	   0 	3.6148e-15 	   0 	   0 	9.995e-16 	   0 	   0 	
8.260e+03 	5.7873e-13 	 6.7631e-14 	 -2.1841e-15 	4.6671e-13 	 -2.935e-15 	 -1.3592e-15 	1.9699e-13 	 -1.5609e-15 	 -4.5659e-15 	1.5427e-13 	 2.0878e-17 	 -6.807e-17 	1.552e-13 	 8.229e-16 	 2.8318e-16 	9.7075e-14 	 1.125e-15 	 -7.6812e-16 	8.9346e-14 	 4.438e-16 	 -1.0953e-16 	7.123e-14 	 9.7021e-16 	 -9.3856e-16 	8.4153e-14 	 5.929e-17 	 -4.8037e-19 	5.4826e-14 	 6.7229e-16 	 -8.122e-16 	4.0879e-14 	 5.4951e-16 	 -5.1524e-16 	3.2883e-14 	 -2.5419e-16 	 -5.5879e-17 	3.1271e-14 	 4.3681e-17 	 -1.341e-18 	2.1236e-14 	 2.1543e-16 	 -1.8481e-16 	2.9092e-14 	   0 	   0 	2.4617e-14 	   0 	   0 	1.7868e-14 	 6.5442e-17 	 6.0997e-17 	1.661e-14 	   0 	   0 	1.4699e-14 	   0 	   0 	1.5524e-14 	   0 	   0 	1.0308e-14 	   0 	   0 	7.1514e-15 	   0 	   0 	9.7803e-15 	   0 	   0 	1.0014e-14 	 -3.6461e-22 	 -7.0324e-22 	6.5157e-15 	   0 	   0 	6.1032e-15 	   0 	   0 	3.095e-15 	   0 	   0 	6.8417e-15 	   0 	   0 	3.5816e-15 	   0 	   0 	3.0322e-15 	   0 	   0 	
8.700e+03 	2.7177e-13 	 2.9615e-15 	 -3.2842e-15 	2.283e-13 	 -8.3403e-15 	 -1.3361e-15 	2.122e-13 	 8.9235e-15 	 -1.1766e-14 	1.6306e-13 	 5.6823e-16 	 -6.2808e-15 	1.3481e-13 	 -3.1164e-23 	 1.6063e-23 	9.7367e-14 	 -2.1439e-15 	 4.8385e-16 	5.6697e-14 	 4.7997e-16 	 -3.8033e-16 	8.7069e-14 	 -2.2703e-15 	 2.4253e-16 	6.8981e-14 	 1.1474e-16 	 -8.2267e-21 	4.8279e-14 	   0 	   0 	4.8178e-14 	 -1.8831e-16 	 1.5318e-16 	3.1679e-14 	 -3.7437e-21 	 5.0449e-23 	2.2993e-14 	 -1.47e-17 	 -3.9842e-17 	2.2155e-14 	 7.8485e-21 	   0 	2.4436e-14 	 -7.4707e-19 	 1.2355e-17 	1.7774e-14 	 9.7916e-22 	 9.5148e-22 	1.1749e-14 	 5.0437e-20 	   0 	2.0725e-14 	 -1.1231e-17 	 -5.6967e-17 	1.2213e-14 	 3.819e-17 	 3.6868e-18 	1.6147e-14 	   0 	   0 	1.1512e-14 	 1.381e-18 	 -9.9965e-19 	1.2955e-14 	   0 	   0 	1.0989e-14 	   0 	   0 	6.6622e-15 	 -1.0845e-20 	 5.6281e-21 	7.0259e-15 	 -1.594e-17 	 -3.4943e-17 	6.9068e-15 	   0 	   0 	6.0665e-15 	   0 	   0 	8.7638e-15 	   0 	   0 	4.144e-15 	   0 	   0 	2.9144e-15 	   0 	   0 	
9.140e+03 	4.1818e-13 	 8.9221e-15 	 -3.7754e-14 	2.3771e-13 	 1.9968e-14 	 -5.5585e-15 	1.5627e-13 	 1.9694e-15 	 -2.1236e-15 	1.5955e-13 	   0 	   0 	7.7028e-14 	 4.5938e-20 	 -1.4284e-20 	9.7275e-14 	 -9.3783e-21 	 -1.1727e-20 	5.934e-14 	 -5.3867e-16 	 -1.5129e-15 	6.519e-14 	 -2.133e-24 	 2.602e-24 	5.3278e-14 	 -1.1324e-16 	 6.9757e-17 	4.2659e-14 	   0 	   0 	4.0569e-14 	 1.4967e-17 	 8.1549e-16 	3.4376e-14 	 2.0607e-16 	 3.8234e-17 	3.5979e-14 	 -1.8822e-19 	 8.3479e-20 	2.2175e-14 	 8.7167e-23 	 -1.911e-22 	2.2256e-14 	   0 	   0 	2.1856e-14 	 2.2651e-16 	   0 	2.1144e-14 	   0 	   0 	1.6772e-14 	 -8.4227e-20 	 -9.025e-20 	1.3731e-14 	   0 	   0 	1.5845e-14 	 -2.8453e-20 	 3.3405e-20 	1.3345e-14 	   0 	   0 	9.3559e-15 	   0 	   0 	9.1465e-15 	   0 	   0 	6.0399e-15 	 9.5035e-18 	 1.0386e-16 	7.8642e-15 	 -6.9365e-17 	 -2.0578e-16 	8.0217e-15 	   0 	   0 	8.3801e-15 	   0 	   0 	6.461e-15 	   0 	   0 	5.0877e-15 	   0 	   0 	6.3878e-15 	   0 	   0 	
9.580e+03 	8.1073e-14 	 -1.7224e-18 	 1.0205e-18 	3.0052e-13 	 2.2131e-19 	 1.0303e-18 	1.5321e-13 	 -2.6725e-17 	 -2.7212e-17 	1.8712e-13 	 -3.0654e-15 	 -3.5525e-15 	8.845e-14 	 1.7902e-15 	 2.7591e-15 	9.1934e-14 	 5.7303e-19 	 1.1516e-20 	1.0267e-13 	 -1.7602e-18 	 5.4481e-18 	5.1483e-14 	   0 	   0 	4.3453e-14 	 1.1787e-16 	 -2.0624e-16 	4.1799e-14 	 1.9144e-16 	 -1.977e-16 	5.1704e-14 	   0 	   0 	4.0388e-14 	 9.6323e-18 	 -3.1929e-18 	2.7014e-14 	 -4.9911e-16 	 4.164e-16 	1.7069e-14 	 1.1249e-20 	 3.6251e-20 	2.2536e-14 	   0 	   0 	2.2399e-14 	 -1.1877e-16 	 -1.852e-16 	1.2325e-14 	 5.2342e-16 	 7.7231e-17 	2.0426e-14 	   0 	   0 	1.4489e-14 	   0 	   0 	1.7101e-14 	   0 	   0 	1.3334e-14 	 -2.4783e-18 	 3.0695e-18 	1.1599e-14 	 -9.0873e-19 	 8.2674e-19 	1.0959e-14 	   0 	   0 	1.1931e-14 	 -8.4958e-18 	 5.4596e-17 	8.6503e-15 	   0 	   0 	8.8313e-15 	   0 	   0 	6.091e-15 	 4.4294e-17 	 4.8185e-18 	8.9058e-15 	   0 	   0 	5.0084e-15 	   0 	   0 	4.9212e-15 	   0 	   0 	
1.002e+04 	2.7249e-13 	 2.0963e-14 	 3.7513e-14 	1.8142e-13 	 5.6609e-16 	 -1.8586e-15 	1.1352e-13 	 9.4715e-17 	 -6.7268e-15 	9.6019e-14 	 -1.8235e-15 	 -2.0331e-15 	1.0117e-13 	 -1.2845e-15 	 -8.4555e-16 	7.4975e-14 	 -1.8393e-15 	 3.1633e-16 	4.0254e-14 	 1.5916e-16 	 -4.8662e-18 	5.6359e-14 	 3.7222e-16 	 -1.0883e-15 	5.374e-14 	 1.5491e-16 	 2.5148e-17 	4.8306e-14 	 2.4483e-16 	 1.1528e-16 	3.3033e-14 	   0 	   0 	3.2418e-14 	 -1.5805e-16 	 -9.2435e-16 	3.1428e-14 	   0 	   0 	2.8344e-14 	 5.4283e-16 	 1.3145e-16 	2.6677e-14 	 1.8058e-16 	 -5.2148e-17 	2.4985e-14 	 4.1735e-17 	 -1.141e-21 	2.0381e-14 	   0 	   0 	2.5027e-14 	   0 	   0 	2.061e-14 	 2.0425e-18 	 9.4196e-18 	1.1944e-14 	   0 	   0 	1.2447e-14 	 3.0307e-16 	 9.6289e-17 	1.5423e-14 	   0 	   0 	8.8619e-15 	   0 	   0 	1.2732e-14 	 -5.7035e-17 	 8.2334e-17 	9.7551e-15 	   0 	   0 	7.8533e-15 	   0 	   0 	7.5287e-15 	   0 	   0 	7.2114e-15 	   0 	   0 	6.9139e-15 	 3.9659e-17 	 -6.5209e-17 	5.3323e-15 	   0 	   0 	
1.046e+04 	3.9396e-14 	 6.7859e-18 	 4.9177e-18 	8.6005e-14 	 1.4558e-15 	 -4.2658e-16 	1.4091e-13 	 -4.3364e-15 	 4.6614e-15 	1.4528e-13 	 4.5681e-20 	 -4.3677e-20 	1.118e-13 	 4.745e-20 	 1.6628e-19 	7.9727e-14 	 -1.878e-15 	 -1.3658e-15 	8.9133e-14 	 -7.2977e-16 	 1.1434e-15 	3.1966e-14 	 -3.1763e-20 	 9.127e-21 	4.4656e-14 	 -2.4026e-16 	 1.4333e-15 	3.3976e-14 	 -2.5804e-16 	 -2.749e-16 	3.7732e-14 	 1.3789e-17 	 4.0825e-16 	3.5557e-14 	 -1.1858e-16 	 -1.5005e-17 	3.0521e-14 	 -1.2853e-16 	 2.0079e-18 	2.8636e-14 	 1.5567e-17 	 6.5727e-18 	1.8949e-14 	 4.0047e-17 	 -1.2378e-19 	2.2265e-14 	   0 	   0 	2.1e-14 	 -8.8487e-19 	 1.7788e-18 	1.8613e-14 	 7.2298e-18 	 2.833e-17 	1.773e-14 	   0 	   0 	2.1766e-14 	   0 	   0 	1.1881e-14 	   0 	   0 	1.2467e-14 	 3.1078e-17 	 4.6885e-17 	1.5979e-14 	 -1.5522e-17 	 2.5254e-18 	1.1581e-14 	   0 	   0 	1.4411e-14 	   0 	   0 	1.1849e-14 	 5.4309e-18 	 -1.4614e-17 	5.7557e-15 	   0 	   0 	8.7223e-15 	   0 	   0 	8.1724e-15 	   0 	   0 	7.1085e-15 	   0 	   0 	
1.090e+04 	3.1757e-14 	 6.2351e-16 	 5.6418e-16 	1.5023e-13 	 1.5332e-16 	 2.8918e-16 	1.032e-13 	 -1.9678e-19 	 6.1211e-19 	1.5073e-13 	 5.2392e-15 	 2.932e-15 	1.0838e-13 	 -5.2159e-15 	 -8.5887e-16 	4.1338e-14 	   0 	   0 	6.6297e-14 	 2.741e-15 	 1.6607e-16 	5.6589e-14 	 1.6986e-20 	 9.7322e-21 	3.8078e-14 	   0 	   0 	3.242e-14 	   0 	   0 	2.3767e-14 	   0 	   0 	3.9161e-14 	 -4.0759e-17 	 -2.3318e-17 	3.3557e-14 	 3.05e-16 	 -1.5509e-16 	2.1549e-14 	   0 	   0 	2.96e-14 	 -2.3905e-16 	 1.5912e-17 	1.2983e-14 	 -6.1417e-17 	 3.5142e-16 	2.1304e-14 	 -1.3658e-18 	 -2.5925e-19 	2.2756e-14 	 -8.2126e-18 	 1.3307e-17 	2.0623e-14 	   0 	   0 	1.9762e-14 	 -5.2776e-17 	 -2.7646e-16 	1.8874e-14 	   0 	   0 	1.0986e-14 	   0 	   0 	1.3936e-14 	 1.9475e-16 	 1.6145e-17 	1.7916e-14 	 1.7895e-16 	 4.4745e-17 	1.2351e-14 	   0 	   0 	1.0404e-14 	 2.4384e-17 	 -4.5441e-17 	1.0068e-14 	   0 	   0 	7.9339e-15 	   0 	   0 	1.0704e-14 	   0 	   0 	6.3766e-15 	   0 	   0 	
1.134e+04 	1.7207e-14 	 1.2471e-17 	 8.877e-18 	1.779e-13 	 1.1582e-14 	 1.2989e-15 	6.8056e-14 	 -2.8886e-16 	 5.1379e-17 	8.8457e-14 	 1.3465e-20 	 -4.9036e-20 	7.7564e-14 	 -1.8562e-15 	 1.1452e-15 	7.357e-14 	 5.7432e-18 	 -8.7328e-18 	5.4942e-14 	 2.6355e-17 	 -6.1601e-16 	5.6654e-14 	 -1.2778e-15 	 -1.3547e-15 	4.3953e-14 	 4.296e-18 	   0 	2.7407e-14 	   0 	   0 	4.1413e-14 	 -6.406e-16 	 6.9755e-16 	2.881e-14 	   0 	   0 	2.8243e-14 	 2.4889e-16 	 3.8142e-16 	3.6393e-14 	 3.6018e-16 	 7.8906e-17 	2.4776e-14 	 -5.4069e-19 	 2.934e-20 	2.8125e-14 	 3.4459e-17 	   0 	1.9464e-14 	 1.9102e-17 	 3.4443e-17 	2.2979e-14 	 -2.2801e-16 	 -5.017e-16 	2.0281e-14 	 -7.6002e-17 	 2.5226e-17 	2.1343e-14 	 1.1422e-16 	 9.0999e-17 	2.0061e-14 	 7.806e-19 	 -1.0004e-18 	2.317e-14 	   0 	   0 	1.5131e-14 	 6.6283e-20 	 -4.9058e-19 	1.2784e-14 	 1.8983e-16 	 -1.0285e-17 	1.1121e-14 	   0 	   0 	1.2121e-14 	 1.9546e-16 	 1.6844e-16 	1.0643e-14 	 -4.3833e-17 	 -1.6045e-17 	1.2277e-14 	 -5.7851e-17 	 2.6136e-16 	1.0479e-14 	 1.0252e-17 	 -5.677e-18 	7.3694e-15 	   0 	   0 	
1.178e+04 	8.9043e-14 	 2.646e-14 	 1.3913e-14 	1.2119e-13 	 -7.5467e-15 	 1.0584e-14 	5.4805e-14 	 2.2601e-16 	 2.0183e-15 	9.6191e-14 	 3.2322e-19 	 -1.6155e-19 	9.047e-14 	   0 	   0 	4.9201e-14 	 -5.6191e-16 	 2.2945e-15 	6.0801e-14 	 -8.7911e-16 	 -1.5616e-15 	5.2387e-14 	 -6.6201e-17 	 4.7346e-16 	4.9015e-14 	 1.4262e-20 	 -1.0756e-20 	4.8573e-14 	 -9.9372e-17 	 -2.3261e-16 	3.146e-14 	 3.3703e-17 	 -3.7538e-17 	2.9292e-14 	   0 	   0 	4.1043e-14 	 3.8964e-16 	 -1.7249e-16 	3.1377e-14 	 1.028e-16 	 -4.0425e-18 	2.1053e-14 	 1.1168e-23 	 -3.5005e-23 	2.5077e-14 	 1.1697e-16 	 -7.5164e-17 	2.7854e-14 	   0 	   0 	2.1684e-14 	   0 	   0 	1.8553e-14 	   0 	   0 	1.4965e-14 	   0 	   0 	1.8835e-14 	 -9.5378e-17 	 1.6423e-16 	1.67e-14 	 1.6105e-16 	 7.6115e-17 	1.1963e-14 	   0 	   0 	1.4158e-14 	 1.4296e-16 	 -2.9257e-17 	1.2027e-14 	   0 	   0 	7.8017e-15 	 -7.7246e-18 	 1.1524e-17 	8.8212e-15 	   0 	   0 	7.7471e-15 	   0 	   0 	8.1293e-15 	   0 	   0 	9.7022e-15 	 4.0416e-18 	 2.7325e-17 	
1.222e+04 	1.6477e-13 	 2.965e-14 	 -3.1476e-15 	1.4331e-13 	 1.6479e-15 	 1.5884e-15 	1.1667e-13 	 -4.8708e-15 	 -5.5968e-15 	5.951e-14 	   0 	   0 	1.0079e-13 	 -2.0803e-15 	 8.9442e-16 	6.0626e-14 	   0 	   0 	6.7835e-14 	 1.853e-21 	 -1.7541e-21 	5.0134e-14 	 -5.4439e-16 	 -7.7693e-16 	6.2701e-14 	 1.5187e-16 	 -1.8712e-16 	3.7571e-14 	 6.9689e-16 	 -2.8963e-16 	4.5775e-14 	 -4.2203e-16 	 -9.962e-17 	2.813e-14 	 3.649e-16 	 -2.7507e-16 	3.3154e-14 	 -1.7057e-16 	 -2.0327e-17 	2.6669e-14 	 6.8333e-18 	   0 	1.9331e-14 	 -2.4732e-17 	 3.1867e-17 	2.4057e-14 	 1.1057e-18 	   0 	2.9593e-14 	 -1.9685e-17 	 7.4035e-17 	1.8534e-14 	   0 	   0 	2.0976e-14 	 2.0599e-18 	   0 	2.3737e-14 	 4.6099e-17 	 -2.523e-19 	2.4916e-14 	 2.1925e-16 	 -1.0922e-16 	1.8612e-14 	   0 	   0 	1.743e-14 	 -3.1548e-22 	 8.7695e-22 	1.5836e-14 	 1.8802e-16 	 -2.9288e-16 	1.4086e-14 	 1.278e-16 	 3.3743e-18 	1.5867e-14 	 1.6856e-16 	   0 	1.6364e-14 	   0 	   0 	1.2232e-14 	   0 	   0 	9.7512e-15 	 -2.1874e-16 	 5.4059e-17 	1.1313e-14 	 -6.4875e-17 	 2.2058e-16 	
1.266e+04 	1.2479e-13 	   0 	   0 	8.3048e-14 	 6.5557e-19 	 -1.47e-18 	9.5021e-14 	 -4.35e-15 	 4.6538e-15 	5.6755e-14 	 5.8979e-16 	 7.0169e-16 	1.0194e-13 	 1.0269e-15 	 3.5235e-16 	6.4047e-14 	 1.0547e-15 	 2.1246e-15 	5.284e-14 	 -4.508e-15 	 2.6954e-15 	4.4908e-14 	 9.0261e-18 	 4.4252e-17 	3.7911e-14 	 -7.2636e-20 	 -8.8378e-20 	3.114e-14 	 6.9228e-21 	 1.8329e-20 	2.7707e-14 	 -9.4291e-17 	 -3.2968e-17 	4.3513e-14 	 -3.6623e-17 	 1.9981e-16 	3.858e-14 	 7.8415e-17 	 1.1539e-17 	2.0917e-14 	 -2.455e-16 	 3.3017e-16 	2.3567e-14 	   0 	   0 	1.6447e-14 	 5.0148e-18 	   0 	2.5582e-14 	 -9.1622e-17 	 9.1194e-17 	3.13e-14 	 1.7483e-16 	 9.0361e-17 	2.0947e-14 	 2.1752e-16 	 2.1492e-16 	2.3569e-14 	 -2.1414e-16 	 1.653e-16 	1.8824e-14 	 -4.3241e-17 	 -8.8196e-17 	2.7425e-14 	   0 	   0 	1.3126e-14 	 5.2867e-17 	 1.6156e-16 	1.4855e-14 	 -7.7159e-19 	 6.7504e-19 	1.467e-14 	   0 	   0 	1.7254e-14 	 -4.0254e-16 	 3.0077e-16 	1.0643e-14 	 -1.1973e-16 	 7.0273e-17 	1.2021e-14 	   0 	   0 	7.5584e-15 	   0 	   0 	9.0597e-15 	   0 	   0 	
1.310e+04 	3.1395e-15 	 7.3952e-18 	 8.3496e-17 	1.4176e-13 	 6.215e-20 	 4.8197e-20 	5.9643e-14 	 -1.4442e-20 	 -1.011e-20 	1.3217e-13 	 1.1235e-17 	 -1.2413e-18 	4.4002e-14 	   0 	   0 	7.5315e-14 	 6.0839e-16 	 5.2633e-17 	4.0225e-14 	   0 	   0 	3.8822e-14 	 -9.4118e-16 	 3.4108e-16 	4.6623e-14 	 -6.6119e-16 	 -9.4566e-16 	3.7854e-14 	 3.74e-17 	 -1.2047e-18 	2.7446e-14 	 2.1055e-17 	 2.4049e-16 	2.9818e-14 	 -7.571e-17 	 3.8653e-17 	3.2382e-14 	 1.4303e-16 	 2.3166e-16 	2.505e-14 	   0 	   0 	2.384e-14 	   0 	   0 	2.5809e-14 	 1.967e-16 	 -1.8665e-18 	2.0374e-14 	 4.7189e-17 	 2.2108e-17 	2.1955e-14 	 4.765e-16 	 -2.8364e-18 	2.5401e-14 	 -1.7336e-18 	 4.5729e-19 	2.2782e-14 	 9.7661e-17 	 3.2782e-16 	1.8551e-14 	   0 	   0 	2.0529e-14 	   0 	   0 	1.5072e-14 	   0 	   0 	1.4824e-14 	   0 	   0 	1.402e-14 	 2.1627e-16 	 -1.286e-16 	1.6667e-14 	 1.3039e-18 	 -4.4538e-18 	7.8818e-15 	   0 	   0 	1.3772e-14 	   0 	   0 	1.2827e-14 	   0 	   0 	1.1043e-14 	   0 	   0 	
1.354e+04 	4.6408e-14 	 -6.6945e-16 	 5.1044e-17 	4.4025e-14 	 -8.9668e-15 	 -1.0392e-14 	5.7201e-14 	   0 	   0 	3.5111e-14 	 1.8912e-17 	 -3.1813e-17 	7.2964e-14 	 -3.1085e-16 	 4.0102e-17 	3.9894e-14 	   0 	   0 	4.9278e-14 	   0 	   0 	4.4616e-14 	 -7.0497e-17 	 -1.3681e-16 	3.7157e-14 	 -1.0368e-16 	 -4.233e-18 	3.5544e-14 	 7.1521e-16 	 -4.2603e-16 	3.1288e-14 	   0 	   0 	3.4026e-14 	 -1.5139e-16 	 2.358e-16 	4.0301e-14 	   0 	   0 	2.417e-14 	   0 	   0 	2.5673e-14 	   0 	   0 	2.3621e-14 	 -1.9951e-16 	 -3.2421e-16 	1.8261e-14 	 2.921e-16 	 -5.5881e-17 	2.151e-14 	 2.6848e-17 	 3.1401e-17 	2.5923e-14 	 3.5405e-16 	 -2.6523e-16 	2.6686e-14 	 -1.2745e-16 	 3.6802e-16 	2.1605e-14 	 7.8254e-18 	   0 	2.099e-14 	 -2.3849e-16 	 6.7804e-17 	1.6239e-14 	   0 	   0 	1.9409e-14 	 2.7231e-16 	 3.7722e-18 	1.819e-14 	   0 	   0 	1.3976e-14 	   0 	   0 	1.4131e-14 	 2.1465e-16 	   0 	1.051e-14 	   0 	   0 	1.2261e-14 	   0 	   0 	1.1368e-14 	   0 	   0 	
1.398e+04 	8.3187e-14 	   0 	   0 	2.099e-14 	   0 	   0 	6.638e-14 	   0 	   0 	6.6968e-14 	   0 	   0 	6.7502e-14 	 6.8565e-21 	 -1.6076e-20 	6.2786e-14 	 7.3875e-21 	 5.4082e-20 	4.9998e-14 	 2.1035e-21 	 3.8468e-21 	4.5313e-14 	 -1.7894e-16 	 1.0458e-16 	5.1807e-14 	 -7.5087e-16 	 -4.3695e-16 	3.4328e-14 	 1.496e-20 	 5.4779e-20 	3.0245e-14 	   0 	   0 	2.8896e-14 	 2.4025e-16 	 1.2312e-15 	3.3909e-14 	 -3.8385e-16 	 -6.823e-16 	2.7832e-14 	 3.0284e-18 	 2.8976e-17 	3.0295e-14 	 -3.5216e-16 	 -4.3429e-16 	2.2555e-14 	   0 	   0 	1.9306e-14 	 -8.0562e-17 	 1.6419e-17 	2.1066e-14 	   0 	   0 	1.8692e-14 	 -9.5013e-19 	 5.1842e-20 	2.1622e-14 	 7.8837e-17 	 -3.7619e-17 	2.2849e-14 	 -1.1884e-18 	 1.8267e-18 	1.8695e-14 	 -1.0402e-16 	 -1.0945e-17 	2.1684e-14 	   0 	   0 	1.9927e-14 	   0 	   0 	1.7766e-14 	   0 	   0 	1.619e-14 	   0 	   0 	1.6047e-14 	   0 	   0 	1.399e-14 	   0 	   0 	1.142e-14 	   0 	   0 	1.2807e-14 	   0 	   0 	
1.442e+04 	7.813e-14 	 2.3938e-18 	 7.8095e-18 	8.7157e-14 	   0 	   0 	7.4365e-14 	   0 	   0 	5.4599e-14 	   0 	   0 	5.1657e-14 	 -5.0128e-16 	 2.4692e-16 	5.3812e-14 	 -7.8662e-18 	 5.1505e-16 	3.2409e-14 	 6.9273e-17 	 7.2332e-19 	4.2665e-14 	 -4.8571e-18 	 7.9503e-19 	4.656e-14 	 1.5568e-16 	 1.373e-16 	3.4605e-14 	 1.7899e-20 	 -1.5403e-20 	3.852e-14 	 -1.5341e-19 	 -8.8388e-20 	3.5048e-14 	   0 	   0 	3.187e-14 	 2.2923e-16 	 4.3398e-16 	3.3973e-14 	 -3.0197e-17 	 -1.1448e-17 	2.5222e-14 	   0 	   0 	3.1685e-14 	 8.5157e-17 	 -5.5375e-17 	2.0353e-14 	   0 	   0 	2.5252e-14 	   0 	   0 	2.4476e-14 	 -1.0496e-18 	 5.0926e-19 	2.2617e-14 	 -6.4436e-18 	 -2.547e-18 	1.9761e-14 	   0 	   0 	2.2274e-14 	   0 	   0 	1.9303e-14 	   0 	   0 	1.737e-14 	 -1.371e-16 	 -2.607e-17 	1.874e-14 	 7.6944e-17 	 -7.473e-17 	1.5135e-14 	 2.2341e-16 	 6.7834e-17 	1.3839e-14 	 4.2544e-18 	   0 	1.3997e-14 	   0 	   0 	1.4444e-14 	   0 	   0 	1.0012e-14 	   0 	   0 	
1.486e+04 	4.1489e-18 	 -1.9258e-19 	 -1.8659e-18 	9.0571e-14 	 7.5416e-15 	 4.8917e-15 	7.1746e-14 	 -4.8403e-15 	 2.0991e-16 	3.63e-14 	 -6.2545e-19 	 -2.2893e-18 	4.1083e-14 	 1.2037e-17 	 1.128e-17 	3.9563e-14 	   0 	   0 	5.3103e-14 	 -1.4403e-16 	 4.5865e-17 	3.7309e-14 	 -2.7471e-20 	 -5.8574e-20 	3.7172e-14 	   0 	   0 	3.8595e-14 	 6.2229e-20 	 -3.2672e-20 	3.1523e-14 	   0 	   0 	2.7888e-14 	 -2.312e-16 	 -7.0599e-16 	2.5069e-14 	 7.6289e-17 	 6.8936e-16 	1.6089e-14 	 -5.3367e-17 	 -3.1648e-17 	2.5726e-14 	 -2.8888e-16 	 -4.66e-19 	2.7835e-14 	 5.3127e-19 	 6.8913e-19 	2.1453e-14 	   0 	   0 	1.625e-14 	   0 	   0 	2.5885e-14 	   0 	   0 	1.9297e-14 	 -1.9527e-16 	 3.4958e-16 	1.7237e-14 	 -7.002e-19 	 -4.7192e-19 	1.7575e-14 	 1.9536e-17 	 1.0552e-17 	1.1721e-14 	 2.5912e-16 	   0 	2.2093e-14 	 -1.8454e-16 	 -3.0876e-16 	1.3552e-14 	   0 	   0 	1.3913e-14 	   0 	   0 	1.251e-14 	   0 	   0 	1.6065e-14 	   0 	   0 	1.2307e-14 	 -5.1217e-19 	 3.6916e-18 	1.0202e-14 	   0 	   0 	
1.530e+04 	6.1207e-14 	   0 	   0 	1.2856e-14 	   0 	   0 	7.9928e-14 	   0 	   0 	6.7446e-14 	 1.9225e-15 	 1.3429e-15 	3.7877e-14 	 4.1112e-21 	 2.2065e-20 	3.2911e-14 	   0 	   0 	3.6014e-14 	 1.2663e-16 	 4.758e-17 	2.3484e-14 	   0 	   0 	3.5468e-14 	 5.4331e-16 	   0 	3.2483e-14 	 3.4404e-16 	 2.5244e-16 	2.528e-14 	 1.122e-15 	 -5.2654e-16 	2.7602e-14 	 -7.3608e-16 	 3.7632e-16 	2.4041e-14 	 -2.6856e-16 	 3.5227e-16 	2.9927e-14 	   0 	   0 	2.4391e-14 	 2.3374e-19 	   0 	2.2384e-14 	   0 	   0 	3.0511e-14 	   0 	   0 	2.165e-14 	 -1.7373e-16 	 -2.68e-16 	2.5562e-14 	 -2.9341e-17 	 -3.9513e-17 	1.6805e-14 	 3.2316e-17 	   0 	2.0193e-14 	 2.6054e-16 	 2.0081e-19 	1.7467e-14 	   0 	   0 	1.3832e-14 	 -1.0824e-16 	 1.5176e-16 	2.5432e-14 	   0 	   0 	1.5585e-14 	 -5.4183e-19 	 -3.2076e-21 	1.7933e-14 	   0 	   0 	1.7254e-14 	 -6.7264e-17 	 5.1632e-17 	1.6025e-14 	 3.4724e-17 	 -9.3438e-18 	1.347e-14 	   0 	   0 	1.2976e-14 	   0 	   0 	
1.574e+04 	5.6852e-14 	 -1.3496e-15 	 -1.2869e-15 	1.1413e-14 	 -7.5777e-18 	 1.7664e-17 	3.8301e-14 	   0 	   0 	3.7056e-14 	   0 	   0 	4.3251e-14 	 6.6754e-16 	 -1.1666e-15 	5.3772e-14 	   0 	   0 	3.5901e-14 	 5.4897e-16 	 1.0342e-15 	3.6594e-14 	   0 	   0 	2.8438e-14 	   0 	   0 	3.4758e-14 	 -8.3863e-16 	 -8.0642e-16 	2.2461e-14 	   0 	   0 	2.2478e-14 	   0 	   0 	3.0139e-14 	 -5.0353e-17 	 3.4786e-17 	2.2535e-14 	   0 	   0 	2.7639e-14 	   0 	   0 	1.926e-14 	 -6.8257e-18 	 -4.3048e-17 	2.7016e-14 	 -4.7973e-21 	 -4.3438e-21 	1.434e-14 	 2.153e-18 	   0 	1.9773e-14 	 -8.698e-18 	 -3.9541e-18 	2.0777e-14 	   0 	   0 	1.9783e-14 	 -1.05e-16 	 3.6187e-18 	2.3539e-14 	 -1.6301e-16 	 -1.1862e-17 	1.8039e-14 	   0 	   0 	1.5395e-14 	   0 	   0 	1.8714e-14 	 -3.3761e-18 	 6.5668e-18 	1.6136e-14 	   0 	   0 	1.4316e-14 	 4.8235e-18 	 -2.2855e-17 	1.3946e-14 	 8.2896e-17 	   0 	1.4772e-14 	   0 	   0 	1.0584e-14 	   0 	   0 	
1.618e+04 	2.8111e-15 	   0 	   0 	5.9863e-14 	 4.114e-15 	 -7.6956e-16 	5.7038e-14 	 -2.7151e-15 	 -6.8122e-15 	4.5571e-14 	 -4.3724e-17 	 1.1013e-16 	2.8051e-14 	   0 	   0 	3.0313e-14 	   0 	   0 	2.5349e-14 	 1.1776e-15 	 -1.5433e-15 	5.0159e-14 	 5.249e-16 	 -9.3182e-16 	1.353e-14 	 5.7292e-19 	 -6.2967e-17 	3.0454e-14 	 -4.3578e-16 	 1.0851e-15 	1.9945e-14 	 3.1777e-16 	 -2.3747e-16 	2.9847e-14 	 8.9861e-20 	 -1.488e-19 	1.8908e-14 	 1.8782e-16 	 9.692e-17 	1.6965e-14 	   0 	   0 	2.3252e-14 	 2.1617e-17 	 -1.2204e-17 	2.3434e-14 	 -2.648e-18 	 -1.1874e-17 	1.9953e-14 	 8.38e-17 	 -1.7151e-16 	2.1612e-14 	 -9.2085e-17 	 -6.2384e-17 	2.331e-14 	 1.8203e-17 	   0 	2.033e-14 	   0 	   0 	1.5463e-14 	 -2.55e-18 	 1.5323e-17 	2.1769e-14 	 2.0855e-18 	 8.1683e-19 	1.9576e-14 	 -2.5147e-17 	 2.9449e-17 	1.5469e-14 	   0 	   0 	1.9163e-14 	 1.08e-16 	 -1.0531e-16 	1.5208e-14 	 -1.1559e-16 	 -2.6592e-16 	1.3843e-14 	   0 	   0 	1.6961e-14 	   0 	   0 	1.0743e-14 	   0 	   0 	1.2715e-14 	   0 	   0 	
1.662e+04 	6.4857e-14 	   0 	   0 	1.061e-13 	 3.9495e-17 	 -1.5755e-16 	3.3338e-14 	 -2.5231e-15 	 2.3524e-15 	2.2557e-14 	   0 	   0 	1.715e-14 	   0 	   0 	1.9394e-14 	 -7.5171e-20 	 5.6027e-20 	4.4205e-14 	 2.2411e-15 	 -1.3934e-15 	3.3366e-14 	 2.2288e-20 	 1.0772e-20 	3.1404e-14 	 2.015e-16 	   0 	2.0127e-14 	   0 	   0 	1.9985e-14 	 1.2787e-18 	 8.053e-18 	2.7657e-14 	 -1.0476e-16 	 -4.7935e-17 	3.1494e-14 	 7.3201e-17 	 3.933e-16 	2.5414e-14 	 -4.0731e-21 	 7.4596e-21 	2.4973e-14 	   0 	   0 	2.3746e-14 	 -2.773e-16 	 4.274e-16 	3.0846e-14 	 -1.3551e-16 	 1.26e-17 	2.4338e-14 	   0 	   0 	1.4261e-14 	 8.3373e-20 	 1.3125e-19 	1.9356e-14 	 6.7436e-17 	 -1.866e-17 	2.1626e-14 	 1.6077e-16 	 -1.3254e-19 	1.572e-14 	   0 	   0 	1.3895e-14 	   0 	   0 	1.8068e-14 	   0 	   0 	1.5079e-14 	   0 	   0 	1.8731e-14 	   0 	   0 	1.4962e-14 	 -5.1778e-18 	 -6.0526e-20 	1.7379e-14 	   0 	   0 	1.5454e-14 	   0 	   0 	1.0091e-14 	   0 	   0 	
1.706e+04 	5.923e-14 	   0 	   0 	3.242e-14 	   0 	   0 	3.8022e-14 	 -6.1355e-15 	 5.1274e-16 	3.8459e-14 	   0 	   0 	4.9869e-14 	 3.6921e-16 	 1.0655e-15 	4.2161e-14 	 1.6597e-18 	 -1.0515e-18 	3.7277e-14 	 1.1205e-15 	 -8.5471e-16 	3.1156e-14 	 -2.553e-17 	 4.0604e-17 	2.723e-14 	 6.4206e-17 	 -6.0387e-17 	3.484e-14 	 -4.6765e-17 	 -1.3818e-16 	3.9544e-14 	   0 	   0 	3.0125e-14 	 -4.0856e-16 	 5.3632e-16 	2.5085e-14 	 4.5415e-16 	 -2.6078e-16 	2.3185e-14 	   0 	   0 	2.6372e-14 	   0 	   0 	2.6329e-14 	 1.4545e-16 	 1.4929e-16 	2.267e-14 	 5.9864e-17 	 -3.0676e-17 	1.7252e-14 	 4.7244e-18 	 5.3965e-19 	1.6897e-14 	 -4.0437e-19 	 6.3986e-19 	2.1153e-14 	 -2.0942e-17 	 -9.9395e-17 	2.3003e-14 	 3.657e-18 	 -2.6114e-18 	1.5821e-14 	 -1.3228e-17 	 2.4943e-18 	1.4847e-14 	   0 	   0 	1.5065e-14 	 -6.2823e-17 	 -8.7323e-17 	1.8342e-14 	   0 	   0 	1.3526e-14 	   0 	   0 	1.4536e-14 	   0 	   0 	1.0406e-14 	   0 	   0 	1.214e-14 	   0 	   0 	1.2869e-14 	 -5.9936e-17 	 -1.6839e-16 	
1.750e+04 	  0 	   0 	   0 	4.4013e-14 	   0 	   0 	3.7864e-14 	 2.6699e-15 	 -2.689e-15 	5.4977e-14 	 -1.0534e-15 	 2.6601e-15 	6.458e-14 	 1.0571e-15 	 1.9484e-15 	2.6445e-14 	 -7.2324e-18 	 5.2939e-18 	4.6362e-14 	 1.5511e-15 	 5.6268e-16 	2.4047e-14 	 -7.5684e-23 	 -1.4394e-22 	2.7905e-14 	   0 	   0 	3.3746e-14 	 9.6894e-22 	 1.4729e-20 	1.7293e-14 	 1.7283e-20 	 6.6901e-20 	2.908e-14 	   0 	   0 	1.8414e-14 	 1.4875e-17 	 1.3079e-17 	2.5898e-14 	 7.0183e-20 	 -1.9013e-19 	3.3374e-14 	 2.3783e-16 	 3.5456e-16 	2.4928e-14 	 8.3709e-19 	   0 	2.075e-14 	 1.6169e-18 	 -1.3886e-18 	2.1758e-14 	 -1.237e-18 	 3.964e-18 	2.1536e-14 	 3.1279e-18 	 -2.669e-18 	1.9048e-14 	 -7.3851e-17 	 2.5629e-17 	1.839e-14 	   0 	   0 	2.1482e-14 	 1.1767e-17 	 7.4104e-19 	2.0476e-14 	 7.8481e-23 	 -1.2178e-20 	1.5971e-14 	 1.2862e-18 	 -7.7411e-18 	1.6566e-14 	   0 	   0 	1.4835e-14 	 3.7187e-16 	 2.4237e-16 	1.3388e-14 	   0 	   0 	1.6473e-14 	   0 	   0 	1.1253e-14 	   0 	   0 	1.4116e-14 	 7.0632e-18 	 -1.9647e-17 	
1.794e+04 	  0 	   0 	   0 	2.5119e-14 	   0 	   0 	3.7703e-14 	 -1.7677e-15 	 2.3851e-15 	2.4047e-14 	   0 	   0 	4.2196e-14 	   0 	   0 	2.9381e-14 	 -5.3024e-20 	 3.6769e-20 	2.5701e-14 	   0 	   0 	2.4008e-14 	 1.0761e-16 	 -1.1055e-15 	3.0153e-14 	 1.306e-15 	 2.151e-16 	2.0812e-14 	 1.1402e-18 	 4.8077e-16 	2.1061e-14 	   0 	   0 	2.2904e-14 	   0 	   0 	2.6457e-14 	   0 	   0 	2.4723e-14 	 -3.6657e-16 	 5.0821e-16 	1.3924e-14 	   0 	   0 	1.7588e-14 	 8.6383e-18 	 6.2551e-17 	1.949e-14 	 1.1542e-17 	 -2.6527e-16 	1.6293e-14 	 -1.1539e-21 	 5.5855e-21 	2.607e-14 	   0 	   0 	1.4456e-14 	 4.9518e-17 	 1.3559e-17 	2.398e-14 	 -2.6052e-16 	 -1.6399e-17 	1.6782e-14 	 -5.9137e-18 	 -1.7846e-18 	2.0526e-14 	 5.2288e-18 	 -2.6319e-18 	1.8283e-14 	   0 	   0 	1.3746e-14 	 -8.6575e-17 	 2.1187e-16 	1.8789e-14 	   0 	   0 	1.7121e-14 	 -1.1897e-21 	 -9.6876e-21 	1.7735e-14 	   0 	   0 	1.1632e-14 	 2.6022e-16 	   0 	1.431e-14 	   0 	   0 	
1.838e+04 	7.9983e-14 	   0 	   0 	2.9672e-14 	   0 	   0 	3.9362e-14 	   0 	   0 	2.4304e-14 	 6.0716e-17 	 1.9342e-16 	2.6839e-14 	   0 	   0 	9.8448e-15 	   0 	   0 	1.7002e-14 	   0 	   0 	3.0806e-14 	   0 	   0 	1.5807e-14 	   0 	   0 	2.0729e-14 	 -1.2203e-15 	 1.1073e-15 	2.7143e-14 	 3.4724e-20 	 -4.9024e-20 	1.6526e-14 	 3.7048e-17 	 -4.8115e-17 	1.8854e-14 	 1.3896e-19 	   0 	2.5957e-14 	   0 	   0 	2.0062e-14 	   0 	   0 	1.6618e-14 	   0 	   0 	1.9192e-14 	   0 	   0 	1.5944e-14 	   0 	   0 	1.5786e-14 	 3.761e-19 	 -3.4307e-19 	2.1577e-14 	 3.9524e-16 	 7.346e-16 	2.1971e-14 	   0 	   0 	1.8131e-14 	   0 	   0 	1.8077e-14 	   0 	   0 	2.0053e-14 	   0 	   0 	1.5793e-14 	 -5.6686e-17 	 -3.5457e-16 	1.4903e-14 	   0 	   0 	1.3738e-14 	   0 	   0 	1.1308e-14 	   0 	   0 	1.4758e-14 	   0 	   0 	1.0467e-14 	   0 	   0 	
1.882e+04 	5.7202e-15 	 -3.8204e-16 	 -1.6293e-15 	1.1188e-13 	 5.843e-15 	 6.0795e-15 	1.9448e-14 	   0 	   0 	1.668e-14 	   0 	   0 	2.5441e-14 	 -6.3558e-16 	 3.3564e-15 	3.7211e-14 	   0 	   0 	2.8008e-14 	   0 	   0 	3.6464e-14 	 -3.215e-17 	 -6.2858e-18 	2.7703e-14 	   0 	   0 	3.2373e-14 	 1.1969e-16 	   0 	2.3368e-14 	 3.5768e-17 	 9.7785e-18 	1.9729e-14 	 -1.2067e-16 	 1.1629e-16 	1.644e-14 	   0 	   0 	1.7094e-14 	 5.39e-24 	 5.1592e-24 	3.0125e-14 	   0 	   0 	1.82e-14 	 -1.0089e-17 	 9.534e-19 	2.011e-14 	   0 	   0 	1.8041e-14 	 1.5611e-18 	 3.129e-18 	1.6296e-14 	   0 	   0 	2.2516e-14 	 4.3528e-17 	 -3.0969e-16 	2.1221e-14 	 2.311e-16 	 -1.2694e-16 	1.6695e-14 	   0 	   0 	1.3124e-14 	   0 	   0 	1.5748e-14 	 -1.429e-16 	 1.0683e-16 	1.3906e-14 	   0 	   0 	1.9682e-14 	   0 	   0 	1.2188e-14 	   0 	   0 	1.5972e-14 	 -7.6755e-17 	 -1.341e-16 	1.4651e-14 	   0 	   0 	1.0902e-14 	 1.0786e-17 	 2.6926e-17 	
1.926e+04 	2.0802e-16 	   0 	   0 	1.9736e-14 	   0 	   0 	1.4301e-14 	   0 	   0 	4.4141e-14 	   0 	   0 	2.2296e-14 	   0 	   0 	2.567e-14 	   0 	   0 	2.9206e-14 	 -3.9432e-16 	 4.4688e-18 	3.0337e-14 	 1.207e-16 	 7.4598e-17 	2.2105e-14 	 -7.1885e-17 	 3.3816e-17 	2.1946e-14 	 3.1869e-17 	 2.9675e-16 	1.2047e-14 	   0 	   0 	2.3233e-14 	 1.4043e-16 	 -1.807e-16 	1.9983e-14 	 1.0849e-17 	 -7.854e-18 	1.8996e-14 	 -2.0912e-19 	 -4.4274e-19 	1.826e-14 	   0 	   0 	1.5706e-14 	   0 	   0 	2.2447e-14 	 1.0634e-17 	 -1.4233e-17 	2.0139e-14 	 3.3601e-17 	 1.4523e-16 	1.9366e-14 	 -4.7291e-16 	 6.5535e-17 	1.6265e-14 	 -8.8761e-17 	 4.3383e-19 	1.7793e-14 	 -4.9661e-18 	 6.7681e-18 	1.461e-14 	   0 	   0 	1.7526e-14 	   0 	   0 	1.4367e-14 	 -4.3044e-20 	 -9.0192e-21 	1.6499e-14 	   0 	   0 	1.5157e-14 	   0 	   0 	1.5268e-14 	 -2.9925e-18 	 3.2971e-18 	1.7002e-14 	   0 	   0 	1.2458e-14 	 -1.0381e-21 	 3.5148e-21 	9.8348e-15 	   0 	   0 	
1.970e+04 	2.572e-14 	   0 	   0 	2.9492e-14 	   0 	   0 	1.3165e-14 	   0 	   0 	2.1416e-14 	   0 	   0 	5.5669e-14 	   0 	   0 	2.4908e-14 	   0 	   0 	1.9305e-14 	 -1.0397e-18 	 1.2336e-18 	3.3946e-14 	 -7.4975e-16 	 -5.6055e-16 	2.3287e-14 	   0 	   0 	2.5603e-14 	 -7.9934e-16 	 5.5097e-16 	1.4512e-14 	   0 	   0 	1.9331e-14 	 -1.1416e-16 	 1.4573e-16 	1.8674e-14 	 3.0995e-19 	   0 	1.2099e-14 	   0 	   0 	2.2035e-14 	   0 	   0 	1.9731e-14 	 1.3088e-16 	 7.8087e-16 	1.7004e-14 	 4.8259e-17 	 -1.5499e-17 	1.7817e-14 	   0 	   0 	1.5424e-14 	 -6.407e-17 	 5.0982e-17 	1.8061e-14 	 -2.2677e-17 	 1.3396e-17 	2.122e-14 	 -1.8589e-16 	 9.2111e-17 	1.6413e-14 	 1.0359e-17 	 -1.9236e-17 	1.7291e-14 	 -1.2341e-16 	 2.2559e-16 	1.8233e-14 	 -4.9027e-18 	 1.891e-18 	1.3916e-14 	 -1.4997e-17 	 -2.0694e-16 	1.6559e-14 	   0 	   0 	1.3674e-14 	 1.9644e-16 	 -1.3233e-17 	1.1594e-14 	   0 	   0 	1.4388e-14 	   0 	   0 	1.0321e-14 	   0 	   0 	
2.014e+04 	  0 	   0 	   0 	4.1185e-14 	 2.1734e-19 	 -6.822e-20 	1.7127e-14 	   0 	   0 	2.2128e-14 	   0 	   0 	2.0524e-14 	   0 	   0 	2.4368e-14 	   0 	   0 	2.0816e-14 	   0 	   0 	2.1654e-14 	 4.5739e-17 	 2.6237e-17 	2.6128e-14 	   0 	   0 	1.5891e-14 	   0 	   0 	1.6475e-14 	   0 	   0 	1.946e-14 	 -1.0243e-16 	 3.2738e-17 	1.2775e-14 	 -9.289e-17 	 3.1629e-17 	1.115e-14 	 1.3252e-16 	 7.5227e-17 	1.8237e-14 	   0 	   0 	1.8938e-14 	   0 	   0 	2.3827e-14 	   0 	   0 	1.8879e-14 	   0 	   0 	2.3613e-14 	 6.7243e-17 	 -2.5818e-17 	1.7748e-14 	 -2.3506e-16 	 -2.9165e-16 	1.6451e-14 	   0 	   0 	1.7685e-14 	 3.2176e-16 	 4.2654e-17 	1.6184e-14 	   0 	   0 	1.4767e-14 	   0 	   0 	1.2653e-14 	 3.4981e-18 	 -2.2773e-20 	1.499e-14 	 -1.3789e-17 	 2.5664e-16 	1.43e-14 	   0 	   0 	8.7802e-15 	 2.5664e-17 	 -2.6295e-17 	1.0344e-14 	   0 	   0 	1.2145e-14 	   0 	   0 	
2.058e+04 	6.5482e-14 	   0 	   0 	4.8666e-14 	 -4.8266e-15 	 -7.9903e-15 	3.5261e-14 	   0 	   0 	2.9841e-14 	 2.8987e-18 	 -1.4258e-18 	1.4591e-14 	 1.9127e-15 	 5.6787e-16 	2.8617e-14 	 1.4551e-15 	 -5.5235e-15 	3.7087e-14 	   0 	   0 	1.0496e-14 	 5.1806e-18 	   0 	1.7756e-14 	 9.6682e-21 	 -1.5198e-21 	1.9206e-14 	   0 	   0 	1.5284e-14 	   0 	   0 	2.4824e-14 	   0 	   0 	2.0589e-14 	 1.9454e-16 	 2.8384e-17 	1.5467e-14 	   0 	   0 	1.4926e-14 	 1.8397e-17 	 -7.0669e-20 	1.6998e-14 	   0 	   0 	1.8033e-14 	 -9.7243e-19 	 -6.5146e-20 	1.857e-14 	   0 	   0 	1.7373e-14 	   0 	   0 	1.7503e-14 	   0 	   0 	1.3632e-14 	   0 	   0 	2.3723e-14 	 5.4633e-17 	 2.5882e-17 	1.4377e-14 	   0 	   0 	1.7297e-14 	   0 	   0 	1.3395e-14 	 -1.2945e-20 	 -5.5487e-21 	1.3583e-14 	   0 	   0 	1.3572e-14 	   0 	   0 	1.4699e-14 	   0 	   0 	1.2237e-14 	   0 	   0 	9.9763e-15 	 -5.2296e-17 	 -9.0955e-17 	
2.102e+04 	5.253e-14 	   0 	   0 	6.6657e-14 	   0 	   0 	7.942e-15 	 2.784e-19 	 -1.5422e-19 	1.1947e-14 	   0 	   0 	2.5326e-14 	   0 	   0 	2.2183e-14 	   0 	   0 	3.3673e-14 	   0 	   0 	1.6761e-14 	 8.7651e-16 	 3.7385e-16 	2.0177e-14 	   0 	   0 	1.7134e-14 	   0 	   0 	2.7058e-14 	 1.3434e-16 	 3.2631e-17 	1.6598e-14 	   0 	   0 	1.8433e-14 	 -4.4271e-18 	 -1.4402e-17 	1.0067e-14 	 -7.9496e-17 	 -3.3241e-16 	1.4858e-14 	 6.3821e-20 	 -2.0617e-19 	1.2149e-14 	   0 	   0 	1.6155e-14 	   0 	   0 	1.8105e-14 	   0 	   0 	1.2965e-14 	   0 	   0 	1.2523e-14 	 -1.0047e-16 	 9.2119e-17 	1.6342e-14 	 -9.0406e-18 	 -4.1176e-18 	1.357e-14 	 4.5336e-18 	 -3.4756e-18 	1.1146e-14 	   0 	   0 	1.7043e-14 	 1.062e-18 	 7.2023e-18 	1.1653e-14 	 -2.6533e-16 	 -1.3148e-17 	1.3137e-14 	   0 	   0 	1.0808e-14 	 -2.0479e-18 	 1.6327e-18 	1.6457e-14 	   0 	   0 	1.1395e-14 	   0 	   0 	1.0117e-14 	   0 	   0 	
2.146e+04 	5.5345e-14 	 2.2642e-14 	 -4.0226e-15 	6.0694e-14 	   0 	   0 	1.7252e-14 	   0 	   0 	2.2597e-14 	   0 	   0 	1.2248e-14 	 2.8722e-16 	 1.7069e-16 	2.2559e-14 	   0 	   0 	1.4073e-14 	   0 	   0 	2.0363e-14 	   0 	   0 	2.4211e-15 	   0 	   0 	1.1565e-14 	 3.9445e-23 	 2.7905e-22 	1.768e-14 	 -8.3864e-17 	 -6.7053e-16 	2.1714e-14 	   0 	   0 	1.6383e-14 	 1.3412e-16 	 2.9215e-16 	1.0446e-14 	   0 	   0 	1.5895e-14 	 -1.5965e-17 	 2.2558e-17 	1.8735e-14 	 8.9185e-17 	 1.4161e-16 	1.5283e-14 	 4.8928e-18 	 -1.1048e-17 	1.3606e-14 	   0 	   0 	1.2226e-14 	   0 	   0 	1.5351e-14 	 -5.9422e-17 	 -5.9461e-18 	1.9471e-14 	 1.1388e-16 	 7.4853e-17 	1.6946e-14 	 5.3911e-17 	 7.2034e-18 	2.0056e-14 	 -5.3186e-17 	 5.7174e-17 	1.3838e-14 	   0 	   0 	1.5805e-14 	   0 	   0 	1.3197e-14 	   0 	   0 	1.3095e-14 	 -3.109e-17 	 -1.2943e-16 	1.2603e-14 	 -4.7401e-18 	 -6.071e-18 	1.1027e-14 	   0 	   0 	8.6741e-15 	 2.0012e-17 	 1.6287e-17 	
2.190e+04 	2.5487e-18 	   0 	   0 	5.9521e-15 	 1.7314e-15 	 5.1456e-15 	2.7705e-14 	   0 	   0 	1.3659e-14 	   0 	   0 	1.8011e-14 	 -1.3612e-15 	 3.6662e-17 	2.9936e-14 	   0 	   0 	2.7034e-14 	 4.4576e-16 	 -5.2839e-16 	1.788e-14 	 3.8227e-16 	 5.4853e-17 	1.5449e-14 	   0 	   0 	9.5709e-15 	 4.7855e-20 	   0 	1.1399e-14 	   0 	   0 	1.8017e-14 	 -5.1166e-16 	 -9.3031e-17 	1.5537e-14 	   0 	   0 	1.7285e-14 	 -1.2757e-16 	 1.3079e-16 	1.4723e-14 	   0 	   0 	1.4872e-14 	   0 	   0 	1.8609e-14 	   0 	   0 	2.0079e-14 	   0 	   0 	1.73e-14 	   0 	   0 	2.5745e-14 	 1.3318e-16 	 3.5217e-17 	1.1557e-14 	 4.2576e-17 	 -2.8414e-16 	1.3104e-14 	 -1.4256e-16 	 1.05e-16 	1.5309e-14 	   0 	   0 	1.2536e-14 	 1.345e-16 	 -1.691e-18 	1.3464e-14 	   0 	   0 	1.1605e-14 	 4.4844e-17 	 5.2595e-18 	1.1383e-14 	 1.7306e-17 	 6.5327e-17 	1.0375e-14 	   0 	   0 	1.4258e-14 	 -8.7633e-22 	 -1.5459e-22 	9.9837e-15 	   0 	   0 	
2.234e+04 	3.5701e-18 	 -1.9162e-18 	 3.9205e-19 	3.1501e-15 	   0 	   0 	1.2677e-14 	   0 	   0 	9.7951e-15 	   0 	   0 	8.549e-15 	   0 	   0 	2.01e-14 	   0 	   0 	6.3152e-15 	   0 	   0 	3.0869e-15 	 1.4324e-18 	 2.2622e-18 	1.9998e-14 	 -7.1475e-16 	 -1.342e-15 	2.3464e-14 	   0 	   0 	1.2264e-14 	 3.8304e-16 	 -1.3455e-16 	1.514e-14 	 -8.0484e-16 	 5.1753e-17 	1.6184e-14 	 3.1162e-17 	 5.5946e-18 	1.6277e-14 	 7.3653e-17 	 -4.8847e-16 	1.6084e-14 	 -6.5147e-17 	 -1.9891e-16 	2.1821e-14 	   0 	   0 	1.5035e-14 	   0 	   0 	1.3614e-14 	 4.0058e-18 	 -2.9213e-24 	1.367e-14 	 -3.6327e-17 	 -2.4286e-16 	1.649e-14 	   0 	   0 	1.6942e-14 	   0 	   0 	1.6096e-14 	   0 	   0 	6.5568e-15 	   0 	   0 	1.0065e-14 	   0 	   0 	8.4011e-15 	   0 	   0 	1.2618e-14 	   0 	   0 	1.3585e-14 	 6.7623e-18 	 -3.2517e-18 	1.2761e-14 	   0 	   0 	1.092e-14 	   0 	   0 	1.0353e-14 	   0 	   0 	
2.278e+04 	  0 	   0 	   0 	2.0071e-14 	 2.9292e-19 	 -2.2683e-19 	1.1601e-14 	   0 	   0 	1.9327e-14 	   0 	   0 	7.4489e-15 	   0 	   0 	2.3206e-14 	   0 	   0 	2.3817e-14 	   0 	   0 	1.4868e-14 	 4.6414e-16 	 -1.3794e-15 	2.5266e-14 	 -1.3565e-20 	 -3.6963e-19 	1.3917e-14 	 -1.533e-16 	 -2.4433e-16 	1.0422e-14 	 1.6297e-16 	 -1.1416e-17 	1.4727e-14 	   0 	   0 	1.6902e-14 	   0 	   0 	1.0172e-14 	 -2.0982e-20 	 3.2054e-19 	1.7873e-14 	 -1.606e-19 	 -2.6213e-20 	1.6056e-14 	   0 	   0 	1.3012e-14 	 2.2659e-17 	 2.1969e-16 	1.7761e-14 	   0 	   0 	1.3264e-14 	 -2.8259e-16 	 1.57e-16 	1.5383e-14 	 2.6112e-17 	 1.4482e-16 	1.5051e-14 	 -7.0512e-17 	 7.1889e-17 	1.1172e-14 	   0 	   0 	1.8739e-14 	   0 	   0 	1.6004e-14 	 -4.1812e-18 	 1.185e-18 	1.3191e-14 	   0 	   0 	1.0799e-14 	   0 	   0 	8.6208e-15 	   0 	   0 	1.2177e-14 	   0 	   0 	1.0903e-14 	   0 	   0 	1.2524e-14 	 -2.7928e-17 	 -2.7711e-17 	
