1 
100
30 0.25 15.25 
1.110e+03 	9.0789e-17 	   0 	   0 	  0 	   0 	   0 	  0 	   0 	   0 	  0 	   0 	   0 	  0 	   0 	   0 	  0 	   0 	   0 	  0 	   0 	   0 	  0 	   0 	   0 	  0 	   0 	   0 	  0 	   0 	   0 	  0 	   0 	   0 	  0 	   0 	   0 	  0 	   0 	   0 	  0 	   0 	   0 	  0 	   0 	   0 	  0 	   0 	   0 	  0 	   0 	   0 	  0 	   0 	   0 	  0 	   0 	   0 	  0 	   0 	   0 	  0 	   0 	   0 	  0 	   0 	   0 	  0 	   0 	   0 	  0 	   0 	   0 	  0 	   0 	   0 	  0 	   0 	   0 	  0 	   0 	   0 	  0 	   0 	   0 	  0 	   0 	   0 	  0 	   0 	   0 	
1.330e+03 	8.0855e-16 	   0 	   0 	  0 	   0 	   0 	  0 	   0 	   0 	  0 	   0 	   0 	  0 	   0 	   0 	  0 	   0 	   0 	  0 	   0 	   0 	  0 	   0 	   0 	  0 	   0 	   0 	  0 	   0 	   0 	  0 	   0 	   0 	  0 	   0 	   0 	  0 	   0 	   0 	  0 	   0 	   0 	  0 	   0 	   0 	  0 	   0 	   0 	  0 	   0 	   0 	  0 	   0 	   0 	  0 	   0 	   0 	  0 	   0 	   0 	  0 	   0 	   0 	  0 	   0 	   0 	  0 	   0 	   0 	  0 	   0 	   0 	  0 	   0 	   0 	  0 	   0 	   0 	  0 	   0 	   0 	  0 	   0 	   0 	  0 	   0 	   0 	  0 	   0 	   0 	
1.550e+03 	2.3553e-15 	   0 	   0 	1.7415e-17 	   0 	   0 	  0 	   0 	   0 	  0 	   0 	   0 	  0 	   0 	   0 	  0 	   0 	   0 	  0 	   0 	   0 	  0 	   0 	   0 	  0 	   0 	   0 	  0 	   0 	   0 	  0 	   0 	   0 	  0 	   0 	   0 	  0 	   0 	   0 	  0 	   0 	   0 	  0 	   0 	   0 	  0 	   0 	   0 	  0 	   0 	   0 	  0 	   0 	   0 	  0 	   0 	   0 	  0 	   0 	   0 	  0 	   0 	   0 	  0 	   0 	   0 	  0 	   0 	   0 	  0 	   0 	   0 	  0 	   0 	   0 	  0 	   0 	   0 	  0 	   0 	   0 	  0 	   0 	   0 	  0 	   0 	   0 	  0 	   0 	   0 	
1.770e+03 	5.3136e-15 	 5.6137e-20 	 2.2199e-18 	1.1495e-17 	   0 	   0 	5.3037e-18 	   0 	   0 	  0 	   0 	   0 	2.8669e-20 	   0 	   0 	  0 	   0 	   0 	  0 	   0 	   0 	  0 	   0 	   0 	  0 	   0 	   0 	  0 	   0 	   0 	  0 	   0 	   0 	  0 	   0 	   0 	  0 	   0 	   0 	  0 	   0 	   0 	  0 	   0 	   0 	  0 	   0 	   0 	  0 	   0 	   0 	  0 	   0 	   0 	  0 	   0 	   0 	  0 	   0 	   0 	  0 	   0 	   0 	  0 	   0 	   0 	  0 	   0 	   0 	  0 	   0 	   0 	  0 	   0 	   0 	  0 	   0 	   0 	  0 	   0 	   0 	  0 	   0 	   0 	  0 	   0 	   0 	  0 	   0 	   0 	
1.990e+03 	7.5725e-15 	 -2.264e-18 	 -1.7406e-18 	2.7618e-16 	   0 	   0 	2.5267e-17 	   0 	   0 	2.5663e-19 	   0 	   0 	6.7829e-19 	   0 	   0 	  0 	   0 	   0 	  0 	   0 	   0 	  0 	   0 	   0 	  0 	   0 	   0 	  0 	   0 	   0 	  0 	   0 	   0 	  0 	   0 	   0 	1.6756e-14 	   0 	   0 	  0 	   0 	   0 	  0 	   0 	   0 	  0 	   0 	   0 	  0 	   0 	   0 	  0 	   0 	   0 	  0 	   0 	   0 	  0 	   0 	   0 	  0 	   0 	   0 	  0 	   0 	   0 	  0 	   0 	   0 	  0 	   0 	   0 	  0 	   0 	   0 	  0 	   0 	   0 	  0 	   0 	   0 	  0 	   0 	   0 	  0 	   0 	   0 	  0 	   0 	   0 	
2.210e+03 	9.1563e-15 	   0 	   0 	4.4666e-16 	   0 	   0 	8.6999e-15 	   0 	   0 	3.7342e-18 	   0 	   0 	6.902e-28 	   0 	   0 	  0 	   0 	   0 	  0 	   0 	   0 	  0 	   0 	   0 	  0 	   0 	   0 	  0 	   0 	   0 	  0 	   0 	   0 	  0 	   0 	   0 	  0 	   0 	   0 	  0 	   0 	   0 	  0 	   0 	   0 	  0 	   0 	   0 	  0 	   0 	   0 	  0 	   0 	   0 	  0 	   0 	   0 	  0 	   0 	   0 	  0 	   0 	   0 	  0 	   0 	   0 	  0 	   0 	   0 	  0 	   0 	   0 	  0 	   0 	   0 	  0 	   0 	   0 	  0 	   0 	   0 	  0 	   0 	   0 	  0 	   0 	   0 	  0 	   0 	   0 	
2.430e+03 	1.3233e-14 	 -5.2186e-19 	 -2.8827e-19 	1.1512e-15 	   0 	   0 	3.1442e-15 	   0 	   0 	6.7345e-14 	   0 	   0 	8.1668e-16 	   0 	   0 	  0 	   0 	   0 	6.1333e-14 	   0 	   0 	2.3801e-18 	   0 	   0 	  0 	   0 	   0 	  0 	   0 	   0 	1.2198e-284 	   0 	   0 	  0 	   0 	   0 	  0 	   0 	   0 	  0 	   0 	   0 	  0 	   0 	   0 	  0 	   0 	   0 	  0 	   0 	   0 	  0 	   0 	   0 	  0 	   0 	   0 	  0 	   0 	   0 	  0 	   0 	   0 	  0 	   0 	   0 	  0 	   0 	   0 	  0 	   0 	   0 	  0 	   0 	   0 	  0 	   0 	   0 	  0 	   0 	   0 	  0 	   0 	   0 	  0 	   0 	   0 	  0 	   0 	   0 	
2.650e+03 	1.898e-14 	 -4.362e-17 	 4.7148e-18 	7.2299e-16 	   0 	   0 	2.3622e-16 	   0 	   0 	3.2878e-17 	   0 	   0 	3.2295e-18 	   0 	   0 	5.4766e-18 	   0 	   0 	5.9715e-19 	   0 	   0 	  0 	   0 	   0 	  0 	   0 	   0 	  0 	   0 	   0 	  0 	   0 	   0 	  0 	   0 	   0 	  0 	   0 	   0 	  0 	   0 	   0 	  0 	   0 	   0 	  0 	   0 	   0 	  0 	   0 	   0 	  0 	   0 	   0 	  0 	   0 	   0 	  0 	   0 	   0 	  0 	   0 	   0 	  0 	   0 	   0 	  0 	   0 	   0 	  0 	   0 	   0 	  0 	   0 	   0 	  0 	   0 	   0 	  0 	   0 	   0 	  0 	   0 	   0 	  0 	   0 	   0 	  0 	   0 	   0 	
2.870e+03 	6.1238e-14 	 -6.8378e-17 	 -2.3367e-17 	8.8743e-14 	   0 	   0 	1.9116e-13 	   0 	   0 	7.093e-17 	   0 	   0 	1.4565e-17 	   0 	   0 	3.1017e-18 	   0 	   0 	2.1315e-18 	   0 	   0 	4.4187e-23 	   0 	   0 	1.9285e-52 	   0 	   0 	  0 	   0 	   0 	  0 	   0 	   0 	  0 	   0 	   0 	  0 	   0 	   0 	  0 	   0 	   0 	  0 	   0 	   0 	  0 	   0 	   0 	  0 	   0 	   0 	  0 	   0 	   0 	  0 	   0 	   0 	  0 	   0 	   0 	  0 	   0 	   0 	  0 	   0 	   0 	  0 	   0 	   0 	  0 	   0 	   0 	  0 	   0 	   0 	  0 	   0 	   0 	  0 	   0 	   0 	  0 	   0 	   0 	  0 	   0 	   0 	  0 	   0 	   0 	
3.090e+03 	2.1925e-14 	 9.6297e-18 	 4.1237e-17 	5.4939e-14 	   0 	   0 	1.2393e-13 	   0 	   0 	3.2609e-16 	   0 	   0 	2.6877e-17 	   0 	   0 	5.3581e-18 	   0 	   0 	2.5405e-18 	   0 	   0 	2.0924e-14 	   0 	   0 	3.7259e-43 	   0 	   0 	1.7288e-25 	   0 	   0 	  0 	   0 	   0 	  0 	   0 	   0 	  0 	   0 	   0 	  0 	   0 	   0 	  0 	   0 	   0 	  0 	   0 	   0 	  0 	   0 	   0 	  0 	   0 	   0 	  0 	   0 	   0 	  0 	   0 	   0 	  0 	   0 	   0 	  0 	   0 	   0 	  0 	   0 	   0 	  0 	   0 	   0 	  0 	   0 	   0 	  0 	   0 	   0 	  0 	   0 	   0 	  0 	   0 	   0 	  0 	   0 	   0 	  0 	   0 	   0 	
3.310e+03 	6.7069e-13 	 -3.9344e-16 	 1.9921e-18 	4.4117e-14 	   0 	   0 	9.2057e-15 	   0 	   0 	3.0501e-15 	   0 	   0 	9.4207e-14 	   0 	   0 	5.2726e-18 	   0 	   0 	1.7058e-15 	   0 	   0 	2.7571e-18 	   0 	   0 	2.7871e-14 	   0 	   0 	1.6104e-18 	   0 	   0 	8.4917e-16 	   0 	   0 	3.9057e-21 	   0 	   0 	8.3174e-19 	   0 	   0 	7.0891e-15 	   0 	   0 	  0 	   0 	   0 	  0 	   0 	   0 	  0 	   0 	   0 	  0 	   0 	   0 	  0 	   0 	   0 	  0 	   0 	   0 	  0 	   0 	   0 	  0 	   0 	   0 	  0 	   0 	   0 	  0 	   0 	   0 	  0 	   0 	   0 	  0 	   0 	   0 	  0 	   0 	   0 	  0 	   0 	   0 	  0 	   0 	   0 	  0 	   0 	   0 	
3.530e+03 	7.5282e-13 	 -2.4338e-17 	 1.3884e-18 	9.2192e-14 	 -3.9503e-19 	 2.0958e-19 	3.714e-14 	   0 	   0 	1.6003e-13 	   0 	   0 	9.7579e-14 	   0 	   0 	2.4349e-14 	   0 	   0 	7.2725e-18 	   0 	   0 	3.2232e-18 	   0 	   0 	4.3755e-19 	   0 	   0 	3.5131e-14 	   0 	   0 	1.8781e-133 	   0 	   0 	2.1449e-15 	   0 	   0 	8.5535e-27 	   0 	   0 	  0 	   0 	   0 	  0 	   0 	   0 	  0 	   0 	   0 	  0 	   0 	   0 	  0 	   0 	   0 	  0 	   0 	   0 	  0 	   0 	   0 	  0 	   0 	   0 	  0 	   0 	   0 	  0 	   0 	   0 	  0 	   0 	   0 	  0 	   0 	   0 	  0 	   0 	   0 	  0 	   0 	   0 	  0 	   0 	   0 	  0 	   0 	   0 	  0 	   0 	   0 	
3.750e+03 	8.9688e-13 	 -6.4105e-19 	 -9.3808e-19 	5.9212e-13 	 -1.0035e-20 	 8.0396e-20 	7.2506e-14 	   0 	   0 	8.2805e-16 	   0 	   0 	5.0447e-17 	   0 	   0 	1.6037e-17 	   0 	   0 	2.1559e-14 	   0 	   0 	3.0315e-16 	   0 	   0 	2.9286e-18 	   0 	   0 	8.1857e-15 	   0 	   0 	1.2364e-14 	   0 	   0 	8.0448e-96 	   0 	   0 	1.057e-17 	   0 	   0 	5.2707e-15 	   0 	   0 	2.2334e-14 	   0 	   0 	  0 	   0 	   0 	  0 	   0 	   0 	4.9921e-58 	   0 	   0 	  0 	   0 	   0 	  0 	   0 	   0 	  0 	   0 	   0 	  0 	   0 	   0 	  0 	   0 	   0 	  0 	   0 	   0 	  0 	   0 	   0 	  0 	   0 	   0 	  0 	   0 	   0 	  0 	   0 	   0 	  0 	   0 	   0 	  0 	   0 	   0 	
3.970e+03 	2.8037e-13 	 6.5025e-17 	 3.2413e-17 	1.7109e-13 	   0 	   0 	3.5682e-13 	   0 	   0 	1.9156e-13 	   0 	   0 	1.2185e-16 	   0 	   0 	3.7809e-17 	   0 	   0 	1.0897e-14 	   0 	   0 	4.5381e-18 	   0 	   0 	9.3693e-14 	   0 	   0 	2.9749e-18 	   0 	   0 	1.3523e-18 	   0 	   0 	5.7332e-14 	   0 	   0 	1.8346e-19 	   0 	   0 	1.0166e-16 	   0 	   0 	9.2831e-20 	   0 	   0 	1.3072e-18 	   0 	   0 	1.8077e-14 	   0 	   0 	  0 	   0 	   0 	  0 	   0 	   0 	9.5867e-22 	   0 	   0 	  0 	   0 	   0 	  0 	   0 	   0 	8.5246e-36 	   0 	   0 	  0 	   0 	   0 	1.0521e-34 	   0 	   0 	  0 	   0 	   0 	  0 	   0 	   0 	2.4758e-30 	   0 	   0 	  0 	   0 	   0 	  0 	   0 	   0 	
4.190e+03 	3.6282e-13 	 1.8563e-15 	 1.29e-15 	3.9491e-13 	   0 	   0 	9.0038e-14 	   0 	   0 	1.5375e-14 	 -1.5835e-18 	 -2.337e-18 	3.4988e-14 	   0 	   0 	4.5267e-15 	   0 	   0 	1.02e-13 	   0 	   0 	3.1818e-15 	   0 	   0 	1.7345e-14 	   0 	   0 	4.9322e-14 	   0 	   0 	2.2214e-18 	   0 	   0 	7.8843e-15 	   0 	   0 	2.4794e-14 	   0 	   0 	1.0965e-18 	   0 	   0 	2.9505e-19 	   0 	   0 	5.3025e-46 	   0 	   0 	1.7302e-14 	   0 	   0 	5.647e-19 	   0 	   0 	  0 	   0 	   0 	1.3094e-37 	   0 	   0 	  0 	   0 	   0 	  0 	   0 	   0 	  0 	   0 	   0 	8.3655e-31 	   0 	   0 	2.4086e-19 	   0 	   0 	  0 	   0 	   0 	  0 	   0 	   0 	  0 	   0 	   0 	  0 	   0 	   0 	  0 	   0 	   0 	
4.410e+03 	1.142e-12 	 -3.0675e-14 	 3.8177e-14 	2.6244e-13 	 -1.0189e-21 	 -5.2117e-22 	3.2699e-13 	 -9.421e-20 	 2.3625e-19 	1.8952e-14 	   0 	   0 	1.7286e-14 	   0 	   0 	2.6444e-15 	   0 	   0 	2.5456e-15 	   0 	   0 	5.9646e-18 	   0 	   0 	3.0151e-18 	   0 	   0 	2.4222e-14 	   0 	   0 	3.2411e-14 	   0 	   0 	1.0159e-14 	   0 	   0 	7.2309e-17 	   0 	   0 	4.3887e-14 	   0 	   0 	5.2052e-22 	   0 	   0 	2.2756e-14 	   0 	   0 	6.2896e-38 	   0 	   0 	5.4617e-21 	   0 	   0 	1.6429e-20 	   0 	   0 	8.8738e-20 	   0 	   0 	  0 	   0 	   0 	3.2174e-29 	   0 	   0 	  0 	   0 	   0 	  0 	   0 	   0 	  0 	   0 	   0 	  0 	   0 	   0 	9.4109e-28 	   0 	   0 	  0 	   0 	   0 	  0 	   0 	   0 	  0 	   0 	   0 	
4.630e+03 	6.1862e-13 	 -2.6162e-17 	 -1.9033e-17 	6.0656e-13 	   0 	   0 	3.8515e-14 	   0 	   0 	4.089e-14 	   0 	   0 	9.0579e-16 	 -5.4262e-40 	 -1.6719e-40 	1.1318e-13 	 -1.1831e-19 	 -3.126e-20 	3.3842e-15 	   0 	   0 	6.2188e-14 	   0 	   0 	1.1945e-17 	   0 	   0 	4.6545e-18 	   0 	   0 	8.5765e-15 	   0 	   0 	1.5412e-18 	   0 	   0 	1.7028e-14 	   0 	   0 	1.1217e-18 	   0 	   0 	8.5216e-19 	   0 	   0 	2.1729e-19 	   0 	   0 	  0 	   0 	   0 	4.9945e-19 	   0 	   0 	2.5643e-33 	   0 	   0 	1.4752e-14 	   0 	   0 	  0 	   0 	   0 	2.5857e-30 	   0 	   0 	2.375e-18 	   0 	   0 	  0 	   0 	   0 	1.1054e-19 	   0 	   0 	5.8944e-25 	   0 	   0 	3.8451e-20 	   0 	   0 	  0 	   0 	   0 	  0 	   0 	   0 	  0 	   0 	   0 	
4.850e+03 	2.287e-13 	 1.7367e-17 	 4.2027e-17 	1.9192e-13 	 -5.0683e-19 	 7.8191e-18 	3.9036e-13 	   0 	   0 	1.7607e-13 	   0 	   0 	6.7752e-14 	   0 	   0 	1.4779e-14 	   0 	   0 	5.351e-14 	   0 	   0 	3.9991e-14 	   0 	   0 	4.8436e-15 	   0 	   0 	7.8245e-14 	   0 	   0 	2.8761e-14 	   0 	   0 	2.6821e-14 	   0 	   0 	1.2567e-19 	   0 	   0 	2.3985e-14 	   0 	   0 	1.4752e-16 	   0 	   0 	1.7296e-14 	   0 	   0 	9.3807e-19 	   0 	   0 	9.2772e-19 	   0 	   0 	4.7975e-29 	   0 	   0 	1.1382e-20 	   0 	   0 	3.8839e-25 	   0 	   0 	  0 	   0 	   0 	9.3004e-25 	   0 	   0 	  0 	   0 	   0 	6.4239e-24 	   0 	   0 	  0 	   0 	   0 	2.4656e-23 	   0 	   0 	  0 	   0 	   0 	  0 	   0 	   0 	  0 	   0 	   0 	
5.070e+03 	2.5705e-12 	 -2.1198e-17 	 3.9792e-17 	3.5083e-13 	   0 	   0 	6.2099e-13 	   0 	   0 	1.7088e-13 	   0 	   0 	1.3542e-13 	   0 	   0 	1.0341e-14 	   0 	   0 	1.7316e-13 	 -8.4297e-19 	 2.5316e-19 	4.3817e-14 	   0 	   0 	4.36e-14 	   0 	   0 	9.9828e-14 	   0 	   0 	2.6281e-17 	   0 	   0 	1.577e-17 	   0 	   0 	2.0715e-14 	   0 	   0 	1.4566e-19 	   0 	   0 	5.2986e-18 	   0 	   0 	2.2474e-18 	   0 	   0 	1.5559e-28 	   0 	   0 	2.1596e-16 	   0 	   0 	2.1631e-19 	   0 	   0 	2.358e-26 	   0 	   0 	4.3427e-20 	   0 	   0 	1.6082e-23 	   0 	   0 	3.9932e-19 	   0 	   0 	1.6436e-19 	   0 	   0 	6.9918e-22 	   0 	   0 	1.9375e-22 	   0 	   0 	1.1134e-21 	   0 	   0 	4.9563e-21 	   0 	   0 	1.2022e-19 	   0 	   0 	  0 	   0 	   0 	
5.290e+03 	7.9872e-13 	   0 	   0 	1.6718e-13 	   0 	   0 	2.3406e-13 	 -1.6376e-19 	 2.0697e-19 	2.549e-13 	   0 	   0 	3.8592e-13 	   0 	   0 	1.4645e-13 	   0 	   0 	6.0599e-16 	   0 	   0 	8.5163e-14 	   0 	   0 	7.2416e-14 	   0 	   0 	1.073e-13 	   0 	   0 	5.7872e-14 	   0 	   0 	4.6458e-15 	   0 	   0 	4.1438e-16 	   0 	   0 	6.5629e-16 	   0 	   0 	1.4137e-16 	   0 	   0 	3.5993e-14 	   0 	   0 	9.7605e-16 	   0 	   0 	5.1642e-15 	   0 	   0 	2.5321e-25 	   0 	   0 	1.5261e-14 	   0 	   0 	  0 	   0 	   0 	  0 	   0 	   0 	4.0477e-19 	   0 	   0 	4.0362e-19 	   0 	   0 	  0 	   0 	   0 	2.1474e-14 	   0 	   0 	1.8505e-19 	   0 	   0 	2.4133e-20 	   0 	   0 	2.488e-19 	   0 	   0 	  0 	   0 	   0 	
5.510e+03 	1.4289e-12 	 -3.7115e-17 	 -4.4707e-17 	1.6057e-12 	   0 	   0 	4.8075e-13 	   0 	   0 	4.8226e-13 	 1.2656e-18 	 -3.8014e-18 	3.3917e-13 	   0 	   0 	5.8893e-14 	   0 	   0 	9.7606e-14 	   0 	   0 	1.5039e-15 	   0 	   0 	4.7987e-14 	   0 	   0 	3.4151e-14 	   0 	   0 	2.4734e-14 	   0 	   0 	4.5563e-14 	   0 	   0 	3.4212e-14 	   0 	   0 	2.0178e-14 	   0 	   0 	3.7087e-14 	   0 	   0 	4.7587e-16 	   0 	   0 	3.3897e-15 	   0 	   0 	4.228e-15 	   0 	   0 	7.66e-19 	   0 	   0 	1.659e-18 	   0 	   0 	6.3076e-20 	   0 	   0 	1.5539e-15 	   0 	   0 	6.4766e-19 	   0 	   0 	1.1457e-20 	   0 	   0 	5.3918e-19 	   0 	   0 	2.2158e-19 	   0 	   0 	7.0845e-20 	   0 	   0 	  0 	   0 	   0 	4.3666e-19 	   0 	   0 	  0 	   0 	   0 	
5.730e+03 	2.8306e-12 	 -9.3718e-19 	 5.3425e-17 	4.288e-13 	   0 	   0 	3.6205e-13 	   0 	   0 	4.6919e-13 	 -1.7339e-15 	 -6.3998e-16 	5.5397e-13 	   0 	   0 	5.5988e-14 	   0 	   0 	9.9235e-14 	   0 	   0 	3.8639e-14 	   0 	   0 	1.1448e-13 	   0 	   0 	4.0053e-14 	   0 	   0 	5.1975e-15 	   0 	   0 	1.6512e-14 	   0 	   0 	1.8172e-18 	   0 	   0 	3.1833e-14 	   0 	   0 	2.6167e-14 	   0 	   0 	1.8458e-15 	   0 	   0 	3.1777e-14 	   0 	   0 	1.3167e-18 	   0 	   0 	4.7327e-19 	   0 	   0 	1.9838e-14 	   0 	   0 	5.7577e-15 	   0 	   0 	6.5731e-19 	   0 	   0 	6.5057e-19 	   0 	   0 	1.0939e-18 	   0 	   0 	1.8633e-19 	   0 	   0 	1.1356e-18 	   0 	   0 	2.0778e-16 	   0 	   0 	3.8497e-19 	   0 	   0 	4.6305e-16 	   0 	   0 	  0 	   0 	   0 	
5.950e+03 	1.4762e-13 	 -4.0543e-18 	 1.5632e-18 	6.9331e-13 	 2.0628e-18 	 3.3751e-18 	3.8315e-13 	 5.4349e-25 	 1.3406e-24 	5.8381e-13 	 -6.9646e-15 	 -1.185e-13 	1.7654e-13 	   0 	   0 	6.9474e-14 	   0 	   0 	2.5337e-14 	 8.7812e-18 	 3.0369e-17 	4.6282e-14 	   0 	   0 	8.0306e-14 	   0 	   0 	1.8845e-14 	   0 	   0 	3.4158e-14 	   0 	   0 	3.0377e-14 	   0 	   0 	2.523e-14 	   0 	   0 	3.1473e-15 	   0 	   0 	2.8743e-15 	   0 	   0 	1.5706e-18 	   0 	   0 	1.9046e-14 	   0 	   0 	4.607e-15 	   0 	   0 	4.202e-19 	   0 	   0 	5.8665e-19 	   0 	   0 	1.4166e-14 	   0 	   0 	1.8446e-15 	   0 	   0 	4.1631e-17 	   0 	   0 	2.3516e-19 	   0 	   0 	4.8163e-18 	   0 	   0 	6.7835e-17 	   0 	   0 	1.1179e-15 	   0 	   0 	7.9672e-16 	   0 	   0 	1.678e-18 	   0 	   0 	9.7204e-22 	   0 	   0 	
6.170e+03 	1.3406e-12 	 -2.7116e-13 	 -7.3696e-13 	5.5636e-13 	 -3.183e-18 	 -6.5759e-18 	3.0178e-13 	   0 	   0 	4.3148e-13 	   0 	   0 	1.0683e-13 	   0 	   0 	1.2815e-13 	   0 	   0 	7.7813e-14 	   0 	   0 	1.1813e-14 	   0 	   0 	6.2798e-14 	   0 	   0 	2.8921e-17 	   0 	   0 	3.5252e-14 	   0 	   0 	6.3285e-19 	   0 	   0 	1.3698e-14 	   0 	   0 	9.7269e-14 	   0 	   0 	2.8306e-14 	   0 	   0 	6.3481e-15 	   0 	   0 	2.8503e-15 	   0 	   0 	7.0151e-14 	   0 	   0 	3.1321e-14 	   0 	   0 	2.1495e-14 	   0 	   0 	6.2292e-15 	   0 	   0 	2.7152e-15 	   0 	   0 	1.8934e-14 	   0 	   0 	1.2047e-14 	   0 	   0 	6.3837e-18 	   0 	   0 	1.0246e-17 	   0 	   0 	4.1884e-19 	   0 	   0 	  0 	   0 	   0 	8.8751e-15 	   0 	   0 	4.4866e-15 	   0 	   0 	
6.390e+03 	1.6871e-12 	   0 	   0 	6.9192e-14 	   0 	   0 	5.3998e-13 	   0 	   0 	2.1613e-13 	   0 	   0 	3.4662e-14 	 1.1845e-18 	 2.3588e-18 	1.7226e-13 	 -6.1701e-15 	 1.9767e-15 	2.2954e-13 	   0 	   0 	7.3744e-14 	 3.5611e-16 	 -4.7718e-16 	1.4998e-13 	   0 	   0 	9.2825e-14 	   0 	   0 	5.3818e-14 	   0 	   0 	9.1669e-15 	   0 	   0 	3.4669e-14 	   0 	   0 	1.4584e-15 	   0 	   0 	7.7588e-15 	   0 	   0 	1.1004e-14 	   0 	   0 	3.6552e-14 	   0 	   0 	2.1195e-18 	   0 	   0 	9.5357e-16 	   0 	   0 	2.469e-17 	   0 	   0 	1.1327e-14 	   0 	   0 	1.1662e-14 	   0 	   0 	9.8284e-15 	   0 	   0 	7.4294e-18 	   0 	   0 	8.9834e-18 	   0 	   0 	1.3985e-15 	   0 	   0 	3.5952e-17 	   0 	   0 	5.3511e-15 	   0 	   0 	2.7923e-19 	   0 	   0 	2.5075e-23 	   0 	   0 	
6.610e+03 	3.4056e-13 	 2.713e-19 	 6.0611e-17 	2.2146e-13 	 2.0066e-18 	 -2.557e-18 	1.2359e-12 	 -3.3197e-14 	 -1.2715e-16 	9.814e-13 	   0 	   0 	1.4602e-13 	   0 	   0 	5.8182e-14 	   0 	   0 	7.4451e-14 	   0 	   0 	1.4608e-13 	   0 	   0 	1.3791e-14 	   0 	   0 	1.3036e-16 	   0 	   0 	6.1746e-14 	   0 	   0 	6.8329e-14 	   0 	   0 	8.191e-17 	   0 	   0 	5.5795e-14 	   0 	   0 	5.1674e-14 	   0 	   0 	2.1395e-14 	   0 	   0 	1.2973e-14 	   0 	   0 	8.4202e-17 	   0 	   0 	1.0242e-15 	 3.1165e-19 	 -2.4788e-19 	1.2924e-18 	   0 	   0 	3.3595e-18 	   0 	   0 	1.247e-15 	   0 	   0 	8.1279e-15 	   0 	   0 	1.7317e-20 	   0 	   0 	5.4269e-20 	   0 	   0 	6.5215e-17 	   0 	   0 	1.0189e-19 	   0 	   0 	7.8595e-19 	   0 	   0 	4.0843e-19 	   0 	   0 	1.6366e-18 	   0 	   0 	
6.830e+03 	8.9373e-14 	 -6.9801e-16 	 -1.2444e-15 	8.7605e-13 	 -4.0429e-14 	 -5.4553e-14 	1.0111e-12 	 -2.5429e-16 	 2.6301e-15 	2.6923e-13 	   0 	   0 	1.6575e-13 	   0 	   0 	1.6512e-13 	   0 	   0 	2.1423e-13 	   0 	   0 	1.0134e-13 	   0 	   0 	1.6624e-14 	   0 	   0 	6.0079e-14 	   0 	   0 	3.4444e-14 	   0 	   0 	2.4249e-14 	   0 	   0 	5.5654e-14 	   0 	   0 	9.0335e-15 	   0 	   0 	1.0254e-14 	   0 	   0 	5.0722e-18 	   0 	   0 	3.0695e-14 	   0 	   0 	1.9108e-14 	   0 	   0 	1.648e-17 	   0 	   0 	1.5255e-14 	   0 	   0 	1.3849e-14 	   0 	   0 	1.0504e-14 	   0 	   0 	7.5669e-15 	   0 	   0 	3.906e-18 	   0 	   0 	7.6496e-16 	   0 	   0 	5.7448e-16 	   0 	   0 	1.0513e-14 	   0 	   0 	4.4951e-16 	   0 	   0 	4.1013e-18 	   0 	   0 	1.7224e-14 	   0 	   0 	
7.050e+03 	1.7794e-14 	   0 	   0 	4.1571e-13 	   0 	   0 	8.3677e-13 	   0 	   0 	3.4283e-13 	   0 	   0 	2.2949e-13 	 1.4804e-16 	 9.6517e-17 	5.8275e-14 	   0 	   0 	1.0142e-13 	   0 	   0 	4.6678e-14 	   0 	   0 	2.5085e-14 	   0 	   0 	2.039e-14 	   0 	   0 	2.1604e-15 	   0 	   0 	8.9155e-14 	   0 	   0 	3.9719e-14 	   0 	   0 	2.4914e-15 	   0 	   0 	2.246e-14 	   0 	   0 	3.9809e-14 	   0 	   0 	2.1999e-15 	   0 	   0 	2.2092e-14 	   0 	   0 	2.9974e-14 	   0 	   0 	6.1343e-19 	   0 	   0 	1.0739e-18 	   0 	   0 	1.1446e-14 	   0 	   0 	8.1434e-15 	   0 	   0 	1.8876e-16 	   0 	   0 	6.9344e-16 	   0 	   0 	3.4662e-15 	   0 	   0 	1.0199e-14 	   0 	   0 	6.3747e-16 	   0 	   0 	9.5052e-15 	   0 	   0 	1.3924e-15 	   0 	   0 	
7.270e+03 	3.8228e-13 	   0 	   0 	2.6192e-13 	 2.4851e-19 	 -1.1365e-18 	1.3118e-12 	 2.106e-14 	 -8.7738e-14 	1.4392e-13 	 -2.6689e-29 	 -7.1022e-30 	3.1917e-13 	   0 	   0 	6.4435e-14 	   0 	   0 	7.5258e-14 	   0 	   0 	1.0165e-13 	   0 	   0 	8.8681e-15 	   0 	   0 	4.746e-14 	   0 	   0 	2.7623e-15 	   0 	   0 	3.5101e-14 	   0 	   0 	2.4673e-14 	   0 	   0 	6.8516e-15 	   0 	   0 	2.2746e-14 	   0 	   0 	1.4935e-14 	   0 	   0 	4.7749e-17 	   0 	   0 	5.6497e-15 	   0 	   0 	4.8835e-14 	   0 	   0 	6.4394e-20 	   0 	   0 	2.1293e-14 	   0 	   0 	4.0227e-15 	   0 	   0 	1.709e-14 	   0 	   0 	1.406e-18 	   0 	   0 	8.521e-15 	   0 	   0 	9.4641e-15 	   0 	   0 	5.5473e-15 	   0 	   0 	  0 	   0 	   0 	  0 	   0 	   0 	9.0803e-16 	   0 	   0 	
7.490e+03 	2.4228e-13 	   0 	   0 	1.2234e-12 	 2.1743e-17 	 -9.37e-18 	4.975e-13 	 3.356e-14 	 -1.0203e-13 	3.1162e-13 	   0 	   0 	2.305e-13 	   0 	   0 	2.4527e-13 	 -1.4328e-16 	 -3.8226e-17 	2.1028e-14 	   0 	   0 	8.4918e-14 	   0 	   0 	3.264e-14 	 1.4752e-22 	   0 	2.6356e-14 	   0 	   0 	1.2244e-13 	   0 	   0 	1.6807e-14 	   0 	   0 	7.329e-15 	   0 	   0 	2.9109e-14 	   0 	   0 	2.266e-14 	   0 	   0 	7.0656e-16 	   0 	   0 	2.9727e-14 	   0 	   0 	1.0206e-14 	   0 	   0 	7.0509e-16 	   0 	   0 	6.0852e-16 	   0 	   0 	5.8342e-15 	   0 	   0 	2.5744e-15 	   0 	   0 	4.9363e-15 	   0 	   0 	1.5506e-14 	   0 	   0 	1.0409e-14 	   0 	   0 	  0 	   0 	   0 	6.6631e-18 	   0 	   0 	1.0145e-18 	   0 	   0 	7.4087e-20 	   0 	   0 	2.1429e-17 	   0 	   0 	
7.710e+03 	1.0318e-12 	   0 	   0 	1.1951e-13 	 8.5118e-14 	 7.6093e-14 	8.0777e-13 	   0 	   0 	3.5411e-13 	   0 	   0 	8.3339e-14 	   0 	   0 	1.1674e-14 	 6.5488e-19 	 5.2272e-19 	1.3267e-13 	   0 	   0 	5.9546e-15 	   0 	   0 	4.9307e-16 	   0 	   0 	2.4199e-14 	   0 	   0 	4.7717e-15 	   0 	   0 	5.3593e-15 	   0 	   0 	2.8409e-14 	   0 	   0 	3.5963e-14 	   0 	   0 	5.0622e-15 	   0 	   0 	2.428e-14 	   0 	   0 	3.5805e-17 	   0 	   0 	1.5314e-14 	   0 	   0 	1.6135e-14 	 -1.2873e-19 	 2.6923e-19 	7.4847e-15 	   0 	   0 	7.7384e-16 	   0 	   0 	4.5069e-15 	   0 	   0 	7.2223e-15 	   0 	   0 	1.0335e-15 	   0 	   0 	5.4246e-18 	   0 	   0 	9.727e-15 	   0 	   0 	1.3812e-16 	   0 	   0 	7.3177e-15 	   0 	   0 	1.9909e-15 	   0 	   0 	8.4509e-20 	   0 	   0 	
7.930e+03 	3.1432e-13 	   0 	   0 	4.4335e-13 	   0 	   0 	1.2128e-12 	 -5.8974e-14 	 -4.9096e-14 	3.1584e-13 	   0 	   0 	3.236e-13 	   0 	   0 	2.0427e-15 	   0 	   0 	1.4e-14 	   0 	   0 	3.0147e-14 	   0 	   0 	9.545e-15 	   0 	   0 	4.545e-14 	   0 	   0 	2.7536e-14 	 -4.5679e-18 	 -7.156e-19 	7.4684e-15 	   0 	   0 	4.6215e-14 	   0 	   0 	2.3439e-14 	   0 	   0 	1.2627e-14 	   0 	   0 	3.5194e-14 	   0 	   0 	5.0381e-14 	   0 	   0 	1.1904e-15 	   0 	   0 	1.1893e-14 	   0 	   0 	2.4568e-14 	   0 	   0 	7.7465e-16 	   0 	   0 	6.7092e-15 	   0 	   0 	1.1278e-14 	 -7.4612e-20 	 2.005e-19 	3.178e-15 	   0 	   0 	9.5119e-16 	   0 	   0 	9.5783e-16 	   0 	   0 	1.7658e-14 	   0 	   0 	5.9808e-16 	   0 	   0 	1.8454e-16 	   0 	   0 	7.6592e-19 	   0 	   0 	
8.150e+03 	7.811e-17 	   0 	   0 	4.0517e-13 	   0 	   0 	9.0113e-13 	   0 	   0 	2.4278e-13 	   0 	   0 	1.6379e-13 	   0 	   0 	2.1548e-13 	   0 	   0 	7.3719e-14 	   0 	   0 	5.9443e-14 	   0 	   0 	3.3023e-15 	   0 	   0 	2.8705e-15 	   0 	   0 	2.2109e-14 	 4.625e-18 	 2.5533e-17 	2.302e-14 	   0 	   0 	5.4972e-14 	   0 	   0 	5.4774e-17 	   0 	   0 	3.0628e-14 	   0 	   0 	7.9754e-16 	   0 	   0 	1.5302e-14 	   0 	   0 	2.4463e-14 	   0 	   0 	2.0773e-15 	   0 	   0 	1.2632e-15 	   0 	   0 	3.0473e-14 	   0 	   0 	8.0048e-15 	   0 	   0 	2.5806e-14 	   0 	   0 	5.0996e-15 	   0 	   0 	8.8305e-16 	   0 	   0 	2.1654e-14 	   0 	   0 	1.9234e-15 	   0 	   0 	1.6555e-16 	   0 	   0 	1.2029e-15 	   0 	   0 	2.7848e-15 	   0 	   0 	
8.370e+03 	8.1413e-17 	   0 	   0 	3.3213e-13 	   0 	   0 	4.8349e-13 	 8.7805e-15 	 -1.1248e-13 	3.8591e-13 	   0 	   0 	1.1487e-13 	   0 	   0 	3.8727e-14 	   0 	   0 	1.7653e-13 	   0 	   0 	8.3836e-14 	   0 	   0 	9.1795e-14 	   0 	   0 	8.8225e-15 	   0 	   0 	4.6202e-17 	   0 	   0 	6.2326e-14 	 -9.5195e-20 	 3.6172e-19 	1.226e-14 	   0 	   0 	2.4798e-14 	   0 	   0 	2.6615e-14 	   0 	   0 	3.4462e-14 	   0 	   0 	3.5151e-16 	   0 	   0 	6.176e-16 	   0 	   0 	1.6381e-14 	   0 	   0 	2.9536e-18 	   0 	   0 	1.0332e-14 	   0 	   0 	1.4586e-14 	   0 	   0 	5.1597e-16 	   0 	   0 	1.0975e-14 	   0 	   0 	2.2337e-14 	   0 	   0 	1.9942e-16 	   0 	   0 	2.1085e-17 	   0 	   0 	1.3239e-16 	   0 	   0 	1.1595e-18 	   0 	   0 	3.2609e-15 	   0 	   0 	
8.590e+03 	8.3429e-13 	   0 	   0 	4.7846e-14 	   0 	   0 	4.311e-13 	   0 	   0 	1.763e-13 	 2.3005e-19 	 3.283e-19 	1.1527e-13 	   0 	   0 	2.1188e-13 	   0 	   0 	5.0353e-14 	   0 	   0 	4.5097e-14 	 -2.7842e-17 	 -9.9279e-17 	8.6054e-14 	   0 	   0 	3.6153e-14 	   0 	   0 	3.6912e-14 	   0 	   0 	9.6187e-14 	 3.401e-15 	 8.931e-18 	2.0767e-14 	   0 	   0 	1.4384e-14 	   0 	   0 	2.4107e-14 	   0 	   0 	2.0849e-14 	   0 	   0 	1.6863e-17 	   0 	   0 	1.7775e-14 	   0 	   0 	9.1551e-15 	   0 	   0 	6.4238e-15 	 -5.0614e-20 	 -1.4658e-19 	2.7576e-15 	   0 	   0 	2.2132e-15 	   0 	   0 	1.8766e-14 	   0 	   0 	4.1869e-14 	   0 	   0 	6.397e-15 	   0 	   0 	2.9835e-15 	   0 	   0 	1.0111e-16 	   0 	   0 	8.0142e-15 	   0 	   0 	4.7714e-18 	   0 	   0 	  0 	   0 	   0 	
8.810e+03 	5.9607e-14 	   0 	   0 	1.9258e-13 	   0 	   0 	1.1913e-13 	   0 	   0 	2.145e-13 	 -3.9073e-18 	 3.9939e-18 	1.3839e-13 	   0 	   0 	1.1289e-13 	   0 	   0 	5.3435e-14 	   0 	   0 	1.3364e-13 	 1.5901e-18 	 1.765e-19 	2.3106e-14 	   0 	   0 	7.3634e-14 	   0 	   0 	4.757e-14 	   0 	   0 	7.8181e-14 	   0 	   0 	4.298e-14 	   0 	   0 	6.9854e-19 	   0 	   0 	1.1331e-16 	   0 	   0 	2.6301e-14 	   0 	   0 	3.6086e-15 	   0 	   0 	1.9663e-14 	   0 	   0 	1.9472e-15 	   0 	   0 	1.952e-14 	   0 	   0 	3.1582e-15 	   0 	   0 	2.7108e-14 	   0 	   0 	1.4738e-14 	   0 	   0 	3.6873e-15 	   0 	   0 	1.0915e-14 	   0 	   0 	2.1445e-15 	   0 	   0 	1.1438e-18 	   0 	   0 	9.9359e-15 	   0 	   0 	9.463e-15 	   0 	   0 	  0 	   0 	   0 	
9.030e+03 	3.0933e-13 	   0 	   0 	1.0182e-12 	   0 	   0 	1.2633e-13 	   0 	   0 	7.9466e-13 	 -1.2436e-14 	 1.0186e-14 	5.867e-13 	   0 	   0 	5.5542e-14 	   0 	   0 	1.3703e-13 	   0 	   0 	2.9e-14 	   0 	   0 	1.0021e-13 	   0 	   0 	7.6716e-16 	   0 	   0 	1.0237e-13 	   0 	   0 	2.8384e-14 	   0 	   0 	3.3386e-14 	   0 	   0 	9.5423e-15 	   0 	   0 	3.2804e-14 	   0 	   0 	1.9825e-14 	   0 	   0 	7.4166e-14 	   0 	   0 	1.081e-14 	   0 	   0 	3.077e-18 	   0 	   0 	1.0392e-14 	   0 	   0 	1.4344e-14 	   0 	   0 	6.2986e-15 	   0 	   0 	1.0747e-18 	   0 	   0 	1.2142e-14 	   0 	   0 	9.7288e-16 	   0 	   0 	5.071e-15 	   0 	   0 	1.0083e-14 	   0 	   0 	1.0214e-14 	   0 	   0 	1.2695e-17 	   0 	   0 	1.6511e-14 	   0 	   0 	
9.250e+03 	8.1965e-14 	   0 	   0 	3.969e-13 	   0 	   0 	2.5729e-13 	   0 	   0 	3.175e-13 	 -1.5737e-15 	 1.7445e-14 	2.092e-13 	   0 	   0 	7.754e-14 	   0 	   0 	1.0401e-13 	 5.1164e-15 	 3.8392e-15 	3.4691e-14 	   0 	   0 	7.4616e-14 	   0 	   0 	1.9048e-14 	   0 	   0 	1.1845e-14 	   0 	   0 	3.1328e-14 	   0 	   0 	5.1596e-14 	   0 	   0 	4.463e-14 	   0 	   0 	1.0903e-14 	   0 	   0 	2.9155e-14 	   0 	   0 	2.7373e-14 	   0 	   0 	1.4456e-14 	   0 	   0 	8.7059e-15 	   0 	   0 	1.8261e-14 	   0 	   0 	1.6912e-14 	   0 	   0 	7.3742e-15 	   0 	   0 	6.6209e-16 	   0 	   0 	2.4908e-14 	   0 	   0 	7.0361e-15 	   0 	   0 	1.0614e-14 	   0 	   0 	6.6406e-19 	   0 	   0 	5.3708e-15 	   0 	   0 	2.675e-17 	   0 	   0 	8.9191e-15 	   0 	   0 	
9.470e+03 	1.6854e-12 	 2.2936e-13 	 5.8772e-13 	1.844e-13 	 2.7556e-14 	 -6.9905e-15 	3.4353e-13 	   0 	   0 	7.2822e-13 	 -2.3346e-14 	 1.813e-13 	2.4657e-13 	   0 	   0 	8.9077e-14 	   0 	   0 	1.2588e-13 	   0 	   0 	7.8029e-14 	   0 	   0 	4.2787e-14 	   0 	   0 	2.2013e-15 	   0 	   0 	9.6468e-15 	   0 	   0 	5.763e-14 	   0 	   0 	1.7169e-14 	 -9.6681e-16 	 -2.1745e-16 	6.6155e-15 	   0 	   0 	1.3704e-17 	   0 	   0 	2.4937e-14 	   0 	   0 	2.2336e-14 	   0 	   0 	2.2968e-14 	   0 	   0 	6.1504e-16 	   0 	   0 	1.0767e-14 	   0 	   0 	4.1825e-14 	   0 	   0 	2.9108e-14 	   0 	   0 	4.6035e-15 	   0 	   0 	1.2548e-17 	   0 	   0 	6.0408e-17 	   0 	   0 	2.014e-14 	   0 	   0 	2.1393e-14 	   0 	   0 	6.0692e-15 	   0 	   0 	1.004e-14 	   0 	   0 	3.5904e-15 	   0 	   0 	
9.690e+03 	  0 	   0 	   0 	1.6374e-13 	   0 	   0 	6.656e-13 	   0 	   0 	2.5251e-13 	   0 	   0 	3.477e-14 	   0 	   0 	9.0913e-14 	   0 	   0 	6.969e-15 	   0 	   0 	1.0553e-15 	   0 	   0 	5.4197e-14 	   0 	   0 	6.4392e-14 	   0 	   0 	3.2947e-14 	   0 	   0 	1.0061e-18 	   0 	   0 	9.9104e-14 	   0 	   0 	2.7254e-15 	   0 	   0 	6.0615e-16 	   0 	   0 	4.9889e-15 	   0 	   0 	1.5919e-14 	   0 	   0 	2.0125e-14 	   0 	   0 	1.8117e-14 	   0 	   0 	2.8179e-14 	   0 	   0 	9.1545e-15 	   0 	   0 	1.0101e-15 	   0 	   0 	2.1742e-14 	   0 	   0 	4.0568e-17 	   0 	   0 	1.8932e-14 	   0 	   0 	3.2796e-14 	   0 	   0 	4.2788e-19 	   0 	   0 	9.9367e-15 	   0 	   0 	1.532e-15 	   0 	   0 	  0 	   0 	   0 	
9.910e+03 	  0 	   0 	   0 	5.8632e-13 	   0 	   0 	1.4374e-13 	   0 	   0 	4.1253e-14 	   0 	   0 	1.7923e-13 	   0 	   0 	9.2473e-14 	   0 	   0 	1.4917e-13 	   0 	   0 	4.1488e-14 	   0 	   0 	9.1933e-14 	 -1.5872e-19 	 -1.4274e-18 	3.6555e-14 	   0 	   0 	7.4844e-16 	   0 	   0 	7.0177e-16 	   0 	   0 	2.5071e-14 	   0 	   0 	2.5744e-14 	   0 	   0 	2.991e-17 	   0 	   0 	2.8784e-18 	   0 	   0 	3.8145e-15 	   0 	   0 	5.6961e-15 	 -3.1695e-17 	 -6.3446e-18 	1.0756e-14 	   0 	   0 	3.2134e-14 	   0 	   0 	1.9269e-14 	   0 	   0 	7.5723e-15 	   0 	   0 	1.5045e-14 	   0 	   0 	1.5003e-14 	   0 	   0 	7.3038e-19 	   0 	   0 	5.0558e-15 	   0 	   0 	5.6728e-15 	   0 	   0 	4.1846e-17 	   0 	   0 	1.4404e-14 	   0 	   0 	1.3315e-15 	   0 	   0 	
1.013e+04 	  0 	   0 	   0 	1.7178e-13 	   0 	   0 	1.1165e-13 	   0 	   0 	1.1625e-13 	   0 	   0 	2.41e-13 	   0 	   0 	1.7151e-13 	 1.9093e-18 	 -9.266e-20 	1.5607e-13 	   0 	   0 	1.4351e-13 	   0 	   0 	4.451e-14 	   0 	   0 	1.035e-13 	   0 	   0 	  0 	   0 	   0 	7.0406e-14 	 -1.8097e-19 	 -1.5407e-18 	9.3542e-14 	   0 	   0 	2.467e-17 	   0 	   0 	2.2019e-14 	   0 	   0 	2.6059e-16 	   0 	   0 	2.08e-14 	   0 	   0 	2.1507e-14 	   0 	   0 	3.1355e-15 	   0 	   0 	4.9032e-14 	   0 	   0 	5.7388e-15 	   0 	   0 	2.2386e-14 	   0 	   0 	8.9286e-15 	   0 	   0 	1.2213e-14 	   0 	   0 	3.345e-14 	   0 	   0 	5.1203e-15 	   0 	   0 	1.3592e-14 	   0 	   0 	2.9209e-15 	   0 	   0 	2.1205e-15 	   0 	   0 	5.6359e-15 	   0 	   0 	
1.035e+04 	  0 	   0 	   0 	2.3122e-13 	   0 	   0 	8.8754e-14 	   0 	   0 	9.014e-14 	   0 	   0 	2.2782e-14 	   0 	   0 	1.4049e-13 	   0 	   0 	5.0209e-14 	   0 	   0 	3.4702e-14 	   0 	   0 	3.7701e-15 	   0 	   0 	3.2999e-14 	   0 	   0 	2.2779e-14 	   0 	   0 	4.1079e-14 	   0 	   0 	5.5267e-14 	   0 	   0 	3.1232e-14 	   0 	   0 	2.2927e-14 	   0 	   0 	3.9072e-16 	   0 	   0 	1.8616e-14 	   0 	   0 	2.7903e-14 	   0 	   0 	3.5993e-14 	   0 	   0 	1.1638e-14 	   0 	   0 	3.1753e-14 	   0 	   0 	2.8767e-14 	   0 	   0 	7.8518e-15 	   0 	   0 	9.5135e-15 	   0 	   0 	7.6011e-15 	   0 	   0 	1.023e-14 	   0 	   0 	8.0157e-15 	   0 	   0 	1.428e-14 	   0 	   0 	5.9919e-15 	   0 	   0 	3.8041e-15 	   0 	   0 	
1.057e+04 	1.2861e-16 	 3.3378e-17 	 2.6177e-17 	4.8752e-13 	 6.3782e-15 	 -4.0045e-14 	1.9571e-14 	   0 	   0 	2.7761e-13 	   0 	   0 	2.1494e-14 	   0 	   0 	1.4676e-14 	   0 	   0 	8.0016e-14 	 -3.9783e-16 	 6.0915e-16 	7.0041e-14 	   0 	   0 	7.2478e-14 	   0 	   0 	3.1646e-14 	   0 	   0 	9.8131e-15 	   0 	   0 	3.8017e-14 	   0 	   0 	5.9644e-14 	   0 	   0 	3.7978e-14 	 -1.1225e-14 	 -9.1564e-15 	1.6001e-14 	   0 	   0 	4.1343e-14 	 1.324e-15 	 3.2647e-17 	1.3229e-14 	   0 	   0 	1.2663e-14 	   0 	   0 	1.4229e-15 	   0 	   0 	2.422e-19 	   0 	   0 	3.9195e-14 	   0 	   0 	1.5431e-14 	   0 	   0 	1.6933e-14 	   0 	   0 	2.6395e-14 	 1.008e-15 	 3.7184e-17 	6.7984e-15 	   0 	   0 	1.1427e-14 	   0 	   0 	2.0153e-14 	   0 	   0 	6.2467e-15 	   0 	   0 	1.294e-14 	   0 	   0 	1.3316e-14 	   0 	   0 	
1.079e+04 	3.5537e-13 	 1.158e-17 	 5.1844e-17 	4.5799e-13 	   0 	   0 	1.6304e-13 	   0 	   0 	1.4088e-14 	   0 	   0 	2.0787e-13 	   0 	   0 	5.6398e-14 	   0 	   0 	1.2601e-13 	   0 	   0 	6.7282e-14 	   0 	   0 	5.8248e-16 	   0 	   0 	1.502e-14 	   0 	   0 	2.3776e-14 	   0 	   0 	6.0972e-14 	   0 	   0 	2.7258e-14 	 -1.3404e-15 	 -2.118e-15 	5.2874e-15 	   0 	   0 	7.062e-14 	   0 	   0 	3.8933e-14 	   0 	   0 	8.344e-15 	   0 	   0 	1.1525e-17 	   0 	   0 	5.2974e-15 	   0 	   0 	2.7811e-14 	   0 	   0 	1.2695e-14 	   0 	   0 	1.8096e-15 	   0 	   0 	4.1192e-15 	   0 	   0 	2.08e-14 	   0 	   0 	3.3601e-14 	   0 	   0 	3.9335e-15 	   0 	   0 	1.0272e-14 	   0 	   0 	1.8958e-14 	   0 	   0 	  0 	   0 	   0 	2.4009e-15 	   0 	   0 	
1.101e+04 	  0 	   0 	   0 	1.0912e-13 	   0 	   0 	2.8163e-13 	 -5.442e-18 	 6.4785e-19 	3.5008e-13 	   0 	   0 	2.7391e-14 	   0 	   0 	5.9971e-17 	   0 	   0 	5.0818e-14 	   0 	   0 	1.8552e-14 	   0 	   0 	1.0166e-13 	   0 	   0 	7.1878e-14 	   0 	   0 	1.3826e-15 	   0 	   0 	1.2481e-14 	   0 	   0 	1.928e-14 	   0 	   0 	3.2513e-14 	   0 	   0 	6.63e-14 	   0 	   0 	3.7844e-14 	   0 	   0 	8.5941e-14 	   0 	   0 	1.0824e-15 	   0 	   0 	3.8314e-15 	   0 	   0 	1.3331e-14 	   0 	   0 	2.4726e-14 	   0 	   0 	2.1196e-14 	   0 	   0 	4.9638e-15 	   0 	   0 	1.7081e-14 	   0 	   0 	1.3779e-14 	   0 	   0 	1.3892e-14 	   0 	   0 	2.0162e-14 	   0 	   0 	8.1813e-18 	   0 	   0 	1.6398e-14 	   0 	   0 	6.1243e-15 	   0 	   0 	
1.123e+04 	3.319e-13 	   0 	   0 	2.3815e-13 	   0 	   0 	3.1587e-13 	   0 	   0 	1.3553e-13 	   0 	   0 	2.2568e-13 	   0 	   0 	1.2314e-13 	   0 	   0 	7.2082e-14 	   0 	   0 	4.9713e-14 	   0 	   0 	3.369e-15 	   0 	   0 	2.5066e-14 	   0 	   0 	4.7607e-15 	   0 	   0 	9.7295e-14 	   0 	   0 	3.588e-14 	   0 	   0 	3.819e-14 	   0 	   0 	8.5028e-17 	   0 	   0 	1.9225e-14 	   0 	   0 	1.7742e-14 	   0 	   0 	2.4364e-14 	   0 	   0 	4.7169e-19 	   0 	   0 	1.119e-14 	   0 	   0 	1.174e-14 	   0 	   0 	2.4999e-14 	   0 	   0 	2.6308e-14 	   0 	   0 	1.5198e-14 	   0 	   0 	1.1011e-14 	   0 	   0 	1.0729e-18 	   0 	   0 	8.5435e-17 	   0 	   0 	1.0354e-14 	   0 	   0 	8.9479e-15 	   0 	   0 	1.2176e-14 	   0 	   0 	
1.145e+04 	4.2106e-13 	   0 	   0 	  0 	   0 	   0 	1.3893e-12 	   0 	   0 	5.3716e-14 	   0 	   0 	8.0607e-14 	   0 	   0 	6.3166e-14 	   0 	   0 	6.4021e-17 	   0 	   0 	1.5695e-14 	   0 	   0 	5.0724e-14 	   0 	   0 	5.0795e-14 	   0 	   0 	1.4033e-14 	   0 	   0 	1.1795e-14 	   0 	   0 	2.3462e-14 	   0 	   0 	2.1429e-14 	   0 	   0 	2.0841e-15 	   0 	   0 	3.2294e-14 	   0 	   0 	1.2254e-15 	 3.036e-21 	   0 	4.0018e-14 	   0 	   0 	3.3321e-14 	   0 	   0 	1.7907e-14 	 2.1633e-15 	 -1.9821e-16 	2.0332e-14 	   0 	   0 	2.9109e-14 	   0 	   0 	1.957e-17 	   0 	   0 	6.6896e-15 	   0 	   0 	4.007e-14 	   0 	   0 	1.7191e-14 	   0 	   0 	1.2684e-14 	   0 	   0 	1.3984e-14 	   0 	   0 	3.2255e-15 	   0 	   0 	7.9937e-15 	   0 	   0 	
1.167e+04 	  0 	   0 	   0 	  0 	   0 	   0 	1.0212e-14 	   0 	   0 	8.2303e-14 	 -2.2872e-18 	 2.1104e-18 	2.0672e-16 	   0 	   0 	1.3686e-13 	   0 	   0 	5.7789e-14 	   0 	   0 	6.7123e-14 	   0 	   0 	3.4791e-14 	   0 	   0 	5.2166e-14 	   0 	   0 	4.3503e-14 	   0 	   0 	5.0801e-14 	   0 	   0 	1.2921e-14 	   0 	   0 	2.1364e-14 	   0 	   0 	2.1936e-14 	   0 	   0 	3.4568e-14 	   0 	   0 	2.8974e-14 	   0 	   0 	8.9827e-15 	   0 	   0 	1.7843e-14 	   0 	   0 	4.0273e-19 	   0 	   0 	3.1038e-14 	   0 	   0 	3.983e-15 	   0 	   0 	4.3174e-14 	   0 	   0 	1.2733e-14 	   0 	   0 	1.0091e-14 	   0 	   0 	3.7176e-14 	   0 	   0 	2.6796e-19 	   0 	   0 	7.5615e-16 	   0 	   0 	7.3133e-15 	   0 	   0 	6.0942e-15 	   0 	   0 	
1.189e+04 	2.6504e-17 	 1.5548e-17 	 1.6344e-17 	3.793e-13 	   0 	   0 	1.9079e-13 	   0 	   0 	2.4319e-13 	 2.8685e-18 	 5.505e-18 	5.3452e-14 	 -8.154e-19 	 -5.5092e-19 	6.6822e-15 	   0 	   0 	1.7792e-14 	   0 	   0 	4.2243e-14 	   0 	   0 	7.9536e-15 	   0 	   0 	1.9664e-14 	   0 	   0 	1.2471e-14 	   0 	   0 	4.2867e-14 	   0 	   0 	9.9136e-15 	   0 	   0 	5.1528e-14 	   0 	   0 	4.3669e-15 	   0 	   0 	5.2973e-17 	   0 	   0 	2.0332e-14 	   0 	   0 	9.6383e-15 	   0 	   0 	2.1208e-14 	   0 	   0 	3.7502e-14 	   0 	   0 	1.145e-14 	   0 	   0 	2.7257e-14 	   0 	   0 	3.5631e-14 	   0 	   0 	1.5453e-14 	   0 	   0 	6.1112e-15 	   0 	   0 	1.0747e-14 	   0 	   0 	2.6697e-15 	   0 	   0 	9.1973e-15 	   0 	   0 	6.1244e-15 	   0 	   0 	3.9507e-15 	   0 	   0 	
1.211e+04 	  0 	   0 	   0 	2.5347e-13 	   0 	   0 	5.6024e-14 	   0 	   0 	2.7276e-14 	   0 	   0 	3.1334e-14 	   0 	   0 	3.9554e-14 	   0 	   0 	1.1637e-14 	   0 	   0 	1.1094e-13 	   0 	   0 	2.5199e-14 	   0 	   0 	1.5731e-15 	   0 	   0 	4.5761e-14 	   0 	   0 	7.9134e-14 	   0 	   0 	6.5096e-14 	   0 	   0 	5.9837e-15 	   0 	   0 	2.1512e-15 	   0 	   0 	2.7437e-14 	   0 	   0 	1.447e-14 	   0 	   0 	3.7344e-14 	   0 	   0 	1.9746e-14 	 3.5148e-15 	 8.3509e-17 	1.629e-14 	   0 	   0 	1.9051e-14 	   0 	   0 	1.3426e-14 	   0 	   0 	4.7938e-15 	   0 	   0 	1.9135e-14 	   0 	   0 	1.9509e-14 	   0 	   0 	1.1193e-15 	   0 	   0 	1.3189e-19 	   0 	   0 	1.7775e-14 	   0 	   0 	8.2659e-15 	   0 	   0 	1.5461e-15 	   0 	   0 	
1.233e+04 	2.0756e-17 	 -6.5851e-18 	 1.9675e-17 	4.1546e-13 	   0 	   0 	6.207e-18 	   0 	   0 	4.6595e-14 	 1.7175e-18 	 -9.4455e-19 	4.9766e-14 	   0 	   0 	5.1937e-14 	   0 	   0 	1.412e-13 	   0 	   0 	2.3032e-14 	   0 	   0 	9.4713e-15 	   0 	   0 	7.2603e-14 	   0 	   0 	1.5863e-14 	   0 	   0 	2.4112e-14 	   0 	   0 	7.7258e-14 	   0 	   0 	2.3888e-14 	 5.0961e-18 	 2.5887e-17 	4.8846e-14 	   0 	   0 	3.2548e-15 	   0 	   0 	1.8875e-14 	   0 	   0 	8.5568e-15 	   0 	   0 	3.046e-14 	   0 	   0 	3.6018e-14 	   0 	   0 	1.0261e-14 	   0 	   0 	1.8477e-14 	   0 	   0 	4.7291e-14 	   0 	   0 	2.0145e-14 	   0 	   0 	6.7052e-15 	   0 	   0 	3.0118e-14 	 -1.7594e-15 	 3.0055e-15 	4.6205e-15 	   0 	   0 	2.0991e-15 	   0 	   0 	1.1429e-14 	   0 	   0 	1.7115e-14 	   0 	   0 	
1.255e+04 	2.4882e-13 	   0 	   0 	  0 	   0 	   0 	7.2967e-15 	   0 	   0 	3.1804e-13 	 5.0073e-20 	 8.4989e-19 	1.0851e-13 	   0 	   0 	4.1213e-15 	   0 	   0 	1.116e-14 	   0 	   0 	3.9223e-14 	   0 	   0 	2.4995e-16 	   0 	   0 	1.3064e-13 	 1.1898e-14 	 1.1953e-14 	6.1578e-14 	   0 	   0 	1.1364e-14 	   0 	   0 	2.4634e-14 	   0 	   0 	2.6829e-15 	   0 	   0 	6.1033e-14 	   0 	   0 	3.5559e-14 	   0 	   0 	7.3565e-15 	   0 	   0 	3.2859e-14 	   0 	   0 	2.8584e-15 	   0 	   0 	3.6044e-14 	 -6.9567e-16 	 7.53e-15 	2.0778e-14 	   0 	   0 	2.6675e-14 	   0 	   0 	1.3184e-14 	   0 	   0 	2.2063e-14 	   0 	   0 	1.3579e-14 	   0 	   0 	8.1849e-15 	   0 	   0 	3.2358e-14 	   0 	   0 	8.9438e-15 	   0 	   0 	1.6671e-14 	   0 	   0 	6.839e-15 	   0 	   0 	
1.277e+04 	1.7225e-14 	   0 	   0 	3.3831e-13 	   0 	   0 	1.6692e-12 	   0 	   0 	2.5184e-14 	   0 	   0 	1.4221e-17 	   0 	   0 	7.7236e-14 	   0 	   0 	7.589e-18 	   0 	   0 	1.1391e-14 	   0 	   0 	3.6501e-15 	 -3.5704e-19 	 -3.0636e-19 	1.1536e-15 	   0 	   0 	1.4548e-15 	   0 	   0 	9.3429e-15 	   0 	   0 	1.5745e-14 	   0 	   0 	2.4329e-14 	   0 	   0 	7.1853e-15 	   0 	   0 	2.0958e-15 	   0 	   0 	4.1166e-14 	   0 	   0 	5.3842e-15 	   0 	   0 	1.7088e-15 	 -5.3625e-16 	 5.5735e-16 	4.9282e-14 	   0 	   0 	4.6339e-14 	   0 	   0 	8.6917e-15 	   0 	   0 	2.362e-14 	   0 	   0 	9.1726e-15 	   0 	   0 	1.2582e-14 	   0 	   0 	4.0926e-14 	   0 	   0 	4.4512e-14 	   0 	   0 	1.618e-14 	   0 	   0 	2.17e-18 	   0 	   0 	2.171e-15 	   0 	   0 	
1.299e+04 	  0 	   0 	   0 	  0 	   0 	   0 	1.4026e-14 	   0 	   0 	9.3097e-14 	   0 	   0 	2.2752e-13 	   0 	   0 	5.7901e-15 	   0 	   0 	1.3694e-13 	   0 	   0 	7.8737e-15 	   0 	   0 	6.9775e-15 	   0 	   0 	1.0506e-13 	   0 	   0 	4.126e-14 	   0 	   0 	3.3316e-14 	   0 	   0 	2.0456e-14 	   0 	   0 	2.6523e-14 	   0 	   0 	8.6929e-15 	   0 	   0 	5.6385e-14 	   0 	   0 	1.6058e-14 	   0 	   0 	1.9659e-14 	   0 	   0 	1.0997e-14 	   0 	   0 	2.1394e-14 	   0 	   0 	1.3136e-14 	   0 	   0 	1.7071e-14 	   0 	   0 	2.9173e-14 	   0 	   0 	1.6525e-14 	   0 	   0 	3.0415e-14 	   0 	   0 	4.3004e-15 	   0 	   0 	3.5411e-15 	   0 	   0 	1.8494e-14 	   0 	   0 	5.416e-17 	   0 	   0 	1.14e-15 	   0 	   0 	
1.321e+04 	  0 	   0 	   0 	1.4508e-14 	   0 	   0 	3.1855e-14 	   0 	   0 	1.8961e-13 	 8.7075e-17 	 7.6509e-16 	2.0723e-13 	   0 	   0 	5.8564e-15 	   0 	   0 	3.9417e-14 	   0 	   0 	1.0676e-13 	   0 	   0 	1.6659e-14 	   0 	   0 	5.7739e-14 	   0 	   0 	2.1808e-14 	   0 	   0 	5.4211e-16 	   0 	   0 	3.2751e-14 	   0 	   0 	3.8048e-14 	   0 	   0 	4.3685e-17 	   0 	   0 	2.3571e-14 	   0 	   0 	8.7378e-15 	 4.1134e-17 	   0 	2.1332e-14 	   0 	   0 	8.8732e-15 	   0 	   0 	1.1078e-14 	   0 	   0 	3.8618e-14 	   0 	   0 	5.7148e-15 	   0 	   0 	2.9615e-14 	   0 	   0 	2.3308e-15 	   0 	   0 	1.9072e-15 	   0 	   0 	2.1822e-14 	   0 	   0 	7.7254e-15 	   0 	   0 	3.2614e-14 	   0 	   0 	1.0434e-14 	   0 	   0 	3.4875e-15 	   0 	   0 	
1.343e+04 	  0 	   0 	   0 	  0 	   0 	   0 	  0 	   0 	   0 	8.1611e-15 	   0 	   0 	5.4935e-14 	   0 	   0 	5.4413e-15 	   0 	   0 	5.0539e-14 	   0 	   0 	1.9588e-13 	   0 	   0 	5.2439e-16 	   0 	   0 	5.2828e-14 	   0 	   0 	9.1561e-14 	   0 	   0 	3.2457e-14 	   0 	   0 	3.5568e-14 	   0 	   0 	6.2095e-14 	   0 	   0 	5.1452e-14 	   0 	   0 	2.3971e-16 	   0 	   0 	1.2438e-14 	   0 	   0 	4.7327e-14 	   0 	   0 	4.3432e-14 	   0 	   0 	3.2605e-14 	   0 	   0 	1.0616e-14 	   0 	   0 	1.5537e-14 	   0 	   0 	2.6611e-14 	   0 	   0 	2.9307e-14 	   0 	   0 	2.3661e-14 	   0 	   0 	9.5555e-15 	   0 	   0 	9.6001e-15 	   0 	   0 	1.9447e-14 	   0 	   0 	1.4514e-15 	   0 	   0 	1.8327e-15 	   0 	   0 	
1.365e+04 	  0 	   0 	   0 	  0 	   0 	   0 	1.22e-13 	   0 	   0 	1.8895e-13 	   0 	   0 	2.7834e-14 	   0 	   0 	1.4624e-15 	   0 	   0 	1.7724e-14 	   0 	   0 	6.0904e-14 	   0 	   0 	3.873e-15 	   0 	   0 	9.4343e-14 	   0 	   0 	1.8826e-15 	   0 	   0 	2.8828e-14 	   0 	   0 	5.0545e-14 	   0 	   0 	3.4834e-15 	   0 	   0 	5.1328e-15 	   0 	   0 	4.5282e-15 	   0 	   0 	1.4257e-14 	   0 	   0 	3.3694e-14 	   0 	   0 	1.6389e-14 	   0 	   0 	2.97e-14 	   0 	   0 	1.76e-14 	   0 	   0 	1.3822e-14 	   0 	   0 	2.0068e-14 	   0 	   0 	9.9232e-15 	   0 	   0 	1.2861e-14 	   0 	   0 	9.4393e-15 	   0 	   0 	7.2979e-15 	   0 	   0 	1.1633e-14 	   0 	   0 	3.0959e-15 	   0 	   0 	5.9956e-15 	   0 	   0 	
1.387e+04 	3.7742e-13 	   0 	   0 	1.3636e-13 	   0 	   0 	3.6501e-13 	   0 	   0 	1.5636e-14 	   0 	   0 	4.4943e-14 	   0 	   0 	1.2231e-13 	   0 	   0 	1.4455e-13 	   0 	   0 	5.6668e-14 	   0 	   0 	5.8912e-14 	   0 	   0 	2.6898e-14 	 2.1658e-15 	 6.2617e-15 	1.3612e-18 	   0 	   0 	2.1515e-14 	   0 	   0 	2.0622e-14 	   0 	   0 	2.0635e-15 	   0 	   0 	3.1114e-14 	   0 	   0 	2.3601e-14 	   0 	   0 	2.7767e-14 	   0 	   0 	3.3296e-14 	   0 	   0 	8.205e-16 	   0 	   0 	2.3716e-14 	   0 	   0 	3.0861e-14 	   0 	   0 	2.0694e-14 	   0 	   0 	2.9369e-14 	   0 	   0 	3.7847e-14 	   0 	   0 	4.7129e-14 	   0 	   0 	2.2759e-14 	   0 	   0 	8.4898e-15 	   0 	   0 	9.7653e-15 	 -4.1275e-17 	 3.727e-15 	7.5378e-15 	   0 	   0 	2.4113e-14 	   0 	   0 	
1.409e+04 	  0 	   0 	   0 	6.8334e-14 	   0 	   0 	1.0729e-13 	   0 	   0 	1.4245e-13 	   0 	   0 	9.064e-14 	   0 	   0 	3.4979e-18 	   0 	   0 	2.2467e-14 	   0 	   0 	5.9677e-14 	   0 	   0 	8.0155e-17 	   0 	   0 	1.0053e-14 	   0 	   0 	2.6522e-14 	   0 	   0 	2.1174e-14 	   0 	   0 	2.6562e-14 	   0 	   0 	1.5224e-15 	   0 	   0 	3.1168e-14 	 3.212e-15 	 -4.5618e-15 	3.9721e-17 	   0 	   0 	2.8531e-14 	   0 	   0 	2.2613e-14 	   0 	   0 	3.7233e-14 	   0 	   0 	1.1928e-14 	   0 	   0 	3.0301e-14 	   0 	   0 	2.6093e-14 	   0 	   0 	3.4176e-15 	   0 	   0 	6.274e-15 	   0 	   0 	3.4849e-14 	   0 	   0 	2.4543e-14 	   0 	   0 	9.9734e-15 	   0 	   0 	2.1505e-14 	   0 	   0 	1.8002e-15 	   0 	   0 	1.3302e-16 	   0 	   0 	
1.431e+04 	3.7713e-13 	   0 	   0 	  0 	   0 	   0 	  0 	   0 	   0 	5.4016e-14 	   0 	   0 	1.7063e-14 	   0 	   0 	1.269e-14 	   0 	   0 	6.4019e-14 	   0 	   0 	4.9284e-14 	   0 	   0 	7.3314e-14 	   0 	   0 	3.8136e-14 	   0 	   0 	4.5439e-14 	   0 	   0 	1.5656e-19 	   0 	   0 	7.4032e-16 	   0 	   0 	6.7867e-14 	   0 	   0 	2.2581e-14 	   0 	   0 	1.3395e-15 	   0 	   0 	7.2354e-15 	   0 	   0 	4.7192e-14 	   0 	   0 	3.7091e-14 	   0 	   0 	7.5108e-15 	   0 	   0 	1.4222e-14 	   0 	   0 	2.3945e-14 	   0 	   0 	1.5294e-14 	   0 	   0 	2.7836e-14 	   0 	   0 	4.7731e-14 	   0 	   0 	2.4008e-14 	   0 	   0 	1.1022e-14 	   0 	   0 	2.6996e-15 	   0 	   0 	1.5206e-14 	   0 	   0 	5.7298e-15 	   0 	   0 	
1.453e+04 	  0 	   0 	   0 	  0 	   0 	   0 	3.1915e-13 	 6.4658e-14 	 -5.8666e-14 	1.0551e-13 	   0 	   0 	2.8838e-14 	   0 	   0 	2.1994e-14 	   0 	   0 	1.3602e-16 	   0 	   0 	2.496e-18 	   0 	   0 	6.316e-14 	   0 	   0 	2.0521e-15 	   0 	   0 	3.8254e-14 	 -5.5387e-15 	 -1.8718e-15 	5.9774e-14 	 1.1035e-14 	 1.3696e-14 	4.5453e-14 	   0 	   0 	2.0053e-17 	   0 	   0 	2.7707e-17 	   0 	   0 	3.7811e-14 	   0 	   0 	8.7683e-15 	   0 	   0 	3.7351e-14 	   0 	   0 	1.3965e-14 	   0 	   0 	2.7076e-15 	   0 	   0 	1.7239e-14 	   0 	   0 	1.2064e-14 	   0 	   0 	2.7178e-14 	   0 	   0 	1.8277e-14 	   0 	   0 	1.6758e-14 	   0 	   0 	3.044e-14 	   0 	   0 	1.5105e-14 	   0 	   0 	1.1163e-14 	   0 	   0 	5.131e-15 	   0 	   0 	9.2533e-15 	   0 	   0 	
1.475e+04 	  0 	   0 	   0 	  0 	   0 	   0 	6.7253e-13 	 3.1787e-13 	 -1.9881e-14 	2.9825e-18 	   0 	   0 	1.6059e-16 	   0 	   0 	1.168e-13 	   0 	   0 	6.3946e-14 	 -1.972e-19 	 2.3712e-19 	9.8208e-14 	   0 	   0 	  0 	   0 	   0 	3.9499e-14 	   0 	   0 	3.6412e-14 	   0 	   0 	7.1982e-15 	   0 	   0 	2.6777e-14 	   0 	   0 	2.3202e-14 	   0 	   0 	2.58e-14 	   0 	   0 	1.4783e-14 	 1.2281e-18 	   0 	2.7711e-15 	   0 	   0 	5.534e-14 	   0 	   0 	4.2004e-14 	   0 	   0 	1.404e-14 	   0 	   0 	1.4832e-14 	   0 	   0 	3.0614e-14 	   0 	   0 	7.8103e-16 	   0 	   0 	3.4247e-15 	   0 	   0 	1.7731e-14 	   0 	   0 	6.8471e-15 	   0 	   0 	7.3512e-15 	   0 	   0 	9.7966e-15 	   0 	   0 	5.1382e-16 	   0 	   0 	7.7097e-15 	   0 	   0 	
1.497e+04 	  0 	   0 	   0 	3.9749e-13 	   0 	   0 	2.4926e-15 	   0 	   0 	8.1314e-14 	   0 	   0 	6.8047e-14 	   0 	   0 	1.8457e-13 	   0 	   0 	5.2028e-14 	   0 	   0 	1.9127e-16 	   0 	   0 	9.4664e-14 	   0 	   0 	1.8084e-14 	   0 	   0 	1.7605e-15 	   0 	   0 	8.5578e-15 	   0 	   0 	1.7342e-16 	   0 	   0 	1.0593e-14 	   0 	   0 	1.4573e-14 	   0 	   0 	1.9933e-14 	   0 	   0 	1.1162e-14 	   0 	   0 	5.3875e-14 	   0 	   0 	2.2449e-14 	   0 	   0 	2.9525e-14 	   0 	   0 	2.462e-14 	   0 	   0 	2.6636e-14 	   0 	   0 	3.6855e-15 	   0 	   0 	2.1043e-14 	   0 	   0 	1.5643e-14 	   0 	   0 	1.5747e-14 	   0 	   0 	1.8075e-14 	   0 	   0 	3.7571e-14 	   0 	   0 	1.6998e-14 	   0 	   0 	4.1575e-20 	   0 	   0 	
1.519e+04 	  0 	   0 	   0 	  0 	   0 	   0 	7.3149e-14 	   0 	   0 	4.0628e-13 	   0 	   0 	1.0184e-13 	   0 	   0 	1.2433e-13 	   0 	   0 	4.2519e-14 	 1.2231e-15 	 -6.0004e-15 	1.5155e-14 	   0 	   0 	1.4514e-15 	   0 	   0 	4.4426e-14 	   0 	   0 	4.8561e-14 	   0 	   0 	1.9244e-14 	 -3.6233e-19 	 1.1057e-18 	3.48e-14 	   0 	   0 	3.6059e-17 	   0 	   0 	5.3654e-14 	   0 	   0 	7.0293e-15 	   0 	   0 	1.6327e-15 	   0 	   0 	4.2469e-14 	   0 	   0 	6.076e-14 	   0 	   0 	1.94e-14 	 1.4213e-15 	 1.4899e-15 	3.5093e-14 	   0 	   0 	4.0824e-14 	   0 	   0 	2.3119e-14 	   0 	   0 	1.4252e-14 	   0 	   0 	2.24e-14 	   0 	   0 	4.2958e-15 	   0 	   0 	7.157e-19 	   0 	   0 	1.8607e-14 	   0 	   0 	2.9847e-14 	   0 	   0 	2.1594e-14 	   0 	   0 	
1.541e+04 	2.3466e-43 	   0 	   0 	8.9172e-14 	   0 	   0 	7.6453e-14 	   0 	   0 	8.5551e-16 	   0 	   0 	1.0714e-14 	   0 	   0 	9.0097e-15 	   0 	   0 	1.53e-18 	   0 	   0 	6.3559e-14 	   0 	   0 	6.8902e-17 	   0 	   0 	3.1691e-15 	   0 	   0 	7.4283e-19 	   0 	   0 	4.3216e-17 	   0 	   0 	1.1499e-14 	   0 	   0 	4.2557e-14 	   0 	   0 	3.2309e-15 	   0 	   0 	2.111e-14 	   0 	   0 	7.7137e-15 	   0 	   0 	1.8409e-14 	 -1.5921e-15 	 1.9185e-16 	1.6312e-14 	   0 	   0 	3.7588e-14 	   0 	   0 	2.2124e-16 	   0 	   0 	1.8815e-14 	   0 	   0 	1.8552e-15 	   0 	   0 	2.5643e-15 	   0 	   0 	3.3134e-14 	   0 	   0 	1.1441e-14 	   0 	   0 	1.8608e-14 	   0 	   0 	2.0792e-14 	   0 	   0 	8.7072e-15 	   0 	   0 	6.2537e-15 	   0 	   0 	
1.563e+04 	  0 	   0 	   0 	2.6706e-13 	   0 	   0 	5.1799e-14 	   0 	   0 	2.5385e-13 	   0 	   0 	7.759e-14 	   0 	   0 	6.6761e-14 	   0 	   0 	6.3237e-14 	   0 	   0 	3.7856e-14 	   0 	   0 	6.1025e-14 	   0 	   0 	4.3587e-14 	   0 	   0 	1.2886e-14 	   0 	   0 	2.9478e-14 	   0 	   0 	1.461e-14 	   0 	   0 	8.6648e-16 	   0 	   0 	3.7794e-14 	   0 	   0 	2.9071e-14 	   0 	   0 	9.1998e-15 	   0 	   0 	2.1063e-15 	   0 	   0 	1.6674e-14 	   0 	   0 	7.8914e-14 	 -6.5596e-15 	 -1.6036e-16 	2.2191e-14 	   0 	   0 	9.3003e-15 	   0 	   0 	5.469e-14 	   0 	   0 	1.9096e-14 	   0 	   0 	1.2438e-14 	   0 	   0 	9.0621e-15 	   0 	   0 	7.2435e-15 	   0 	   0 	8.4954e-15 	   0 	   0 	1.3682e-14 	   0 	   0 	3.3658e-14 	   0 	   0 	
1.585e+04 	  0 	   0 	   0 	1.1826e-13 	   0 	   0 	9.9e-15 	   0 	   0 	8.5044e-14 	   0 	   0 	1.2083e-13 	   0 	   0 	5.6631e-14 	   0 	   0 	4.2238e-18 	   0 	   0 	3.7022e-15 	   0 	   0 	4.0948e-19 	   0 	   0 	1.7382e-15 	   0 	   0 	2.624e-15 	 1.3535e-19 	 -9.3543e-20 	5.126e-14 	   0 	   0 	4.9709e-15 	   0 	   0 	3.2827e-17 	   0 	   0 	2.4712e-14 	   0 	   0 	9.1218e-16 	   0 	   0 	9.4651e-15 	   0 	   0 	6.1733e-15 	   0 	   0 	2.2253e-14 	   0 	   0 	1.6393e-14 	   0 	   0 	1.9968e-14 	   0 	   0 	2.976e-14 	   0 	   0 	2.504e-14 	   0 	   0 	3.6835e-15 	   0 	   0 	1.2807e-14 	   0 	   0 	6.7514e-15 	   0 	   0 	3.4122e-15 	   0 	   0 	1.7762e-14 	   0 	   0 	7.7728e-15 	   0 	   0 	1.1515e-14 	   0 	   0 	
1.607e+04 	  0 	   0 	   0 	7.6892e-14 	   0 	   0 	7.0128e-16 	   0 	   0 	8.6943e-14 	   0 	   0 	8.3271e-15 	   0 	   0 	4.1274e-14 	 -1.65e-15 	 9.6284e-16 	4.4247e-14 	   0 	   0 	6.4289e-14 	   0 	   0 	4.0358e-14 	   0 	   0 	9.76e-15 	   0 	   0 	5.0278e-14 	 6.3203e-16 	 9.3249e-16 	8.2884e-16 	   0 	   0 	3.9439e-14 	   0 	   0 	1.9515e-15 	   0 	   0 	2.6354e-14 	   0 	   0 	4.4415e-14 	   0 	   0 	5.6482e-15 	   0 	   0 	4.6263e-14 	   0 	   0 	3.8701e-14 	   0 	   0 	2.2269e-14 	   0 	   0 	3.1106e-14 	   0 	   0 	2.245e-14 	   0 	   0 	7.4609e-16 	   0 	   0 	2.0884e-14 	   0 	   0 	4.9837e-14 	   0 	   0 	1.815e-14 	   0 	   0 	1.0728e-14 	   0 	   0 	8.458e-15 	   0 	   0 	2.4853e-15 	   0 	   0 	1.5596e-15 	   0 	   0 	
1.629e+04 	  0 	   0 	   0 	7.0894e-13 	   0 	   0 	3.638e-13 	   0 	   0 	2.6624e-14 	   0 	   0 	1.945e-14 	   0 	   0 	4.2335e-14 	   0 	   0 	4.3299e-14 	   0 	   0 	7.1443e-14 	   0 	   0 	4.9316e-14 	 -5.5884e-19 	 6.1058e-19 	4.1562e-15 	   0 	   0 	3.3744e-14 	   0 	   0 	1.8817e-14 	   0 	   0 	7.2237e-14 	   0 	   0 	2.6639e-15 	   0 	   0 	1.4137e-14 	   0 	   0 	3.4381e-14 	   0 	   0 	4.1518e-14 	   0 	   0 	4.5113e-14 	   0 	   0 	5.9193e-15 	   0 	   0 	2.3688e-14 	   0 	   0 	1.3736e-14 	   0 	   0 	2.754e-14 	   0 	   0 	2.0992e-14 	   0 	   0 	3.9955e-15 	   0 	   0 	4.0132e-15 	   0 	   0 	3.1499e-14 	   0 	   0 	9.2154e-15 	   0 	   0 	9.2926e-20 	   0 	   0 	3.4896e-14 	   0 	   0 	2.4562e-14 	   0 	   0 	
1.651e+04 	6.7479e-15 	   0 	   0 	1.2887e-13 	   0 	   0 	1.4912e-16 	   0 	   0 	1.4356e-13 	   0 	   0 	2.8436e-14 	   0 	   0 	2.4137e-14 	   0 	   0 	4.3071e-16 	   0 	   0 	6.832e-14 	   0 	   0 	2.3031e-16 	   0 	   0 	1.7982e-14 	   0 	   0 	1.7635e-14 	   0 	   0 	7.169e-14 	   0 	   0 	1.6027e-15 	   0 	   0 	2.7343e-14 	   0 	   0 	3.0723e-14 	   0 	   0 	1.4034e-14 	   0 	   0 	2.5496e-15 	   0 	   0 	1.8808e-14 	   0 	   0 	9.397e-15 	   0 	   0 	6.7097e-15 	   0 	   0 	1.3044e-14 	   0 	   0 	2.3978e-14 	   0 	   0 	7.0512e-15 	   0 	   0 	8.9224e-16 	   0 	   0 	7.7617e-15 	   0 	   0 	1.9632e-14 	   0 	   0 	1.0269e-14 	   0 	   0 	1.6534e-14 	   0 	   0 	3.2078e-15 	   0 	   0 	2.0502e-14 	   0 	   0 	
1.673e+04 	4.2497e-17 	 -1.9821e-17 	 3.6288e-17 	  0 	   0 	   0 	1.4649e-14 	   0 	   0 	5.0716e-14 	   0 	   0 	8.9892e-18 	   0 	   0 	3.9988e-15 	   0 	   0 	4.4544e-15 	   0 	   0 	9.0489e-15 	   0 	   0 	2.4946e-15 	   0 	   0 	5.1378e-14 	   0 	   0 	2.1422e-14 	   0 	   0 	5.7001e-14 	   0 	   0 	3.7941e-14 	   0 	   0 	1.6841e-14 	   0 	   0 	2.4085e-14 	   0 	   0 	1.7098e-14 	   0 	   0 	2.6697e-14 	   0 	   0 	4.792e-14 	   0 	   0 	2.2963e-14 	   0 	   0 	1.5966e-18 	   0 	   0 	2.7747e-14 	   0 	   0 	5.8139e-14 	   0 	   0 	3.2583e-14 	   0 	   0 	3.6546e-14 	   0 	   0 	7.1291e-15 	   0 	   0 	2.846e-15 	   0 	   0 	2.7099e-14 	   0 	   0 	2.1546e-15 	   0 	   0 	5.2337e-15 	   0 	   0 	5.6966e-15 	   0 	   0 	
1.695e+04 	4.6021e-17 	 -3.4496e-17 	 3.0403e-17 	8.8475e-14 	   0 	   0 	6.933e-14 	   0 	   0 	1.0881e-13 	   0 	   0 	2.6036e-14 	   0 	   0 	1.5103e-13 	   0 	   0 	4.893e-14 	   0 	   0 	4.1025e-14 	   0 	   0 	9.821e-16 	   0 	   0 	1.325e-15 	   0 	   0 	3.8979e-14 	   0 	   0 	  0 	   0 	   0 	2.142e-14 	   0 	   0 	4.8001e-14 	 5.0227e-15 	 1.5234e-15 	3.472e-14 	   0 	   0 	1.3014e-14 	   0 	   0 	1.108e-13 	   0 	   0 	1.0473e-14 	   0 	   0 	2.6317e-14 	   0 	   0 	2.2121e-14 	   0 	   0 	1.6014e-14 	   0 	   0 	1.1358e-14 	   0 	   0 	4.9125e-15 	 -9.1015e-21 	 -7.9504e-21 	2.531e-14 	 2.5698e-16 	 4.0478e-17 	2.3837e-14 	   0 	   0 	6.6174e-15 	   0 	   0 	1.253e-14 	   0 	   0 	1.5324e-14 	   0 	   0 	4.8517e-15 	   0 	   0 	1.0361e-14 	   0 	   0 	
1.717e+04 	  0 	   0 	   0 	  0 	   0 	   0 	2.3972e-13 	 1.1757e-18 	   0 	1.1588e-17 	   0 	   0 	4.2489e-14 	   0 	   0 	1.1467e-13 	   0 	   0 	3.6177e-15 	   0 	   0 	2.9106e-15 	   0 	   0 	4.0876e-15 	   0 	   0 	7.4907e-14 	   0 	   0 	5.2019e-14 	   0 	   0 	2.0446e-14 	   0 	   0 	1.0209e-14 	   0 	   0 	7.514e-19 	   0 	   0 	8.8392e-15 	 -1.48e-21 	 -5.1302e-22 	3.5969e-14 	   0 	   0 	1.076e-15 	   0 	   0 	9.5427e-16 	   0 	   0 	2.2544e-14 	   0 	   0 	1.9972e-14 	   0 	   0 	6.2318e-15 	   0 	   0 	7.3567e-15 	   0 	   0 	4.1155e-14 	   0 	   0 	4.0926e-16 	   0 	   0 	5.1101e-15 	   0 	   0 	9.7322e-15 	   0 	   0 	1.2436e-14 	   0 	   0 	4.6785e-15 	   0 	   0 	1.9675e-14 	   0 	   0 	1.761e-14 	   0 	   0 	
1.739e+04 	  0 	   0 	   0 	3.192e-13 	   0 	   0 	4.6841e-15 	   0 	   0 	2.2203e-13 	   0 	   0 	1.7146e-14 	   0 	   0 	7.444e-14 	   0 	   0 	3.1221e-17 	   0 	   0 	1.8461e-15 	   0 	   0 	3.473e-14 	   0 	   0 	7.3291e-16 	   0 	   0 	1.7322e-14 	   0 	   0 	7.0128e-14 	   0 	   0 	2.3719e-17 	   0 	   0 	1.7087e-14 	   0 	   0 	9.5186e-15 	   0 	   0 	7.3065e-20 	   0 	   0 	1.9848e-14 	   0 	   0 	2.7775e-14 	   0 	   0 	1.9355e-14 	   0 	   0 	4.6137e-14 	   0 	   0 	1.1163e-14 	   0 	   0 	6.5512e-15 	   0 	   0 	1.575e-14 	   0 	   0 	8.5385e-15 	   0 	   0 	2.0914e-14 	   0 	   0 	1.0633e-14 	   0 	   0 	2.8711e-14 	   0 	   0 	3.7691e-15 	   0 	   0 	5.394e-15 	   0 	   0 	2.8047e-14 	 -3.0116e-15 	 -1.927e-15 	
1.761e+04 	  0 	   0 	   0 	  0 	   0 	   0 	7.2868e-14 	   0 	   0 	1.1396e-13 	   0 	   0 	6.405e-14 	   0 	   0 	1.8833e-13 	   0 	   0 	1.7908e-17 	   0 	   0 	2.3805e-14 	   0 	   0 	5.2748e-14 	   0 	   0 	6.701e-14 	   0 	   0 	3.4494e-14 	   0 	   0 	2.9373e-14 	   0 	   0 	1.851e-14 	   0 	   0 	7.6873e-15 	   0 	   0 	2.3931e-14 	   0 	   0 	9.1608e-17 	   0 	   0 	1.7342e-15 	   0 	   0 	8.334e-15 	   0 	   0 	4.5374e-16 	   0 	   0 	1.136e-16 	   0 	   0 	2.463e-14 	   0 	   0 	1.2682e-14 	   0 	   0 	2.6312e-14 	   0 	   0 	1.2249e-14 	   0 	   0 	2.7813e-14 	 -4.8742e-16 	 2.0362e-15 	2.5385e-14 	   0 	   0 	1.879e-14 	   0 	   0 	1.1896e-14 	   0 	   0 	1.8284e-14 	   0 	   0 	2.8835e-14 	   0 	   0 	
1.783e+04 	  0 	   0 	   0 	  0 	   0 	   0 	  0 	   0 	   0 	7.8823e-14 	   0 	   0 	2.0451e-13 	   0 	   0 	1.6697e-16 	 1.527e-19 	 -7.3605e-20 	6.0755e-16 	   0 	   0 	7.3088e-14 	   0 	   0 	4.8289e-14 	   0 	   0 	3.9312e-16 	   0 	   0 	9.867e-16 	   0 	   0 	4.6435e-14 	   0 	   0 	2.9961e-14 	   0 	   0 	1.8982e-14 	   0 	   0 	8.9649e-15 	   0 	   0 	1.8679e-15 	   0 	   0 	2.6653e-14 	   0 	   0 	2.2812e-14 	   0 	   0 	1.0846e-14 	 2.0998e-17 	 -3.1699e-17 	1.0768e-14 	   0 	   0 	1.7172e-14 	   0 	   0 	3.719e-15 	   0 	   0 	4.8624e-14 	   0 	   0 	6.2673e-15 	   0 	   0 	2.0223e-14 	   0 	   0 	3.3044e-16 	   0 	   0 	1.168e-14 	   0 	   0 	5.1288e-15 	   0 	   0 	3.0909e-14 	   0 	   0 	1.17e-14 	   0 	   0 	
1.805e+04 	5.0564e-13 	   0 	   0 	  0 	   0 	   0 	  0 	   0 	   0 	7.3373e-14 	   0 	   0 	1.0577e-16 	   0 	   0 	4.7229e-14 	   0 	   0 	5.8794e-17 	   0 	   0 	3.8334e-14 	   0 	   0 	6.4638e-14 	   0 	   0 	1.5405e-16 	   0 	   0 	6.0179e-16 	   0 	   0 	2.6136e-14 	   0 	   0 	4.8632e-14 	   0 	   0 	2.6931e-14 	   0 	   0 	1.2532e-14 	   0 	   0 	2.9828e-14 	   0 	   0 	9.8342e-15 	   0 	   0 	2.2775e-15 	   0 	   0 	3.2407e-14 	   0 	   0 	1.0389e-14 	   0 	   0 	2.3142e-14 	   0 	   0 	1.1355e-15 	   0 	   0 	9.124e-15 	   0 	   0 	5.6987e-15 	   0 	   0 	1.9224e-14 	   0 	   0 	2.6378e-14 	   0 	   0 	9.8509e-15 	   0 	   0 	3.32e-15 	   0 	   0 	2.7773e-14 	   0 	   0 	1.3877e-14 	   0 	   0 	
1.827e+04 	  0 	   0 	   0 	1.8115e-13 	   0 	   0 	  0 	   0 	   0 	1.7609e-13 	   0 	   0 	  0 	   0 	   0 	8.1983e-14 	   0 	   0 	  0 	   0 	   0 	2.1771e-15 	   0 	   0 	  0 	   0 	   0 	1.2176e-13 	   0 	   0 	  0 	   0 	   0 	8.4069e-15 	   0 	   0 	2.6828e-14 	   0 	   0 	4.9093e-15 	   0 	   0 	1.7885e-14 	   0 	   0 	7.7523e-14 	   0 	   0 	5.2308e-15 	   0 	   0 	2.1036e-14 	   0 	   0 	2.519e-14 	   0 	   0 	1.8846e-14 	   0 	   0 	1.0968e-14 	   0 	   0 	1.9885e-14 	   0 	   0 	5.0731e-14 	   0 	   0 	3.2975e-14 	   0 	   0 	3.2614e-14 	   0 	   0 	3.022e-14 	   0 	   0 	2.2175e-14 	   0 	   0 	7.1473e-16 	   0 	   0 	1.6073e-14 	   0 	   0 	1.0012e-14 	   0 	   0 	
1.849e+04 	  0 	   0 	   0 	  0 	   0 	   0 	  0 	   0 	   0 	2.0515e-13 	   0 	   0 	1.0035e-13 	   0 	   0 	5.0438e-14 	   0 	   0 	  0 	   0 	   0 	  0 	   0 	   0 	2.0392e-14 	   0 	   0 	1.8042e-14 	   0 	   0 	2.6444e-14 	   0 	   0 	3.1869e-14 	   0 	   0 	3.2438e-14 	   0 	   0 	1.6714e-14 	   0 	   0 	1.1347e-14 	   0 	   0 	3.1912e-14 	   0 	   0 	1.8417e-14 	   0 	   0 	8.8839e-15 	   0 	   0 	9.6973e-15 	   0 	   0 	5.2275e-15 	   0 	   0 	2.8783e-14 	   0 	   0 	9.6439e-16 	   0 	   0 	2.646e-14 	 3.9481e-16 	 -1.7988e-15 	9.1795e-15 	   0 	   0 	2.6116e-15 	   0 	   0 	3.5727e-19 	   0 	   0 	1.0251e-14 	   0 	   0 	2.365e-14 	   0 	   0 	1.2731e-14 	   0 	   0 	1.5525e-14 	 8.6314e-16 	 -1.8028e-15 	
1.871e+04 	  0 	   0 	   0 	  0 	   0 	   0 	4.0369e-13 	   0 	   0 	3.2411e-13 	   0 	   0 	1.6862e-14 	   0 	   0 	2.2675e-14 	   0 	   0 	  0 	   0 	   0 	1.734e-14 	   0 	   0 	2.1992e-15 	   0 	   0 	1.4768e-14 	   0 	   0 	1.4918e-15 	   0 	   0 	1.6784e-14 	   0 	   0 	  0 	   0 	   0 	1.0324e-18 	   0 	   0 	9.5944e-15 	   0 	   0 	3.2554e-18 	   0 	   0 	1.3053e-15 	   0 	   0 	3.5696e-14 	   0 	   0 	1.7236e-14 	   0 	   0 	1.9515e-14 	   0 	   0 	8.0632e-15 	   0 	   0 	3.1524e-16 	   0 	   0 	1.8769e-14 	   0 	   0 	2.4516e-14 	   0 	   0 	2.4538e-14 	   0 	   0 	3.804e-15 	   0 	   0 	2.4461e-14 	   0 	   0 	3.4411e-14 	   0 	   0 	1.0077e-14 	   0 	   0 	2.5126e-14 	   0 	   0 	
1.893e+04 	  0 	   0 	   0 	1.8599e-13 	   0 	   0 	  0 	   0 	   0 	2.3228e-14 	   0 	   0 	1.3492e-15 	   0 	   0 	1.0344e-13 	   0 	   0 	1.5607e-13 	   0 	   0 	9.6587e-14 	   0 	   0 	  0 	   0 	   0 	  0 	   0 	   0 	3.9667e-14 	   0 	   0 	8.8462e-16 	   0 	   0 	2.386e-14 	   0 	   0 	2.2379e-14 	 -4.0712e-18 	 -4.9101e-18 	2.9437e-14 	   0 	   0 	5.1359e-14 	   0 	   0 	6.6206e-15 	   0 	   0 	4.6934e-14 	   0 	   0 	3.1996e-14 	   0 	   0 	1.8943e-14 	   0 	   0 	2.4191e-14 	   0 	   0 	6.6444e-15 	   0 	   0 	1.2561e-14 	   0 	   0 	9.8384e-15 	   0 	   0 	8.3395e-15 	   0 	   0 	3.2338e-15 	   0 	   0 	1.9817e-15 	   0 	   0 	1.2157e-14 	   0 	   0 	3.2284e-14 	   0 	   0 	1.1232e-14 	   0 	   0 	
1.915e+04 	  0 	   0 	   0 	  0 	   0 	   0 	7.3636e-18 	   0 	   0 	1.0783e-13 	   0 	   0 	3.539e-18 	   0 	   0 	4.724e-14 	 -1.9555e-15 	 -1.1502e-16 	3.4249e-17 	   0 	   0 	2.8307e-14 	   0 	   0 	7.3306e-14 	   0 	   0 	2.0547e-16 	   0 	   0 	1.7884e-14 	   0 	   0 	2.8411e-14 	   0 	   0 	4.2714e-18 	   0 	   0 	1.0977e-14 	   0 	   0 	1.1015e-17 	   0 	   0 	2.4066e-14 	   0 	   0 	2.9658e-14 	   0 	   0 	2.102e-14 	   0 	   0 	1.3484e-14 	   0 	   0 	2.0054e-15 	   0 	   0 	1.2328e-14 	 -9.9297e-17 	 1.14e-17 	4.8263e-14 	   0 	   0 	1.9941e-14 	   0 	   0 	3.013e-14 	   0 	   0 	5.8054e-14 	   0 	   0 	1.4961e-14 	   0 	   0 	2.702e-14 	 7.4951e-16 	 1.8744e-15 	6.3693e-15 	   0 	   0 	1.8959e-15 	   0 	   0 	2.35e-14 	   0 	   0 	
1.937e+04 	5.2878e-17 	 -2.8828e-17 	 4.4282e-17 	  0 	   0 	   0 	1.2698e-13 	   0 	   0 	1.2119e-13 	   0 	   0 	2.2713e-14 	   0 	   0 	2.6152e-14 	   0 	   0 	  0 	   0 	   0 	7.5646e-20 	   0 	   0 	3.4027e-14 	   0 	   0 	2.6167e-18 	   0 	   0 	1.9975e-14 	   0 	   0 	1.3968e-19 	   0 	   0 	1.1824e-14 	   0 	   0 	2.3878e-14 	   0 	   0 	2.1692e-14 	   0 	   0 	1.5609e-14 	   0 	   0 	7.0322e-15 	   0 	   0 	4.7297e-15 	   0 	   0 	2.4025e-14 	   0 	   0 	4.9209e-14 	   0 	   0 	6.5807e-15 	   0 	   0 	5.7674e-14 	   0 	   0 	1.2019e-14 	   0 	   0 	1.4653e-14 	   0 	   0 	1.4407e-14 	   0 	   0 	2.3218e-14 	   0 	   0 	1.8825e-14 	   0 	   0 	1.0036e-14 	   0 	   0 	1.8863e-14 	   0 	   0 	1.7036e-14 	   0 	   0 	
1.959e+04 	  0 	   0 	   0 	  0 	   0 	   0 	9.641e-15 	   0 	   0 	9.8141e-14 	   0 	   0 	2.6826e-15 	   0 	   0 	  0 	   0 	   0 	2.4042e-16 	   0 	   0 	2.3486e-17 	   0 	   0 	1.5903e-18 	   0 	   0 	6.4028e-14 	   0 	   0 	1.4999e-14 	   0 	   0 	1.7414e-14 	   0 	   0 	5.4139e-14 	   0 	   0 	2.7236e-14 	   0 	   0 	3.0755e-14 	   0 	   0 	4.1431e-14 	   0 	   0 	6.7893e-17 	   0 	   0 	2.3833e-15 	   0 	   0 	1.5228e-14 	   0 	   0 	3.5253e-14 	 -1.7234e-15 	 -1.3624e-15 	4.7814e-15 	   0 	   0 	4.2343e-14 	   0 	   0 	1.625e-14 	   0 	   0 	2.3276e-14 	   0 	   0 	3.5759e-16 	   0 	   0 	1.6383e-14 	   0 	   0 	9.8723e-15 	   0 	   0 	1.9285e-14 	   0 	   0 	1.9191e-15 	   0 	   0 	8.2229e-15 	   0 	   0 	
1.981e+04 	  0 	   0 	   0 	  0 	   0 	   0 	  0 	   0 	   0 	  0 	   0 	   0 	9.9938e-14 	   0 	   0 	3.4656e-14 	   0 	   0 	3.175e-14 	   0 	   0 	2.728e-18 	   0 	   0 	2.0809e-18 	 -1.4882e-19 	 -1.048e-18 	3.7831e-14 	 -1.5081e-20 	 9.7742e-21 	2.9171e-15 	   0 	   0 	9.3438e-17 	   0 	   0 	3.1504e-14 	   0 	   0 	3.2157e-14 	   0 	   0 	4.479e-14 	   0 	   0 	7.5006e-15 	   0 	   0 	9.3138e-15 	   0 	   0 	2.2822e-14 	   0 	   0 	6.471e-16 	   0 	   0 	5.49e-15 	   0 	   0 	2.463e-14 	   0 	   0 	5.8956e-15 	   0 	   0 	1.0836e-14 	   0 	   0 	3.0656e-14 	   0 	   0 	1.6712e-14 	   0 	   0 	2.9839e-14 	   0 	   0 	2.8393e-14 	   0 	   0 	2.073e-14 	   0 	   0 	1.1695e-14 	   0 	   0 	8.4548e-15 	   0 	   0 	
2.003e+04 	  0 	   0 	   0 	  0 	   0 	   0 	  0 	   0 	   0 	1.8686e-14 	   0 	   0 	1.2951e-15 	   0 	   0 	4.9601e-15 	   0 	   0 	1.2395e-13 	 -2.0729e-14 	 -1.1649e-14 	5.6544e-14 	   0 	   0 	6.5123e-15 	   0 	   0 	1.0797e-14 	   0 	   0 	2.6907e-15 	   0 	   0 	1.5568e-14 	   0 	   0 	4.7846e-14 	   0 	   0 	1.7568e-14 	   0 	   0 	5.3711e-15 	   0 	   0 	1.7317e-14 	   0 	   0 	1.087e-14 	   0 	   0 	2.2465e-14 	   0 	   0 	2.125e-14 	   0 	   0 	3.0421e-14 	   0 	   0 	1.1564e-14 	 1.8472e-15 	   0 	1.2952e-14 	   0 	   0 	1.4318e-14 	   0 	   0 	3.3086e-14 	   0 	   0 	4.1627e-15 	   0 	   0 	1.3315e-14 	   0 	   0 	3.1436e-14 	   0 	   0 	4.3714e-14 	 1.8431e-15 	 -2.9354e-15 	2.4096e-15 	   0 	   0 	1.5678e-14 	   0 	   0 	
2.025e+04 	  0 	   0 	   0 	  0 	   0 	   0 	1.9044e-13 	   0 	   0 	1.3093e-14 	   0 	   0 	  0 	   0 	   0 	  0 	   0 	   0 	6.3954e-14 	   0 	   0 	1.2067e-14 	   0 	   0 	4.3494e-15 	   0 	   0 	1.2309e-14 	   0 	   0 	2.3139e-19 	   0 	   0 	  0 	   0 	   0 	7.3886e-16 	   0 	   0 	2.295e-14 	   0 	   0 	2.6079e-17 	   0 	   0 	1.9363e-14 	   0 	   0 	2.5385e-14 	   0 	   0 	2.4912e-14 	   0 	   0 	4.2131e-14 	   0 	   0 	3.9571e-14 	   0 	   0 	2.4497e-15 	   0 	   0 	1.3996e-14 	   0 	   0 	2.2773e-14 	   0 	   0 	7.0804e-15 	   0 	   0 	1.8328e-14 	   0 	   0 	1.5047e-14 	   0 	   0 	2.2657e-14 	   0 	   0 	9.822e-15 	   0 	   0 	1.2058e-14 	   0 	   0 	9.0094e-15 	   0 	   0 	
2.047e+04 	  0 	   0 	   0 	  0 	   0 	   0 	  0 	   0 	   0 	1.8881e-14 	   0 	   0 	8.9156e-14 	   0 	   0 	3.9212e-14 	   0 	   0 	5.8545e-14 	   0 	   0 	2.2407e-14 	   0 	   0 	4.9846e-15 	   0 	   0 	4.1335e-14 	   0 	   0 	7.4952e-16 	   0 	   0 	  0 	   0 	   0 	4.2982e-14 	   0 	   0 	4.875e-14 	   0 	   0 	3.2459e-14 	   0 	   0 	8.1709e-17 	   0 	   0 	1.0686e-14 	   0 	   0 	1.9082e-14 	   0 	   0 	9.0247e-15 	   0 	   0 	9.1377e-15 	   0 	   0 	4.3431e-16 	   0 	   0 	2.6386e-14 	   0 	   0 	4.3579e-14 	   0 	   0 	3.4212e-14 	   0 	   0 	1.2394e-14 	   0 	   0 	1.1911e-14 	   0 	   0 	1.879e-14 	   0 	   0 	3.4597e-15 	   0 	   0 	2.8204e-15 	   0 	   0 	1.0053e-14 	   0 	   0 	
2.069e+04 	  0 	   0 	   0 	  0 	   0 	   0 	  0 	   0 	   0 	1.3185e-13 	   0 	   0 	1.7482e-13 	   0 	   0 	2.4609e-15 	   0 	   0 	3.4114e-14 	   0 	   0 	4.1842e-15 	   0 	   0 	1.3611e-18 	   0 	   0 	5.1158e-15 	   0 	   0 	2.3167e-20 	   0 	   0 	1.0949e-14 	   0 	   0 	3.9541e-14 	   0 	   0 	4.7132e-15 	   0 	   0 	2.9877e-14 	   0 	   0 	1.772e-14 	   0 	   0 	7.8168e-15 	   0 	   0 	9.6244e-15 	   0 	   0 	6.4421e-15 	   0 	   0 	1.1365e-16 	   0 	   0 	7.7022e-15 	   0 	   0 	2.7786e-14 	   0 	   0 	1.1021e-15 	   0 	   0 	1.1554e-14 	   0 	   0 	2.1233e-14 	   0 	   0 	1.9172e-14 	   0 	   0 	1.6451e-15 	   0 	   0 	1.684e-14 	   0 	   0 	1.4589e-14 	   0 	   0 	1.1036e-15 	   0 	   0 	
2.091e+04 	  0 	   0 	   0 	  0 	   0 	   0 	2.2303e-14 	   0 	   0 	2.1016e-13 	   0 	   0 	4.3471e-15 	   0 	   0 	3.5261e-16 	   0 	   0 	1.9733e-14 	   0 	   0 	9.2643e-14 	   0 	   0 	7.9361e-15 	   0 	   0 	3.2141e-14 	   0 	   0 	4.3235e-15 	   0 	   0 	9.5511e-15 	   0 	   0 	2.8242e-14 	   0 	   0 	4.8577e-14 	   0 	   0 	7.1866e-14 	   0 	   0 	2.0616e-15 	   0 	   0 	1.2595e-14 	   0 	   0 	1.0794e-14 	   0 	   0 	1.0482e-14 	   0 	   0 	4.6952e-14 	   0 	   0 	2.1074e-19 	   0 	   0 	6.5997e-15 	   0 	   0 	4.3788e-15 	   0 	   0 	1.5269e-14 	   0 	   0 	1.0482e-14 	   0 	   0 	5.5279e-15 	   0 	   0 	2.3918e-15 	   0 	   0 	1.2198e-14 	   0 	   0 	2.2524e-14 	   0 	   0 	3.8325e-15 	   0 	   0 	
2.113e+04 	  0 	   0 	   0 	  0 	   0 	   0 	  0 	   0 	   0 	9.8009e-14 	   0 	   0 	1.0266e-13 	   0 	   0 	  0 	   0 	   0 	5.1481e-14 	   0 	   0 	1.8288e-15 	   0 	   0 	  0 	   0 	   0 	1.5643e-15 	   0 	   0 	1.8947e-14 	   0 	   0 	2.4541e-16 	   0 	   0 	2.7852e-14 	   0 	   0 	  0 	   0 	   0 	2.1664e-14 	   0 	   0 	2.1783e-15 	   0 	   0 	7.1263e-15 	   0 	   0 	1.026e-14 	   0 	   0 	1.0743e-14 	   0 	   0 	6.6122e-15 	   0 	   0 	1.0427e-14 	   0 	   0 	2.8042e-14 	   0 	   0 	1.3269e-14 	   0 	   0 	1.361e-14 	   0 	   0 	1.6198e-14 	   0 	   0 	1.7107e-14 	   0 	   0 	7.394e-15 	   0 	   0 	1.9916e-14 	   0 	   0 	1.2524e-14 	   0 	   0 	1.5582e-15 	   0 	   0 	
2.135e+04 	  0 	   0 	   0 	  0 	   0 	   0 	1.3737e-12 	   0 	   0 	8.7107e-17 	   0 	   0 	  0 	   0 	   0 	  0 	   0 	   0 	2.4845e-14 	 -5.2654e-15 	 -1.4936e-14 	1.0748e-13 	   0 	   0 	1.1634e-15 	   0 	   0 	2.5456e-14 	   0 	   0 	2.6398e-18 	   0 	   0 	8.8906e-17 	   0 	   0 	3.044e-14 	   0 	   0 	4.1983e-14 	   0 	   0 	4.5789e-14 	   0 	   0 	4.3959e-15 	   0 	   0 	5.4227e-16 	   0 	   0 	2.4189e-14 	   0 	   0 	1.8993e-14 	   0 	   0 	1.549e-14 	   0 	   0 	1.702e-15 	   0 	   0 	1.2265e-14 	   0 	   0 	3.8414e-16 	   0 	   0 	3.0844e-15 	   0 	   0 	4.5862e-14 	   0 	   0 	2.2414e-14 	   0 	   0 	4.7616e-15 	   0 	   0 	1.0503e-14 	   0 	   0 	1.2239e-14 	   0 	   0 	7.88e-15 	   0 	   0 	
2.157e+04 	  0 	   0 	   0 	  0 	   0 	   0 	  0 	   0 	   0 	  0 	   0 	   0 	  0 	   0 	   0 	9.9386e-15 	   0 	   0 	4.7812e-14 	   0 	   0 	3.5832e-14 	   0 	   0 	1.0992e-15 	   0 	   0 	1.4596e-15 	   0 	   0 	2.291e-14 	   0 	   0 	5.8031e-14 	   0 	   0 	2.0853e-15 	   0 	   0 	3.8165e-19 	   0 	   0 	1.0884e-18 	   0 	   0 	3.2073e-14 	   0 	   0 	1.0216e-14 	   0 	   0 	1.1087e-14 	   0 	   0 	3.1127e-14 	   0 	   0 	8.1411e-15 	   0 	   0 	1.1852e-14 	   0 	   0 	4.4098e-15 	   0 	   0 	7.5754e-15 	   0 	   0 	9.6204e-15 	   0 	   0 	1.1702e-14 	   0 	   0 	1.3067e-14 	   0 	   0 	4.039e-16 	   0 	   0 	4.3882e-15 	   0 	   0 	5.9266e-15 	   0 	   0 	1.2724e-15 	   0 	   0 	
2.179e+04 	  0 	   0 	   0 	  0 	   0 	   0 	1.6787e-13 	   0 	   0 	1.506e-15 	   0 	   0 	2.3827e-25 	   0 	   0 	3.4272e-15 	   0 	   0 	1.4839e-14 	   0 	   0 	9.3488e-14 	 2.5791e-14 	 2.1239e-14 	3.5497e-14 	   0 	   0 	2.6185e-15 	   0 	   0 	1.5776e-14 	   0 	   0 	2.7432e-15 	   0 	   0 	1.6797e-14 	   0 	   0 	2.463e-14 	   0 	   0 	5.2372e-15 	   0 	   0 	1.301e-15 	   0 	   0 	4.4401e-15 	   0 	   0 	4.2388e-15 	   0 	   0 	1.5704e-16 	   0 	   0 	1.4959e-14 	   0 	   0 	1.2937e-14 	 -6.8032e-16 	 1.2079e-15 	1.2467e-14 	   0 	   0 	4.159e-15 	   0 	   0 	3.8101e-14 	   0 	   0 	8.8353e-15 	   0 	   0 	5.2161e-16 	   0 	   0 	1.2952e-19 	   0 	   0 	7.4223e-18 	   0 	   0 	6.5725e-15 	   0 	   0 	1.7237e-18 	   0 	   0 	
2.201e+04 	  0 	   0 	   0 	  0 	   0 	   0 	  0 	   0 	   0 	  0 	   0 	   0 	1.0888e-13 	   0 	   0 	  0 	   0 	   0 	7.783e-14 	   0 	   0 	4.7195e-14 	   0 	   0 	1.2611e-14 	   0 	   0 	4.2428e-17 	   0 	   0 	7.8397e-14 	   0 	   0 	1.4128e-14 	   0 	   0 	8.6865e-15 	   0 	   0 	  0 	   0 	   0 	3.079e-14 	   0 	   0 	2.706e-14 	   0 	   0 	3.2266e-14 	   0 	   0 	1.4926e-14 	   0 	   0 	1.7963e-16 	   0 	   0 	6.4875e-14 	   0 	   0 	2.6154e-16 	   0 	   0 	2.1459e-14 	 -2.9698e-15 	 1.7829e-15 	1.1422e-14 	   0 	   0 	9.4558e-15 	   0 	   0 	6.0161e-15 	   0 	   0 	7.7361e-15 	   0 	   0 	1.1604e-14 	   0 	   0 	1.5933e-15 	   0 	   0 	9.9039e-15 	   0 	   0 	2.1523e-14 	   0 	   0 	
2.223e+04 	  0 	   0 	   0 	  0 	   0 	   0 	  0 	   0 	   0 	3.508e-15 	   0 	   0 	6.4724e-14 	   0 	   0 	1.5337e-14 	   0 	   0 	3.2627e-14 	   0 	   0 	1.3265e-16 	   0 	   0 	  0 	   0 	   0 	2.8103e-17 	   0 	   0 	5.3535e-15 	 -1.0321e-18 	 1.238e-19 	4.0559e-14 	   0 	   0 	1.4362e-14 	 -5.954e-15 	 -1.5225e-15 	3.447e-17 	   0 	   0 	2.1259e-14 	   0 	   0 	1.9282e-14 	   0 	   0 	6.5719e-15 	   0 	   0 	8.7556e-15 	   0 	   0 	4.0093e-15 	   0 	   0 	1.2269e-16 	   0 	   0 	8.6662e-15 	   0 	   0 	2.7126e-14 	   0 	   0 	1.209e-14 	   0 	   0 	5.3058e-15 	   0 	   0 	1.966e-14 	   0 	   0 	2.6786e-14 	   0 	   0 	6.2385e-15 	   0 	   0 	2.6045e-14 	   0 	   0 	6.9622e-15 	   0 	   0 	6.2037e-15 	   0 	   0 	
2.245e+04 	  0 	   0 	   0 	  0 	   0 	   0 	1.8552e-13 	   0 	   0 	2.1931e-14 	   0 	   0 	6.9101e-15 	   0 	   0 	  0 	   0 	   0 	5.1626e-14 	   0 	   0 	  0 	   0 	   0 	2.42e-16 	   0 	   0 	  0 	   0 	   0 	5.3521e-16 	   0 	   0 	3.8598e-14 	 4.1572e-16 	 3.5694e-16 	1.5805e-19 	   0 	   0 	2.7326e-14 	   0 	   0 	4.5679e-14 	   0 	   0 	4.4918e-14 	   0 	   0 	3.9385e-16 	 -1.319e-16 	 -5.6873e-18 	8.3714e-15 	   0 	   0 	1.1808e-15 	   0 	   0 	6.3932e-15 	   0 	   0 	1.2685e-14 	   0 	   0 	1.2123e-14 	   0 	   0 	5.7032e-15 	   0 	   0 	2.9535e-15 	   0 	   0 	2.2037e-14 	   0 	   0 	2.1483e-14 	   0 	   0 	2.6827e-14 	   0 	   0 	4.5671e-15 	   0 	   0 	5.7082e-15 	   0 	   0 	  0 	   0 	   0 	
2.267e+04 	4.4721e-13 	   0 	   0 	  0 	   0 	   0 	9.543e-14 	   0 	   0 	2.8308e-16 	   0 	   0 	4.2201e-15 	   0 	   0 	  0 	   0 	   0 	1.24e-14 	   0 	   0 	1.0502e-14 	   0 	   0 	3.4116e-15 	   0 	   0 	4.678e-17 	   0 	   0 	  0 	   0 	   0 	9.9455e-14 	   0 	   0 	1.0633e-14 	   0 	   0 	1.7725e-17 	   0 	   0 	7.8557e-18 	   0 	   0 	3.4522e-15 	   0 	   0 	1.1259e-16 	   0 	   0 	4.3217e-16 	   0 	   0 	1.5474e-15 	   0 	   0 	2.9659e-15 	   0 	   0 	1.3699e-14 	   0 	   0 	1.3767e-14 	   0 	   0 	1.3607e-14 	   0 	   0 	4.4908e-15 	   0 	   0 	1.2186e-15 	   0 	   0 	3.333e-15 	   0 	   0 	1.2786e-14 	   0 	   0 	1.8812e-14 	   0 	   0 	9.4678e-15 	   0 	   0 	1.0949e-14 	   0 	   0 	
2.289e+04 	  0 	   0 	   0 	  0 	   0 	   0 	5.1209e-13 	   0 	   0 	2.6821e-15 	   0 	   0 	2.0651e-13 	   0 	   0 	1.0201e-14 	   0 	   0 	3.5171e-17 	   0 	   0 	4.5384e-14 	   0 	   0 	1.7142e-14 	   0 	   0 	8.2852e-17 	   0 	   0 	2.2219e-19 	   0 	   0 	1.2802e-17 	   0 	   0 	6.5828e-16 	   0 	   0 	2.9072e-14 	   0 	   0 	2.0078e-17 	   0 	   0 	1.1146e-14 	   0 	   0 	1.3332e-14 	   0 	   0 	1.3015e-14 	   0 	   0 	2.2111e-14 	   0 	   0 	1.3827e-14 	   0 	   0 	4.0677e-14 	   0 	   0 	3.1038e-15 	   0 	   0 	7.6745e-15 	   0 	   0 	2.5581e-14 	   0 	   0 	1.6584e-14 	   0 	   0 	2.5246e-15 	   0 	   0 	3.022e-15 	   0 	   0 	2.6629e-14 	   0 	   0 	1.0837e-14 	   0 	   0 	3.5934e-15 	   0 	   0 	
